Timeslice,Start_NS,End_NS,Metric,Unit,Stat,Value
0,1789646388411513856,1789646398411513856,Active Decode Throughput,tokens/sec,avg,0.85
0,1789646388411513856,1789646398411513856,Active Decode Throughput,tokens/sec,min,0.57
0,1789646388411513856,1789646398411513856,Active Decode Throughput,tokens/sec,max,3.00
0,1789646388411513856,1789646398411513856,Active Decode Throughput,tokens/sec,p50,0.77
0,1789646388411513856,1789646398411513856,Active Decode Throughput,tokens/sec,p90,0.77
0,1789646388411513856,1789646398411513856,Active Decode Throughput,tokens/sec,p95,0.77
0,1789646388411513856,1789646398411513856,Active Decode Throughput,tokens/sec,p99,2.49
0,1789646388411513856,1789646398411513856,Active Decode Throughput,tokens/sec,std,0.36
0,1789646388411513856,1789646398411513856,Active Decode Throughput Per User,tokens/sec/user,avg,0.17
0,1789646388411513856,1789646398411513856,Active Decode Throughput Per User,tokens/sec/user,min,0.05
0,1789646388411513856,1789646398411513856,Active Decode Throughput Per User,tokens/sec/user,max,2.49
0,1789646388411513856,1789646398411513856,Active Decode Throughput Per User,tokens/sec/user,p50,0.05
0,1789646388411513856,1789646398411513856,Active Decode Throughput Per User,tokens/sec/user,p90,0.05
0,1789646388411513856,1789646398411513856,Active Decode Throughput Per User,tokens/sec/user,p95,0.05
0,1789646388411513856,1789646398411513856,Active Decode Throughput Per User,tokens/sec/user,p99,2.49
0,1789646388411513856,1789646398411513856,Active Decode Throughput Per User,tokens/sec/user,std,0.52
0,1789646388411513856,1789646398411513856,Active Prefill Throughput,tokens/sec,avg,2519.48
0,1789646388411513856,1789646398411513856,Active Prefill Throughput,tokens/sec,min,859.05
0,1789646388411513856,1789646398411513856,Active Prefill Throughput,tokens/sec,max,23766.74
0,1789646388411513856,1789646398411513856,Active Prefill Throughput,tokens/sec,p50,859.05
0,1789646388411513856,1789646398411513856,Active Prefill Throughput,tokens/sec,p90,859.05
0,1789646388411513856,1789646398411513856,Active Prefill Throughput,tokens/sec,p95,20456.53
0,1789646388411513856,1789646398411513856,Active Prefill Throughput,tokens/sec,p99,23766.74
0,1789646388411513856,1789646398411513856,Active Prefill Throughput,tokens/sec,std,5684.34
0,1789646388411513856,1789646398411513856,Active Prefill Throughput Per User,tokens/sec/user,avg,101.58
0,1789646388411513856,1789646398411513856,Active Prefill Throughput Per User,tokens/sec/user,min,50.53
0,1789646388411513856,1789646398411513856,Active Prefill Throughput Per User,tokens/sec/user,max,1877.12
0,1789646388411513856,1789646398411513856,Active Prefill Throughput Per User,tokens/sec/user,p50,50.53
0,1789646388411513856,1789646398411513856,Active Prefill Throughput Per User,tokens/sec/user,p90,50.53
0,1789646388411513856,1789646398411513856,Active Prefill Throughput Per User,tokens/sec/user,p95,659.89
0,1789646388411513856,1789646398411513856,Active Prefill Throughput Per User,tokens/sec/user,p99,742.71
0,1789646388411513856,1789646398411513856,Active Prefill Throughput Per User,tokens/sec/user,std,174.69
0,1789646388411513856,1789646398411513856,Active Total Throughput,tokens/sec,avg,2767.31
0,1789646388411513856,1789646398411513856,Active Total Throughput,tokens/sec,min,1127.31
0,1789646388411513856,1789646398411513856,Active Total Throughput,tokens/sec,max,23766.74
0,1789646388411513856,1789646398411513856,Active Total Throughput,tokens/sec,p50,1127.31
0,1789646388411513856,1789646398411513856,Active Total Throughput,tokens/sec,p90,1127.31
0,1789646388411513856,1789646398411513856,Active Total Throughput,tokens/sec,p95,20474.17
0,1789646388411513856,1789646398411513856,Active Total Throughput,tokens/sec,p99,23766.74
0,1789646388411513856,1789646398411513856,Active Total Throughput,tokens/sec,std,5614.72
0,1789646388411513856,1789646398411513856,Benchmark Duration,sec,avg,29.66
0,1789646388411513856,1789646398411513856,Decode Duration,ms,avg,17428.97
0,1789646388411513856,1789646398411513856,Decode Duration,ms,min,7429.01
0,1789646388411513856,1789646398411513856,Decode Duration,ms,max,28981.81
0,1789646388411513856,1789646398411513856,Decode Duration,ms,sum,557727.00
0,1789646388411513856,1789646398411513856,Decode Duration,ms,p1,7429.04
0,1789646388411513856,1789646398411513856,Decode Duration,ms,p5,7521.85
0,1789646388411513856,1789646398411513856,Decode Duration,ms,p10,7597.78
0,1789646388411513856,1789646398411513856,Decode Duration,ms,p25,7597.90
0,1789646388411513856,1789646398411513856,Decode Duration,ms,p50,7750.92
0,1789646388411513856,1789646398411513856,Decode Duration,ms,p75,28545.18
0,1789646388411513856,1789646398411513856,Decode Duration,ms,p90,28545.25
0,1789646388411513856,1789646398411513856,Decode Duration,ms,p95,28545.30
0,1789646388411513856,1789646398411513856,Decode Duration,ms,p99,28846.49
0,1789646388411513856,1789646398411513856,Decode Duration,ms,std,10468.38
0,1789646388411513856,1789646398411513856,E2E Output Token Throughput,tokens/sec/user,avg,17.40
0,1789646388411513856,1789646398411513856,E2E Output Token Throughput,tokens/sec/user,min,17.26
0,1789646388411513856,1789646398411513856,E2E Output Token Throughput,tokens/sec/user,max,17.47
0,1789646388411513856,1789646398411513856,E2E Output Token Throughput,tokens/sec/user,sum,556.84
0,1789646388411513856,1789646398411513856,E2E Output Token Throughput,tokens/sec/user,p1,17.26
0,1789646388411513856,1789646398411513856,E2E Output Token Throughput,tokens/sec/user,p5,17.31
0,1789646388411513856,1789646398411513856,E2E Output Token Throughput,tokens/sec/user,p10,17.35
0,1789646388411513856,1789646398411513856,E2E Output Token Throughput,tokens/sec/user,p25,17.35
0,1789646388411513856,1789646398411513856,E2E Output Token Throughput,tokens/sec/user,p50,17.45
0,1789646388411513856,1789646398411513856,E2E Output Token Throughput,tokens/sec/user,p75,17.45
0,1789646388411513856,1789646398411513856,E2E Output Token Throughput,tokens/sec/user,p90,17.45
0,1789646388411513856,1789646398411513856,E2E Output Token Throughput,tokens/sec/user,p95,17.46
0,1789646388411513856,1789646398411513856,E2E Output Token Throughput,tokens/sec/user,p99,17.46
0,1789646388411513856,1789646398411513856,E2E Output Token Throughput,tokens/sec/user,std,0.06
0,1789646388411513856,1789646398411513856,Effective Concurrency,requests,avg,32.00
0,1789646388411513856,1789646398411513856,Effective Concurrency,requests,min,1.00
0,1789646388411513856,1789646398411513856,Effective Concurrency,requests,max,32.00
0,1789646388411513856,1789646398411513856,Effective Concurrency,requests,p50,32.00
0,1789646388411513856,1789646398411513856,Effective Concurrency,requests,p90,32.00
0,1789646388411513856,1789646398411513856,Effective Concurrency,requests,p95,32.00
0,1789646388411513856,1789646398411513856,Effective Concurrency,requests,p99,32.00
0,1789646388411513856,1789646398411513856,Effective Concurrency,requests,std,0.21
0,1789646388411513856,1789646398411513856,Effective Decode Concurrency,requests,avg,13.86
0,1789646388411513856,1789646398411513856,Effective Decode Concurrency,requests,min,0.00
0,1789646388411513856,1789646398411513856,Effective Decode Concurrency,requests,max,15.00
0,1789646388411513856,1789646398411513856,Effective Decode Concurrency,requests,p50,15.00
0,1789646388411513856,1789646398411513856,Effective Decode Concurrency,requests,p90,15.00
0,1789646388411513856,1789646398411513856,Effective Decode Concurrency,requests,p95,15.00
0,1789646388411513856,1789646398411513856,Effective Decode Concurrency,requests,p99,15.00
0,1789646388411513856,1789646398411513856,Effective Decode Concurrency,requests,std,3.90
0,1789646388411513856,1789646398411513856,Effective Decode Throughput,tokens/sec,avg,0.82
0,1789646388411513856,1789646398411513856,Effective Decode Throughput,tokens/sec,min,0.00
0,1789646388411513856,1789646398411513856,Effective Decode Throughput,tokens/sec,max,3.00
0,1789646388411513856,1789646398411513856,Effective Decode Throughput,tokens/sec,p50,0.77
0,1789646388411513856,1789646398411513856,Effective Decode Throughput,tokens/sec,p90,0.77
0,1789646388411513856,1789646398411513856,Effective Decode Throughput,tokens/sec,p95,0.77
0,1789646388411513856,1789646398411513856,Effective Decode Throughput,tokens/sec,p99,2.49
0,1789646388411513856,1789646398411513856,Effective Decode Throughput,tokens/sec,std,0.39
0,1789646388411513856,1789646398411513856,Effective Decode Throughput Per User,tokens/sec/user,avg,0.16
0,1789646388411513856,1789646398411513856,Effective Decode Throughput Per User,tokens/sec/user,min,0.00
0,1789646388411513856,1789646398411513856,Effective Decode Throughput Per User,tokens/sec/user,max,2.49
0,1789646388411513856,1789646398411513856,Effective Decode Throughput Per User,tokens/sec/user,p50,0.05
0,1789646388411513856,1789646398411513856,Effective Decode Throughput Per User,tokens/sec/user,p90,0.05
0,1789646388411513856,1789646398411513856,Effective Decode Throughput Per User,tokens/sec/user,p95,0.05
0,1789646388411513856,1789646398411513856,Effective Decode Throughput Per User,tokens/sec/user,p99,2.49
0,1789646388411513856,1789646398411513856,Effective Decode Throughput Per User,tokens/sec/user,std,0.51
0,1789646388411513856,1789646398411513856,Effective Prefill Concurrency,requests,avg,18.14
0,1789646388411513856,1789646398411513856,Effective Prefill Concurrency,requests,min,1.00
0,1789646388411513856,1789646398411513856,Effective Prefill Concurrency,requests,max,32.00
0,1789646388411513856,1789646398411513856,Effective Prefill Concurrency,requests,p50,17.00
0,1789646388411513856,1789646398411513856,Effective Prefill Concurrency,requests,p90,17.00
0,1789646388411513856,1789646398411513856,Effective Prefill Concurrency,requests,p95,31.00
0,1789646388411513856,1789646398411513856,Effective Prefill Concurrency,requests,p99,32.00
0,1789646388411513856,1789646398411513856,Effective Prefill Concurrency,requests,std,3.89
0,1789646388411513856,1789646398411513856,Effective Prefill Throughput,tokens/sec,avg,2519.48
0,1789646388411513856,1789646398411513856,Effective Prefill Throughput,tokens/sec,min,859.05
0,1789646388411513856,1789646398411513856,Effective Prefill Throughput,tokens/sec,max,23766.74
0,1789646388411513856,1789646398411513856,Effective Prefill Throughput,tokens/sec,p50,859.05
0,1789646388411513856,1789646398411513856,Effective Prefill Throughput,tokens/sec,p90,859.05
0,1789646388411513856,1789646398411513856,Effective Prefill Throughput,tokens/sec,p95,20456.53
0,1789646388411513856,1789646398411513856,Effective Prefill Throughput,tokens/sec,p99,23766.74
0,1789646388411513856,1789646398411513856,Effective Prefill Throughput,tokens/sec,std,5684.34
0,1789646388411513856,1789646398411513856,Effective Prefill Throughput Per User,tokens/sec/user,avg,101.58
0,1789646388411513856,1789646398411513856,Effective Prefill Throughput Per User,tokens/sec/user,min,50.53
0,1789646388411513856,1789646398411513856,Effective Prefill Throughput Per User,tokens/sec/user,max,1877.12
0,1789646388411513856,1789646398411513856,Effective Prefill Throughput Per User,tokens/sec/user,p50,50.53
0,1789646388411513856,1789646398411513856,Effective Prefill Throughput Per User,tokens/sec/user,p90,50.53
0,1789646388411513856,1789646398411513856,Effective Prefill Throughput Per User,tokens/sec/user,p95,659.89
0,1789646388411513856,1789646398411513856,Effective Prefill Throughput Per User,tokens/sec/user,p99,742.71
0,1789646388411513856,1789646398411513856,Effective Prefill Throughput Per User,tokens/sec/user,std,174.69
0,1789646388411513856,1789646398411513856,Effective Total Throughput,tokens/sec,avg,2767.31
0,1789646388411513856,1789646398411513856,Effective Total Throughput,tokens/sec,min,1127.31
0,1789646388411513856,1789646398411513856,Effective Total Throughput,tokens/sec,max,23766.74
0,1789646388411513856,1789646398411513856,Effective Total Throughput,tokens/sec,p50,1127.31
0,1789646388411513856,1789646398411513856,Effective Total Throughput,tokens/sec,p90,1127.31
0,1789646388411513856,1789646398411513856,Effective Total Throughput,tokens/sec,p95,20474.17
0,1789646388411513856,1789646398411513856,Effective Total Throughput,tokens/sec,p99,23766.74
0,1789646388411513856,1789646398411513856,Effective Total Throughput,tokens/sec,std,5614.72
0,1789646388411513856,1789646398411513856,HTTP Blocked,ms,avg,0.00
0,1789646388411513856,1789646398411513856,HTTP Blocked,ms,min,0.00
0,1789646388411513856,1789646398411513856,HTTP Blocked,ms,max,0.00
0,1789646388411513856,1789646398411513856,HTTP Blocked,ms,sum,0.00
0,1789646388411513856,1789646398411513856,HTTP Blocked,ms,p1,0.00
0,1789646388411513856,1789646398411513856,HTTP Blocked,ms,p5,0.00
0,1789646388411513856,1789646398411513856,HTTP Blocked,ms,p10,0.00
0,1789646388411513856,1789646398411513856,HTTP Blocked,ms,p25,0.00
0,1789646388411513856,1789646398411513856,HTTP Blocked,ms,p50,0.00
0,1789646388411513856,1789646398411513856,HTTP Blocked,ms,p75,0.00
0,1789646388411513856,1789646398411513856,HTTP Blocked,ms,p90,0.00
0,1789646388411513856,1789646398411513856,HTTP Blocked,ms,p95,0.00
0,1789646388411513856,1789646398411513856,HTTP Blocked,ms,p99,0.00
0,1789646388411513856,1789646398411513856,HTTP Blocked,ms,std,0.00
0,1789646388411513856,1789646398411513856,HTTP Chunks Received,count,avg,469.16
0,1789646388411513856,1789646398411513856,HTTP Chunks Received,count,min,433.00
0,1789646388411513856,1789646398411513856,HTTP Chunks Received,count,max,500.00
0,1789646388411513856,1789646398411513856,HTTP Chunks Received,count,sum,15013.00
0,1789646388411513856,1789646398411513856,HTTP Chunks Received,count,p1,434.86
0,1789646388411513856,1789646398411513856,HTTP Chunks Received,count,p5,445.60
0,1789646388411513856,1789646398411513856,HTTP Chunks Received,count,p10,452.30
0,1789646388411513856,1789646398411513856,HTTP Chunks Received,count,p25,457.75
0,1789646388411513856,1789646398411513856,HTTP Chunks Received,count,p50,470.00
0,1789646388411513856,1789646398411513856,HTTP Chunks Received,count,p75,477.00
0,1789646388411513856,1789646398411513856,HTTP Chunks Received,count,p90,490.90
0,1789646388411513856,1789646398411513856,HTTP Chunks Received,count,p95,496.45
0,1789646388411513856,1789646398411513856,HTTP Chunks Received,count,p99,499.07
0,1789646388411513856,1789646398411513856,HTTP Chunks Received,count,std,15.49
0,1789646388411513856,1789646398411513856,HTTP Chunks Sent,count,avg,1.00
0,1789646388411513856,1789646398411513856,HTTP Chunks Sent,count,min,1.00
0,1789646388411513856,1789646398411513856,HTTP Chunks Sent,count,max,1.00
0,1789646388411513856,1789646398411513856,HTTP Chunks Sent,count,sum,32.00
0,1789646388411513856,1789646398411513856,HTTP Chunks Sent,count,p1,1.00
0,1789646388411513856,1789646398411513856,HTTP Chunks Sent,count,p5,1.00
0,1789646388411513856,1789646398411513856,HTTP Chunks Sent,count,p10,1.00
0,1789646388411513856,1789646398411513856,HTTP Chunks Sent,count,p25,1.00
0,1789646388411513856,1789646398411513856,HTTP Chunks Sent,count,p50,1.00
0,1789646388411513856,1789646398411513856,HTTP Chunks Sent,count,p75,1.00
0,1789646388411513856,1789646398411513856,HTTP Chunks Sent,count,p90,1.00
0,1789646388411513856,1789646398411513856,HTTP Chunks Sent,count,p95,1.00
0,1789646388411513856,1789646398411513856,HTTP Chunks Sent,count,p99,1.00
0,1789646388411513856,1789646398411513856,HTTP Chunks Sent,count,std,0.00
0,1789646388411513856,1789646398411513856,HTTP Connecting,ms,avg,1.99
0,1789646388411513856,1789646398411513856,HTTP Connecting,ms,min,1.42
0,1789646388411513856,1789646398411513856,HTTP Connecting,ms,max,16.74
0,1789646388411513856,1789646398411513856,HTTP Connecting,ms,sum,63.69
0,1789646388411513856,1789646398411513856,HTTP Connecting,ms,p1,1.43
0,1789646388411513856,1789646398411513856,HTTP Connecting,ms,p5,1.45
0,1789646388411513856,1789646398411513856,HTTP Connecting,ms,p10,1.46
0,1789646388411513856,1789646398411513856,HTTP Connecting,ms,p25,1.48
0,1789646388411513856,1789646398411513856,HTTP Connecting,ms,p50,1.50
0,1789646388411513856,1789646398411513856,HTTP Connecting,ms,p75,1.54
0,1789646388411513856,1789646398411513856,HTTP Connecting,ms,p90,1.60
0,1789646388411513856,1789646398411513856,HTTP Connecting,ms,p95,1.65
0,1789646388411513856,1789646398411513856,HTTP Connecting,ms,p99,12.06
0,1789646388411513856,1789646398411513856,HTTP Connecting,ms,std,2.65
0,1789646388411513856,1789646398411513856,HTTP Connection Overhead,ms,avg,3.52
0,1789646388411513856,1789646398411513856,HTTP Connection Overhead,ms,min,2.40
0,1789646388411513856,1789646398411513856,HTTP Connection Overhead,ms,max,33.00
0,1789646388411513856,1789646398411513856,HTTP Connection Overhead,ms,sum,112.78
0,1789646388411513856,1789646398411513856,HTTP Connection Overhead,ms,p1,2.40
0,1789646388411513856,1789646398411513856,HTTP Connection Overhead,ms,p5,2.45
0,1789646388411513856,1789646398411513856,HTTP Connection Overhead,ms,p10,2.49
0,1789646388411513856,1789646398411513856,HTTP Connection Overhead,ms,p25,2.51
0,1789646388411513856,1789646398411513856,HTTP Connection Overhead,ms,p50,2.56
0,1789646388411513856,1789646398411513856,HTTP Connection Overhead,ms,p75,2.63
0,1789646388411513856,1789646398411513856,HTTP Connection Overhead,ms,p90,2.73
0,1789646388411513856,1789646398411513856,HTTP Connection Overhead,ms,p95,2.84
0,1789646388411513856,1789646398411513856,HTTP Connection Overhead,ms,p99,23.66
0,1789646388411513856,1789646398411513856,HTTP Connection Overhead,ms,std,5.29
0,1789646388411513856,1789646398411513856,HTTP Connection Reused,ratio,avg,0.00
0,1789646388411513856,1789646398411513856,HTTP Connection Reused,ratio,min,0.00
0,1789646388411513856,1789646398411513856,HTTP Connection Reused,ratio,max,0.00
0,1789646388411513856,1789646398411513856,HTTP Connection Reused,ratio,sum,0.00
0,1789646388411513856,1789646398411513856,HTTP Connection Reused,ratio,p1,0.00
0,1789646388411513856,1789646398411513856,HTTP Connection Reused,ratio,p5,0.00
0,1789646388411513856,1789646398411513856,HTTP Connection Reused,ratio,p10,0.00
0,1789646388411513856,1789646398411513856,HTTP Connection Reused,ratio,p25,0.00
0,1789646388411513856,1789646398411513856,HTTP Connection Reused,ratio,p50,0.00
0,1789646388411513856,1789646398411513856,HTTP Connection Reused,ratio,p75,0.00
0,1789646388411513856,1789646398411513856,HTTP Connection Reused,ratio,p90,0.00
0,1789646388411513856,1789646398411513856,HTTP Connection Reused,ratio,p95,0.00
0,1789646388411513856,1789646398411513856,HTTP Connection Reused,ratio,p99,0.00
0,1789646388411513856,1789646398411513856,HTTP Connection Reused,ratio,std,0.00
0,1789646388411513856,1789646398411513856,HTTP Data Received,KB,avg,125.13
0,1789646388411513856,1789646398411513856,HTTP Data Received,KB,min,115.67
0,1789646388411513856,1789646398411513856,HTTP Data Received,KB,max,133.43
0,1789646388411513856,1789646398411513856,HTTP Data Received,KB,sum,4004.17
0,1789646388411513856,1789646398411513856,HTTP Data Received,KB,p1,116.14
0,1789646388411513856,1789646398411513856,HTTP Data Received,KB,p5,118.92
0,1789646388411513856,1789646398411513856,HTTP Data Received,KB,p10,120.72
0,1789646388411513856,1789646398411513856,HTTP Data Received,KB,p25,122.19
0,1789646388411513856,1789646398411513856,HTTP Data Received,KB,p50,125.33
0,1789646388411513856,1789646398411513856,HTTP Data Received,KB,p75,127.21
0,1789646388411513856,1789646398411513856,HTTP Data Received,KB,p90,130.83
0,1789646388411513856,1789646398411513856,HTTP Data Received,KB,p95,132.22
0,1789646388411513856,1789646398411513856,HTTP Data Received,KB,p99,133.08
0,1789646388411513856,1789646398411513856,HTTP Data Received,KB,std,4.07
0,1789646388411513856,1789646398411513856,HTTP Data Sent,KB,avg,4.52
0,1789646388411513856,1789646398411513856,HTTP Data Sent,KB,min,3.99
0,1789646388411513856,1789646398411513856,HTTP Data Sent,KB,max,4.85
0,1789646388411513856,1789646398411513856,HTTP Data Sent,KB,sum,144.72
0,1789646388411513856,1789646398411513856,HTTP Data Sent,KB,p1,4.05
0,1789646388411513856,1789646398411513856,HTTP Data Sent,KB,p5,4.20
0,1789646388411513856,1789646398411513856,HTTP Data Sent,KB,p10,4.25
0,1789646388411513856,1789646398411513856,HTTP Data Sent,KB,p25,4.43
0,1789646388411513856,1789646398411513856,HTTP Data Sent,KB,p50,4.56
0,1789646388411513856,1789646398411513856,HTTP Data Sent,KB,p75,4.65
0,1789646388411513856,1789646398411513856,HTTP Data Sent,KB,p90,4.72
0,1789646388411513856,1789646398411513856,HTTP Data Sent,KB,p95,4.82
0,1789646388411513856,1789646398411513856,HTTP Data Sent,KB,p99,4.84
0,1789646388411513856,1789646398411513856,HTTP Data Sent,KB,std,0.20
0,1789646388411513856,1789646398411513856,HTTP DNS Lookup,ms,avg,1.53
0,1789646388411513856,1789646398411513856,HTTP DNS Lookup,ms,min,0.98
0,1789646388411513856,1789646398411513856,HTTP DNS Lookup,ms,max,16.26
0,1789646388411513856,1789646398411513856,HTTP DNS Lookup,ms,sum,49.08
0,1789646388411513856,1789646398411513856,HTTP DNS Lookup,ms,p1,0.98
0,1789646388411513856,1789646398411513856,HTTP DNS Lookup,ms,p5,1.00
0,1789646388411513856,1789646398411513856,HTTP DNS Lookup,ms,p10,1.02
0,1789646388411513856,1789646398411513856,HTTP DNS Lookup,ms,p25,1.03
0,1789646388411513856,1789646398411513856,HTTP DNS Lookup,ms,p50,1.05
0,1789646388411513856,1789646398411513856,HTTP DNS Lookup,ms,p75,1.08
0,1789646388411513856,1789646398411513856,HTTP DNS Lookup,ms,p90,1.12
0,1789646388411513856,1789646398411513856,HTTP DNS Lookup,ms,p95,1.19
0,1789646388411513856,1789646398411513856,HTTP DNS Lookup,ms,p99,11.59
0,1789646388411513856,1789646398411513856,HTTP DNS Lookup,ms,std,2.65
0,1789646388411513856,1789646398411513856,HTTP Duration (excl. conn),ms,avg,29434.39
0,1789646388411513856,1789646398411513856,HTTP Duration (excl. conn),ms,min,29316.12
0,1789646388411513856,1789646398411513856,HTTP Duration (excl. conn),ms,max,29659.44
0,1789646388411513856,1789646398411513856,HTTP Duration (excl. conn),ms,sum,941900.51
0,1789646388411513856,1789646398411513856,HTTP Duration (excl. conn),ms,p1,29322.14
0,1789646388411513856,1789646398411513856,HTTP Duration (excl. conn),ms,p5,29335.62
0,1789646388411513856,1789646398411513856,HTTP Duration (excl. conn),ms,p10,29335.72
0,1789646388411513856,1789646398411513856,HTTP Duration (excl. conn),ms,p25,29335.87
0,1789646388411513856,1789646398411513856,HTTP Duration (excl. conn),ms,p50,29503.98
0,1789646388411513856,1789646398411513856,HTTP Duration (excl. conn),ms,p75,29504.21
0,1789646388411513856,1789646398411513856,HTTP Duration (excl. conn),ms,p90,29504.45
0,1789646388411513856,1789646398411513856,HTTP Duration (excl. conn),ms,p95,29574.20
0,1789646388411513856,1789646398411513856,HTTP Duration (excl. conn),ms,p99,29659.43
0,1789646388411513856,1789646398411513856,HTTP Duration (excl. conn),ms,std,100.65
0,1789646388411513856,1789646398411513856,HTTP Receiving,ms,avg,17440.19
0,1789646388411513856,1789646398411513856,HTTP Receiving,ms,min,7597.79
0,1789646388411513856,1789646398411513856,HTTP Receiving,ms,max,28981.83
0,1789646388411513856,1789646398411513856,HTTP Receiving,ms,sum,558085.98
0,1789646388411513856,1789646398411513856,HTTP Receiving,ms,p1,7597.80
0,1789646388411513856,1789646398411513856,HTTP Receiving,ms,p5,7597.83
0,1789646388411513856,1789646398411513856,HTTP Receiving,ms,p10,7597.84
0,1789646388411513856,1789646398411513856,HTTP Receiving,ms,p25,7597.95
0,1789646388411513856,1789646398411513856,HTTP Receiving,ms,p50,7750.97
0,1789646388411513856,1789646398411513856,HTTP Receiving,ms,p75,28545.20
0,1789646388411513856,1789646398411513856,HTTP Receiving,ms,p90,28545.28
0,1789646388411513856,1789646398411513856,HTTP Receiving,ms,p95,28545.32
0,1789646388411513856,1789646398411513856,HTTP Receiving,ms,p99,28846.52
0,1789646388411513856,1789646398411513856,HTTP Receiving,ms,std,10459.03
0,1789646388411513856,1789646398411513856,HTTP Sending,ms,avg,2.29
0,1789646388411513856,1789646398411513856,HTTP Sending,ms,min,1.71
0,1789646388411513856,1789646398411513856,HTTP Sending,ms,max,17.05
0,1789646388411513856,1789646398411513856,HTTP Sending,ms,sum,73.29
0,1789646388411513856,1789646398411513856,HTTP Sending,ms,p1,1.72
0,1789646388411513856,1789646398411513856,HTTP Sending,ms,p5,1.74
0,1789646388411513856,1789646398411513856,HTTP Sending,ms,p10,1.76
0,1789646388411513856,1789646398411513856,HTTP Sending,ms,p25,1.78
0,1789646388411513856,1789646398411513856,HTTP Sending,ms,p50,1.81
0,1789646388411513856,1789646398411513856,HTTP Sending,ms,p75,1.84
0,1789646388411513856,1789646398411513856,HTTP Sending,ms,p90,1.91
0,1789646388411513856,1789646398411513856,HTTP Sending,ms,p95,1.94
0,1789646388411513856,1789646398411513856,HTTP Sending,ms,p99,12.38
0,1789646388411513856,1789646398411513856,HTTP Sending,ms,std,2.65
0,1789646388411513856,1789646398411513856,HTTP Total Time,ms,avg,29437.92
0,1789646388411513856,1789646398411513856,HTTP Total Time,ms,min,29318.72
0,1789646388411513856,1789646398411513856,HTTP Total Time,ms,max,29692.44
0,1789646388411513856,1789646398411513856,HTTP Total Time,ms,sum,942013.28
0,1789646388411513856,1789646398411513856,HTTP Total Time,ms,p1,29324.70
0,1789646388411513856,1789646398411513856,HTTP Total Time,ms,p5,29338.13
0,1789646388411513856,1789646398411513856,HTTP Total Time,ms,p10,29338.32
0,1789646388411513856,1789646398411513856,HTTP Total Time,ms,p25,29338.49
0,1789646388411513856,1789646398411513856,HTTP Total Time,ms,p50,29506.51
0,1789646388411513856,1789646398411513856,HTTP Total Time,ms,p75,29506.74
0,1789646388411513856,1789646398411513856,HTTP Total Time,ms,p90,29506.94
0,1789646388411513856,1789646398411513856,HTTP Total Time,ms,p95,29576.86
0,1789646388411513856,1789646398411513856,HTTP Total Time,ms,p99,29683.07
0,1789646388411513856,1789646398411513856,HTTP Total Time,ms,std,102.88
0,1789646388411513856,1789646398411513856,HTTP Waiting (TTFB),ms,avg,11991.91
0,1789646388411513856,1789646398411513856,HTTP Waiting (TTFB),ms,min,332.48
0,1789646388411513856,1789646398411513856,HTTP Waiting (TTFB),ms,max,21906.46
0,1789646388411513856,1789646398411513856,HTTP Waiting (TTFB),ms,sum,383741.24
0,1789646388411513856,1789646398411513856,HTTP Waiting (TTFB),ms,p1,473.89
0,1789646388411513856,1789646398411513856,HTTP Waiting (TTFB),ms,p5,788.65
0,1789646388411513856,1789646398411513856,HTTP Waiting (TTFB),ms,p10,788.72
0,1789646388411513856,1789646398411513856,HTTP Waiting (TTFB),ms,p25,788.84
0,1789646388411513856,1789646398411513856,HTTP Waiting (TTFB),ms,p50,21897.86
0,1789646388411513856,1789646398411513856,HTTP Waiting (TTFB),ms,p75,21904.47
0,1789646388411513856,1789646398411513856,HTTP Waiting (TTFB),ms,p90,21904.63
0,1789646388411513856,1789646398411513856,HTTP Waiting (TTFB),ms,p95,21904.76
0,1789646388411513856,1789646398411513856,HTTP Waiting (TTFB),ms,p99,21905.95
0,1789646388411513856,1789646398411513856,HTTP Waiting (TTFB),ms,std,10552.32
0,1789646388411513856,1789646398411513856,Input Sequence Length,tokens,avg,1107.00
0,1789646388411513856,1789646398411513856,Input Sequence Length,tokens,min,1107.00
0,1789646388411513856,1789646398411513856,Input Sequence Length,tokens,max,1107.00
0,1789646388411513856,1789646398411513856,Input Sequence Length,tokens,sum,35424.00
0,1789646388411513856,1789646398411513856,Input Sequence Length,tokens,p1,1107.00
0,1789646388411513856,1789646398411513856,Input Sequence Length,tokens,p5,1107.00
0,1789646388411513856,1789646398411513856,Input Sequence Length,tokens,p10,1107.00
0,1789646388411513856,1789646398411513856,Input Sequence Length,tokens,p25,1107.00
0,1789646388411513856,1789646398411513856,Input Sequence Length,tokens,p50,1107.00
0,1789646388411513856,1789646398411513856,Input Sequence Length,tokens,p75,1107.00
0,1789646388411513856,1789646398411513856,Input Sequence Length,tokens,p90,1107.00
0,1789646388411513856,1789646398411513856,Input Sequence Length,tokens,p95,1107.00
0,1789646388411513856,1789646398411513856,Input Sequence Length,tokens,p99,1107.00
0,1789646388411513856,1789646398411513856,Input Sequence Length,tokens,std,0.00
0,1789646388411513856,1789646398411513856,Input Token Throughput,tokens/sec,avg,3542.40
0,1789646388411513856,1789646398411513856,Inter Chunk Latency,ms,avg,37.24
0,1789646388411513856,1789646398411513856,Inter Chunk Latency,ms,min,1.20
0,1789646388411513856,1789646398411513856,Inter Chunk Latency,ms,max,21118.59
0,1789646388411513856,1789646398411513856,Inter Chunk Latency,ms,sum,557727.00
0,1789646388411513856,1789646398411513856,Inter Chunk Latency,ms,p1,9.07
0,1789646388411513856,1789646398411513856,Inter Chunk Latency,ms,p5,12.76
0,1789646388411513856,1789646398411513856,Inter Chunk Latency,ms,p10,14.06
0,1789646388411513856,1789646398411513856,Inter Chunk Latency,ms,p25,14.60
0,1789646388411513856,1789646398411513856,Inter Chunk Latency,ms,p50,14.96
0,1789646388411513856,1789646398411513856,Inter Chunk Latency,ms,p75,15.22
0,1789646388411513856,1789646398411513856,Inter Chunk Latency,ms,p90,15.65
0,1789646388411513856,1789646398411513856,Inter Chunk Latency,ms,p95,29.62
0,1789646388411513856,1789646398411513856,Inter Chunk Latency,ms,p99,30.74
0,1789646388411513856,1789646398411513856,Inter Chunk Latency,ms,std,667.44
0,1789646388411513856,1789646398411513856,Inter Token Latency,ms,avg,34.11
0,1789646388411513856,1789646398411513856,Inter Token Latency,ms,min,14.54
0,1789646388411513856,1789646398411513856,Inter Token Latency,ms,max,56.72
0,1789646388411513856,1789646398411513856,Inter Token Latency,ms,sum,1091.44
0,1789646388411513856,1789646398411513856,Inter Token Latency,ms,p1,14.54
0,1789646388411513856,1789646398411513856,Inter Token Latency,ms,p5,14.72
0,1789646388411513856,1789646398411513856,Inter Token Latency,ms,p10,14.87
0,1789646388411513856,1789646398411513856,Inter Token Latency,ms,p25,14.87
0,1789646388411513856,1789646398411513856,Inter Token Latency,ms,p50,15.17
0,1789646388411513856,1789646398411513856,Inter Token Latency,ms,p75,55.86
0,1789646388411513856,1789646398411513856,Inter Token Latency,ms,p90,55.86
0,1789646388411513856,1789646398411513856,Inter Token Latency,ms,p95,55.86
0,1789646388411513856,1789646398411513856,Inter Token Latency,ms,p99,56.45
0,1789646388411513856,1789646398411513856,Inter Token Latency,ms,std,20.49
0,1789646388411513856,1789646398411513856,OSL Mismatch Count,requests,avg,0.00
0,1789646388411513856,1789646398411513856,OSL Mismatch Diff %,%,avg,0.00
0,1789646388411513856,1789646398411513856,OSL Mismatch Diff %,%,min,0.00
0,1789646388411513856,1789646398411513856,OSL Mismatch Diff %,%,max,0.00
0,1789646388411513856,1789646398411513856,OSL Mismatch Diff %,%,sum,0.00
0,1789646388411513856,1789646398411513856,OSL Mismatch Diff %,%,p1,0.00
0,1789646388411513856,1789646398411513856,OSL Mismatch Diff %,%,p5,0.00
0,1789646388411513856,1789646398411513856,OSL Mismatch Diff %,%,p10,0.00
0,1789646388411513856,1789646398411513856,OSL Mismatch Diff %,%,p25,0.00
0,1789646388411513856,1789646398411513856,OSL Mismatch Diff %,%,p50,0.00
0,1789646388411513856,1789646398411513856,OSL Mismatch Diff %,%,p75,0.00
0,1789646388411513856,1789646398411513856,OSL Mismatch Diff %,%,p90,0.00
0,1789646388411513856,1789646398411513856,OSL Mismatch Diff %,%,p95,0.00
0,1789646388411513856,1789646398411513856,OSL Mismatch Diff %,%,p99,0.00
0,1789646388411513856,1789646398411513856,OSL Mismatch Diff %,%,std,0.00
0,1789646388411513856,1789646398411513856,Output Sequence Length,tokens,avg,512.00
0,1789646388411513856,1789646398411513856,Output Sequence Length,tokens,min,512.00
0,1789646388411513856,1789646398411513856,Output Sequence Length,tokens,max,512.00
0,1789646388411513856,1789646398411513856,Output Sequence Length,tokens,sum,16384.00
0,1789646388411513856,1789646398411513856,Output Sequence Length,tokens,p1,512.00
0,1789646388411513856,1789646398411513856,Output Sequence Length,tokens,p5,512.00
0,1789646388411513856,1789646398411513856,Output Sequence Length,tokens,p10,512.00
0,1789646388411513856,1789646398411513856,Output Sequence Length,tokens,p25,512.00
0,1789646388411513856,1789646398411513856,Output Sequence Length,tokens,p50,512.00
0,1789646388411513856,1789646398411513856,Output Sequence Length,tokens,p75,512.00
0,1789646388411513856,1789646398411513856,Output Sequence Length,tokens,p90,512.00
0,1789646388411513856,1789646398411513856,Output Sequence Length,tokens,p95,512.00
0,1789646388411513856,1789646398411513856,Output Sequence Length,tokens,p99,512.00
0,1789646388411513856,1789646398411513856,Output Sequence Length,tokens,std,0.00
0,1789646388411513856,1789646398411513856,Output Token Throughput,tokens/sec,avg,1638.40
0,1789646388411513856,1789646398411513856,Output Token Throughput Per User,tokens/sec/user,avg,44.13
0,1789646388411513856,1789646398411513856,Output Token Throughput Per User,tokens/sec/user,min,17.63
0,1789646388411513856,1789646398411513856,Output Token Throughput Per User,tokens/sec/user,max,68.78
0,1789646388411513856,1789646398411513856,Output Token Throughput Per User,tokens/sec/user,sum,1412.01
0,1789646388411513856,1789646398411513856,Output Token Throughput Per User,tokens/sec/user,p1,17.72
0,1789646388411513856,1789646398411513856,Output Token Throughput Per User,tokens/sec/user,p5,17.90
0,1789646388411513856,1789646398411513856,Output Token Throughput Per User,tokens/sec/user,p10,17.90
0,1789646388411513856,1789646398411513856,Output Token Throughput Per User,tokens/sec/user,p25,17.90
0,1789646388411513856,1789646398411513856,Output Token Throughput Per User,tokens/sec/user,p50,65.93
0,1789646388411513856,1789646398411513856,Output Token Throughput Per User,tokens/sec/user,p75,67.26
0,1789646388411513856,1789646398411513856,Output Token Throughput Per User,tokens/sec/user,p90,67.26
0,1789646388411513856,1789646398411513856,Output Token Throughput Per User,tokens/sec/user,p95,67.94
0,1789646388411513856,1789646398411513856,Output Token Throughput Per User,tokens/sec/user,p99,68.78
0,1789646388411513856,1789646398411513856,Output Token Throughput Per User,tokens/sec/user,std,24.65
0,1789646388411513856,1789646398411513856,Overall Usage Prompt Cache Read %,%,avg,0.00
0,1789646388411513856,1789646398411513856,Prefill Throughput Per User,tokens/sec/user,avg,742.71
0,1789646388411513856,1789646398411513856,Prefill Throughput Per User,tokens/sec/user,min,50.53
0,1789646388411513856,1789646398411513856,Prefill Throughput Per User,tokens/sec/user,max,3310.21
0,1789646388411513856,1789646398411513856,Prefill Throughput Per User,tokens/sec/user,sum,23766.74
0,1789646388411513856,1789646398411513856,Prefill Throughput Per User,tokens/sec/user,p1,50.53
0,1789646388411513856,1789646398411513856,Prefill Throughput Per User,tokens/sec/user,p5,50.53
0,1789646388411513856,1789646398411513856,Prefill Throughput Per User,tokens/sec/user,p10,50.53
0,1789646388411513856,1789646398411513856,Prefill Throughput Per User,tokens/sec/user,p25,50.53
0,1789646388411513856,1789646398411513856,Prefill Throughput Per User,tokens/sec/user,p50,50.53
0,1789646388411513856,1789646398411513856,Prefill Throughput Per User,tokens/sec/user,p75,1399.81
0,1789646388411513856,1789646398411513856,Prefill Throughput Per User,tokens/sec/user,p90,1400.13
0,1789646388411513856,1789646398411513856,Prefill Throughput Per User,tokens/sec/user,p95,1400.19
0,1789646388411513856,1789646398411513856,Prefill Throughput Per User,tokens/sec/user,p99,2718.12
0,1789646388411513856,1789646398411513856,Prefill Throughput Per User,tokens/sec/user,std,805.88
0,1789646388411513856,1789646398411513856,Reasoning Token Count,tokens,avg,512.00
0,1789646388411513856,1789646398411513856,Reasoning Token Count,tokens,min,512.00
0,1789646388411513856,1789646398411513856,Reasoning Token Count,tokens,max,512.00
0,1789646388411513856,1789646398411513856,Reasoning Token Count,tokens,sum,16384.00
0,1789646388411513856,1789646398411513856,Reasoning Token Count,tokens,p1,512.00
0,1789646388411513856,1789646398411513856,Reasoning Token Count,tokens,p5,512.00
0,1789646388411513856,1789646398411513856,Reasoning Token Count,tokens,p10,512.00
0,1789646388411513856,1789646398411513856,Reasoning Token Count,tokens,p25,512.00
0,1789646388411513856,1789646398411513856,Reasoning Token Count,tokens,p50,512.00
0,1789646388411513856,1789646398411513856,Reasoning Token Count,tokens,p75,512.00
0,1789646388411513856,1789646398411513856,Reasoning Token Count,tokens,p90,512.00
0,1789646388411513856,1789646398411513856,Reasoning Token Count,tokens,p95,512.00
0,1789646388411513856,1789646398411513856,Reasoning Token Count,tokens,p99,512.00
0,1789646388411513856,1789646398411513856,Reasoning Token Count,tokens,std,0.00
0,1789646388411513856,1789646398411513856,Request Count,requests,avg,32.00
0,1789646388411513856,1789646398411513856,Request Latency,ms,avg,29423.32
0,1789646388411513856,1789646398411513856,Request Latency,ms,min,29315.72
0,1789646388411513856,1789646398411513856,Request Latency,ms,max,29659.55
0,1789646388411513856,1789646398411513856,Request Latency,ms,sum,941546.34
0,1789646388411513856,1789646398411513856,Request Latency,ms,p1,29315.88
0,1789646388411513856,1789646398411513856,Request Latency,ms,p5,29326.74
0,1789646388411513856,1789646398411513856,Request Latency,ms,p10,29335.47
0,1789646388411513856,1789646398411513856,Request Latency,ms,p25,29335.94
0,1789646388411513856,1789646398411513856,Request Latency,ms,p50,29336.30
0,1789646388411513856,1789646398411513856,Request Latency,ms,p75,29504.33
0,1789646388411513856,1789646398411513856,Request Latency,ms,p90,29504.56
0,1789646388411513856,1789646398411513856,Request Latency,ms,p95,29574.31
0,1789646388411513856,1789646398411513856,Request Latency,ms,p99,29659.54
0,1789646388411513856,1789646398411513856,Request Latency,ms,std,102.24
0,1789646388411513856,1789646398411513856,Request Throughput,requests/sec,avg,3.20
0,1789646388411513856,1789646398411513856,Time to First Token,ms,avg,11994.35
0,1789646388411513856,1789646398411513856,Time to First Token,ms,min,334.42
0,1789646388411513856,1789646398411513856,Time to First Token,ms,max,21908.71
0,1789646388411513856,1789646398411513856,Time to First Token,ms,sum,383819.33
0,1789646388411513856,1789646398411513856,Time to First Token,ms,p1,475.83
0,1789646388411513856,1789646398411513856,Time to First Token,ms,p5,790.60
0,1789646388411513856,1789646398411513856,Time to First Token,ms,p10,790.64
0,1789646388411513856,1789646398411513856,Time to First Token,ms,p25,790.82
0,1789646388411513856,1789646398411513856,Time to First Token,ms,p50,21906.20
0,1789646388411513856,1789646398411513856,Time to First Token,ms,p75,21906.45
0,1789646388411513856,1789646398411513856,Time to First Token,ms,p90,21906.60
0,1789646388411513856,1789646398411513856,Time to First Token,ms,p95,21907.58
0,1789646388411513856,1789646398411513856,Time to First Token,ms,p99,21908.65
0,1789646388411513856,1789646398411513856,Time to First Token,ms,std,10552.76
0,1789646388411513856,1789646398411513856,Time to Second Token,ms,avg,9253.72
0,1789646388411513856,1789646398411513856,Time to Second Token,ms,min,1.20
0,1789646388411513856,1789646398411513856,Time to Second Token,ms,max,21116.18
0,1789646388411513856,1789646398411513856,Time to Second Token,ms,sum,296118.89
0,1789646388411513856,1789646398411513856,Time to Second Token,ms,p1,1.22
0,1789646388411513856,1789646398411513856,Time to Second Token,ms,p5,1.86
0,1789646388411513856,1789646398411513856,Time to Second Token,ms,p10,2.34
0,1789646388411513856,1789646398411513856,Time to Second Token,ms,p25,2.36
0,1789646388411513856,1789646398411513856,Time to Second Token,ms,p50,2.45
0,1789646388411513856,1789646398411513856,Time to Second Token,ms,p75,21115.97
0,1789646388411513856,1789646398411513856,Time to Second Token,ms,p90,21116.09
0,1789646388411513856,1789646398411513856,Time to Second Token,ms,p95,21116.13
0,1789646388411513856,1789646398411513856,Time to Second Token,ms,p99,21116.18
0,1789646388411513856,1789646398411513856,Time to Second Token,ms,std,10461.85
0,1789646388411513856,1789646398411513856,Tokens In Flight,tokens,avg,35436.73
0,1789646388411513856,1789646398411513856,Tokens In Flight,tokens,min,1107.00
0,1789646388411513856,1789646398411513856,Tokens In Flight,tokens,max,35440.14
0,1789646388411513856,1789646398411513856,Tokens In Flight,tokens,p50,35440.14
0,1789646388411513856,1789646398411513856,Tokens In Flight,tokens,p90,35440.14
0,1789646388411513856,1789646398411513856,Tokens In Flight,tokens,p95,35440.14
0,1789646388411513856,1789646398411513856,Tokens In Flight,tokens,p99,35440.14
0,1789646388411513856,1789646398411513856,Tokens In Flight,tokens,std,230.10
0,1789646388411513856,1789646398411513856,Total Input Sequence Length,tokens,avg,35424.00
0,1789646388411513856,1789646398411513856,Total Output Sequence Length,tokens,avg,16384.00
0,1789646388411513856,1789646398411513856,Total Reasoning Tokens,tokens,avg,16384.00
0,1789646388411513856,1789646398411513856,Total Token Throughput,tokens/sec,avg,5180.80
0,1789646388411513856,1789646398411513856,Total Usage Completion Tokens,tokens,avg,16384.00
0,1789646388411513856,1789646398411513856,Total Usage Prompt Cache Read Tokens,tokens,avg,0.00
0,1789646388411513856,1789646398411513856,Total Usage Prompt Tokens,tokens,avg,35424.00
0,1789646388411513856,1789646398411513856,Total Usage Reasoning Tokens,tokens,avg,16384.00
0,1789646388411513856,1789646398411513856,Total Usage Total Tokens,tokens,avg,51808.00
0,1789646388411513856,1789646398411513856,Usage Completion Tokens,tokens,avg,512.00
0,1789646388411513856,1789646398411513856,Usage Completion Tokens,tokens,min,512.00
0,1789646388411513856,1789646398411513856,Usage Completion Tokens,tokens,max,512.00
0,1789646388411513856,1789646398411513856,Usage Completion Tokens,tokens,sum,16384.00
0,1789646388411513856,1789646398411513856,Usage Completion Tokens,tokens,p1,512.00
0,1789646388411513856,1789646398411513856,Usage Completion Tokens,tokens,p5,512.00
0,1789646388411513856,1789646398411513856,Usage Completion Tokens,tokens,p10,512.00
0,1789646388411513856,1789646398411513856,Usage Completion Tokens,tokens,p25,512.00
0,1789646388411513856,1789646398411513856,Usage Completion Tokens,tokens,p50,512.00
0,1789646388411513856,1789646398411513856,Usage Completion Tokens,tokens,p75,512.00
0,1789646388411513856,1789646398411513856,Usage Completion Tokens,tokens,p90,512.00
0,1789646388411513856,1789646398411513856,Usage Completion Tokens,tokens,p95,512.00
0,1789646388411513856,1789646398411513856,Usage Completion Tokens,tokens,p99,512.00
0,1789646388411513856,1789646398411513856,Usage Completion Tokens,tokens,std,0.00
0,1789646388411513856,1789646398411513856,Usage Prompt Cache Read Tokens,tokens,avg,0.00
0,1789646388411513856,1789646398411513856,Usage Prompt Cache Read Tokens,tokens,min,0.00
0,1789646388411513856,1789646398411513856,Usage Prompt Cache Read Tokens,tokens,max,0.00
0,1789646388411513856,1789646398411513856,Usage Prompt Cache Read Tokens,tokens,sum,0.00
0,1789646388411513856,1789646398411513856,Usage Prompt Cache Read Tokens,tokens,p1,0.00
0,1789646388411513856,1789646398411513856,Usage Prompt Cache Read Tokens,tokens,p5,0.00
0,1789646388411513856,1789646398411513856,Usage Prompt Cache Read Tokens,tokens,p10,0.00
0,1789646388411513856,1789646398411513856,Usage Prompt Cache Read Tokens,tokens,p25,0.00
0,1789646388411513856,1789646398411513856,Usage Prompt Cache Read Tokens,tokens,p50,0.00
0,1789646388411513856,1789646398411513856,Usage Prompt Cache Read Tokens,tokens,p75,0.00
0,1789646388411513856,1789646398411513856,Usage Prompt Cache Read Tokens,tokens,p90,0.00
0,1789646388411513856,1789646398411513856,Usage Prompt Cache Read Tokens,tokens,p95,0.00
0,1789646388411513856,1789646398411513856,Usage Prompt Cache Read Tokens,tokens,p99,0.00
0,1789646388411513856,1789646398411513856,Usage Prompt Cache Read Tokens,tokens,std,0.00
0,1789646388411513856,1789646398411513856,Usage Prompt Tokens,tokens,avg,1107.00
0,1789646388411513856,1789646398411513856,Usage Prompt Tokens,tokens,min,1107.00
0,1789646388411513856,1789646398411513856,Usage Prompt Tokens,tokens,max,1107.00
0,1789646388411513856,1789646398411513856,Usage Prompt Tokens,tokens,sum,35424.00
0,1789646388411513856,1789646398411513856,Usage Prompt Tokens,tokens,p1,1107.00
0,1789646388411513856,1789646398411513856,Usage Prompt Tokens,tokens,p5,1107.00
0,1789646388411513856,1789646398411513856,Usage Prompt Tokens,tokens,p10,1107.00
0,1789646388411513856,1789646398411513856,Usage Prompt Tokens,tokens,p25,1107.00
0,1789646388411513856,1789646398411513856,Usage Prompt Tokens,tokens,p50,1107.00
0,1789646388411513856,1789646398411513856,Usage Prompt Tokens,tokens,p75,1107.00
0,1789646388411513856,1789646398411513856,Usage Prompt Tokens,tokens,p90,1107.00
0,1789646388411513856,1789646398411513856,Usage Prompt Tokens,tokens,p95,1107.00
0,1789646388411513856,1789646398411513856,Usage Prompt Tokens,tokens,p99,1107.00
0,1789646388411513856,1789646398411513856,Usage Prompt Tokens,tokens,std,0.00
0,1789646388411513856,1789646398411513856,Usage Reasoning Tokens,tokens,avg,512.00
0,1789646388411513856,1789646398411513856,Usage Reasoning Tokens,tokens,min,512.00
0,1789646388411513856,1789646398411513856,Usage Reasoning Tokens,tokens,max,512.00
0,1789646388411513856,1789646398411513856,Usage Reasoning Tokens,tokens,sum,16384.00
0,1789646388411513856,1789646398411513856,Usage Reasoning Tokens,tokens,p1,512.00
0,1789646388411513856,1789646398411513856,Usage Reasoning Tokens,tokens,p5,512.00
0,1789646388411513856,1789646398411513856,Usage Reasoning Tokens,tokens,p10,512.00
0,1789646388411513856,1789646398411513856,Usage Reasoning Tokens,tokens,p25,512.00
0,1789646388411513856,1789646398411513856,Usage Reasoning Tokens,tokens,p50,512.00
0,1789646388411513856,1789646398411513856,Usage Reasoning Tokens,tokens,p75,512.00
0,1789646388411513856,1789646398411513856,Usage Reasoning Tokens,tokens,p90,512.00
0,1789646388411513856,1789646398411513856,Usage Reasoning Tokens,tokens,p95,512.00
0,1789646388411513856,1789646398411513856,Usage Reasoning Tokens,tokens,p99,512.00
0,1789646388411513856,1789646398411513856,Usage Reasoning Tokens,tokens,std,0.00
0,1789646388411513856,1789646398411513856,Usage Total Tokens,tokens,avg,1619.00
0,1789646388411513856,1789646398411513856,Usage Total Tokens,tokens,min,1619.00
0,1789646388411513856,1789646398411513856,Usage Total Tokens,tokens,max,1619.00
0,1789646388411513856,1789646398411513856,Usage Total Tokens,tokens,sum,51808.00
0,1789646388411513856,1789646398411513856,Usage Total Tokens,tokens,p1,1619.00
0,1789646388411513856,1789646398411513856,Usage Total Tokens,tokens,p5,1619.00
0,1789646388411513856,1789646398411513856,Usage Total Tokens,tokens,p10,1619.00
0,1789646388411513856,1789646398411513856,Usage Total Tokens,tokens,p25,1619.00
0,1789646388411513856,1789646398411513856,Usage Total Tokens,tokens,p50,1619.00
0,1789646388411513856,1789646398411513856,Usage Total Tokens,tokens,p75,1619.00
0,1789646388411513856,1789646398411513856,Usage Total Tokens,tokens,p90,1619.00
0,1789646388411513856,1789646398411513856,Usage Total Tokens,tokens,p95,1619.00
0,1789646388411513856,1789646398411513856,Usage Total Tokens,tokens,p99,1619.00
0,1789646388411513856,1789646398411513856,Usage Total Tokens,tokens,std,0.00
1,1789646408411513856,1789646418411513856,Active Decode Throughput,tokens/sec,avg,1633.72
1,1789646408411513856,1789646418411513856,Active Decode Throughput,tokens/sec,min,0.56
1,1789646408411513856,1789646418411513856,Active Decode Throughput,tokens/sec,max,11435.94
1,1789646408411513856,1789646418411513856,Active Decode Throughput,tokens/sec,p50,2120.71
1,1789646408411513856,1789646418411513856,Active Decode Throughput,tokens/sec,p90,2280.12
1,1789646408411513856,1789646418411513856,Active Decode Throughput,tokens/sec,p95,2325.84
1,1789646408411513856,1789646418411513856,Active Decode Throughput,tokens/sec,p99,2985.87
1,1789646408411513856,1789646418411513856,Active Decode Throughput,tokens/sec,std,983.35
1,1789646408411513856,1789646418411513856,Active Decode Throughput Per User,tokens/sec/user,avg,51.32
1,1789646408411513856,1789646418411513856,Active Decode Throughput Per User,tokens/sec/user,min,0.05
1,1789646408411513856,1789646418411513856,Active Decode Throughput Per User,tokens/sec/user,max,381.20
1,1789646408411513856,1789646418411513856,Active Decode Throughput Per User,tokens/sec/user,p50,66.27
1,1789646408411513856,1789646418411513856,Active Decode Throughput Per User,tokens/sec/user,p90,71.25
1,1789646408411513856,1789646418411513856,Active Decode Throughput Per User,tokens/sec/user,p95,72.68
1,1789646408411513856,1789646418411513856,Active Decode Throughput Per User,tokens/sec/user,p99,93.31
1,1789646408411513856,1789646418411513856,Active Decode Throughput Per User,tokens/sec/user,std,30.39
1,1789646408411513856,1789646418411513856,Active Prefill Throughput,tokens/sec,avg,7204.70
1,1789646408411513856,1789646418411513856,Active Prefill Throughput,tokens/sec,min,50.53
1,1789646408411513856,1789646418411513856,Active Prefill Throughput,tokens/sec,max,30711.47
1,1789646408411513856,1789646418411513856,Active Prefill Throughput,tokens/sec,p50,859.05
1,1789646408411513856,1789646418411513856,Active Prefill Throughput,tokens/sec,p90,29943.34
1,1789646408411513856,1789646418411513856,Active Prefill Throughput,tokens/sec,p95,30711.47
1,1789646408411513856,1789646418411513856,Active Prefill Throughput,tokens/sec,p99,30711.47
1,1789646408411513856,1789646418411513856,Active Prefill Throughput,tokens/sec,std,11741.96
1,1789646408411513856,1789646418411513856,Active Prefill Throughput Per User,tokens/sec/user,avg,344.77
1,1789646408411513856,1789646418411513856,Active Prefill Throughput Per User,tokens/sec/user,min,50.53
1,1789646408411513856,1789646418411513856,Active Prefill Throughput Per User,tokens/sec/user,max,3256.26
1,1789646408411513856,1789646418411513856,Active Prefill Throughput Per User,tokens/sec/user,p50,50.53
1,1789646408411513856,1789646418411513856,Active Prefill Throughput Per User,tokens/sec/user,p90,1023.72
1,1789646408411513856,1789646418411513856,Active Prefill Throughput Per User,tokens/sec/user,p95,1996.22
1,1789646408411513856,1789646418411513856,Active Prefill Throughput Per User,tokens/sec/user,p99,2001.31
1,1789646408411513856,1789646418411513856,Active Prefill Throughput Per User,tokens/sec/user,std,606.05
1,1789646408411513856,1789646418411513856,Active Total Throughput,tokens/sec,avg,2987.01
1,1789646408411513856,1789646418411513856,Active Total Throughput,tokens/sec,min,1127.31
1,1789646408411513856,1789646418411513856,Active Total Throughput,tokens/sec,max,31084.03
1,1789646408411513856,1789646418411513856,Active Total Throughput,tokens/sec,p50,1408.94
1,1789646408411513856,1789646418411513856,Active Total Throughput,tokens/sec,p90,1408.94
1,1789646408411513856,1789646418411513856,Active Total Throughput,tokens/sec,p95,27576.06
1,1789646408411513856,1789646418411513856,Active Total Throughput,tokens/sec,p99,31084.03
1,1789646408411513856,1789646418411513856,Active Total Throughput,tokens/sec,std,6564.49
1,1789646408411513856,1789646418411513856,Benchmark Duration,sec,avg,29.54
1,1789646408411513856,1789646418411513856,Decode Duration,ms,avg,17462.61
1,1789646408411513856,1789646418411513856,Decode Duration,ms,min,7575.60
1,1789646408411513856,1789646418411513856,Decode Duration,ms,max,28866.49
1,1789646408411513856,1789646418411513856,Decode Duration,ms,sum,558803.65
1,1789646408411513856,1789646418411513856,Decode Duration,ms,p1,7575.62
1,1789646408411513856,1789646418411513856,Decode Duration,ms,p5,7575.67
1,1789646408411513856,1789646418411513856,Decode Duration,ms,p10,7575.73
1,1789646408411513856,1789646418411513856,Decode Duration,ms,p25,7575.79
1,1789646408411513856,1789646418411513856,Decode Duration,ms,p50,7733.35
1,1789646408411513856,1789646418411513856,Decode Duration,ms,p75,28621.03
1,1789646408411513856,1789646418411513856,Decode Duration,ms,p90,28621.16
1,1789646408411513856,1789646418411513856,Decode Duration,ms,p95,28621.17
1,1789646408411513856,1789646418411513856,Decode Duration,ms,p99,28790.44
1,1789646408411513856,1789646418411513856,Decode Duration,ms,std,10495.93
1,1789646408411513856,1789646418411513856,E2E Output Token Throughput,tokens/sec/user,avg,17.53
1,1789646408411513856,1789646418411513856,E2E Output Token Throughput,tokens/sec/user,min,17.45
1,1789646408411513856,1789646418411513856,E2E Output Token Throughput,tokens/sec/user,max,17.54
1,1789646408411513856,1789646418411513856,E2E Output Token Throughput,tokens/sec/user,sum,561.06
1,1789646408411513856,1789646418411513856,E2E Output Token Throughput,tokens/sec/user,p1,17.48
1,1789646408411513856,1789646418411513856,E2E Output Token Throughput,tokens/sec/user,p5,17.53
1,1789646408411513856,1789646418411513856,E2E Output Token Throughput,tokens/sec/user,p10,17.53
1,1789646408411513856,1789646418411513856,E2E Output Token Throughput,tokens/sec/user,p25,17.53
1,1789646408411513856,1789646418411513856,E2E Output Token Throughput,tokens/sec/user,p50,17.54
1,1789646408411513856,1789646418411513856,E2E Output Token Throughput,tokens/sec/user,p75,17.54
1,1789646408411513856,1789646418411513856,E2E Output Token Throughput,tokens/sec/user,p90,17.54
1,1789646408411513856,1789646418411513856,E2E Output Token Throughput,tokens/sec/user,p95,17.54
1,1789646408411513856,1789646418411513856,E2E Output Token Throughput,tokens/sec/user,p99,17.54
1,1789646408411513856,1789646418411513856,E2E Output Token Throughput,tokens/sec/user,std,0.02
1,1789646408411513856,1789646418411513856,Effective Concurrency,requests,avg,31.98
1,1789646408411513856,1789646418411513856,Effective Concurrency,requests,min,17.00
1,1789646408411513856,1789646418411513856,Effective Concurrency,requests,max,32.00
1,1789646408411513856,1789646418411513856,Effective Concurrency,requests,p50,32.00
1,1789646408411513856,1789646418411513856,Effective Concurrency,requests,p90,32.00
1,1789646408411513856,1789646418411513856,Effective Concurrency,requests,p95,32.00
1,1789646408411513856,1789646418411513856,Effective Concurrency,requests,p99,32.00
1,1789646408411513856,1789646418411513856,Effective Concurrency,requests,std,0.44
1,1789646408411513856,1789646418411513856,Effective Decode Concurrency,requests,avg,27.09
1,1789646408411513856,1789646418411513856,Effective Decode Concurrency,requests,min,1.00
1,1789646408411513856,1789646418411513856,Effective Decode Concurrency,requests,max,32.00
1,1789646408411513856,1789646418411513856,Effective Decode Concurrency,requests,p50,32.00
1,1789646408411513856,1789646418411513856,Effective Decode Concurrency,requests,p90,32.00
1,1789646408411513856,1789646418411513856,Effective Decode Concurrency,requests,p95,32.00
1,1789646408411513856,1789646418411513856,Effective Decode Concurrency,requests,p99,32.00
1,1789646408411513856,1789646418411513856,Effective Decode Concurrency,requests,std,8.74
1,1789646408411513856,1789646418411513856,Effective Decode Throughput,tokens/sec,avg,1633.72
1,1789646408411513856,1789646418411513856,Effective Decode Throughput,tokens/sec,min,0.56
1,1789646408411513856,1789646418411513856,Effective Decode Throughput,tokens/sec,max,11435.94
1,1789646408411513856,1789646418411513856,Effective Decode Throughput,tokens/sec,p50,2120.71
1,1789646408411513856,1789646418411513856,Effective Decode Throughput,tokens/sec,p90,2280.12
1,1789646408411513856,1789646418411513856,Effective Decode Throughput,tokens/sec,p95,2325.84
1,1789646408411513856,1789646418411513856,Effective Decode Throughput,tokens/sec,p99,2985.87
1,1789646408411513856,1789646418411513856,Effective Decode Throughput,tokens/sec,std,983.35
1,1789646408411513856,1789646418411513856,Effective Decode Throughput Per User,tokens/sec/user,avg,51.32
1,1789646408411513856,1789646418411513856,Effective Decode Throughput Per User,tokens/sec/user,min,0.05
1,1789646408411513856,1789646418411513856,Effective Decode Throughput Per User,tokens/sec/user,max,381.20
1,1789646408411513856,1789646418411513856,Effective Decode Throughput Per User,tokens/sec/user,p50,66.27
1,1789646408411513856,1789646418411513856,Effective Decode Throughput Per User,tokens/sec/user,p90,71.25
1,1789646408411513856,1789646418411513856,Effective Decode Throughput Per User,tokens/sec/user,p95,72.68
1,1789646408411513856,1789646418411513856,Effective Decode Throughput Per User,tokens/sec/user,p99,93.31
1,1789646408411513856,1789646418411513856,Effective Decode Throughput Per User,tokens/sec/user,std,30.39
1,1789646408411513856,1789646418411513856,Effective Prefill Concurrency,requests,avg,4.89
1,1789646408411513856,1789646418411513856,Effective Prefill Concurrency,requests,min,0.00
1,1789646408411513856,1789646418411513856,Effective Prefill Concurrency,requests,max,31.00
1,1789646408411513856,1789646418411513856,Effective Prefill Concurrency,requests,p50,0.00
1,1789646408411513856,1789646418411513856,Effective Prefill Concurrency,requests,p90,17.00
1,1789646408411513856,1789646418411513856,Effective Prefill Concurrency,requests,p95,17.00
1,1789646408411513856,1789646418411513856,Effective Prefill Concurrency,requests,p99,31.00
1,1789646408411513856,1789646418411513856,Effective Prefill Concurrency,requests,std,8.71
1,1789646408411513856,1789646418411513856,Effective Prefill Throughput,tokens/sec,avg,1865.40
1,1789646408411513856,1789646418411513856,Effective Prefill Throughput,tokens/sec,min,0.00
1,1789646408411513856,1789646418411513856,Effective Prefill Throughput,tokens/sec,max,30711.47
1,1789646408411513856,1789646418411513856,Effective Prefill Throughput,tokens/sec,p50,0.00
1,1789646408411513856,1789646418411513856,Effective Prefill Throughput,tokens/sec,p90,859.05
1,1789646408411513856,1789646418411513856,Effective Prefill Throughput,tokens/sec,p95,27558.36
1,1789646408411513856,1789646418411513856,Effective Prefill Throughput,tokens/sec,p99,30711.47
1,1789646408411513856,1789646418411513856,Effective Prefill Throughput,tokens/sec,std,6757.03
1,1789646408411513856,1789646418411513856,Effective Prefill Throughput Per User,tokens/sec/user,avg,89.27
1,1789646408411513856,1789646418411513856,Effective Prefill Throughput Per User,tokens/sec/user,min,0.00
1,1789646408411513856,1789646418411513856,Effective Prefill Throughput Per User,tokens/sec/user,max,3256.26
1,1789646408411513856,1789646418411513856,Effective Prefill Throughput Per User,tokens/sec/user,p50,0.00
1,1789646408411513856,1789646418411513856,Effective Prefill Throughput Per User,tokens/sec/user,p90,50.53
1,1789646408411513856,1789646418411513856,Effective Prefill Throughput Per User,tokens/sec/user,p95,888.98
1,1789646408411513856,1789646418411513856,Effective Prefill Throughput Per User,tokens/sec/user,p99,1996.22
1,1789646408411513856,1789646418411513856,Effective Prefill Throughput Per User,tokens/sec/user,std,343.37
1,1789646408411513856,1789646418411513856,Effective Total Throughput,tokens/sec,avg,2987.01
1,1789646408411513856,1789646418411513856,Effective Total Throughput,tokens/sec,min,1127.31
1,1789646408411513856,1789646418411513856,Effective Total Throughput,tokens/sec,max,31084.03
1,1789646408411513856,1789646418411513856,Effective Total Throughput,tokens/sec,p50,1408.94
1,1789646408411513856,1789646418411513856,Effective Total Throughput,tokens/sec,p90,1408.94
1,1789646408411513856,1789646418411513856,Effective Total Throughput,tokens/sec,p95,27576.06
1,1789646408411513856,1789646418411513856,Effective Total Throughput,tokens/sec,p99,31084.03
1,1789646408411513856,1789646418411513856,Effective Total Throughput,tokens/sec,std,6564.49
1,1789646408411513856,1789646418411513856,HTTP Blocked,ms,avg,0.00
1,1789646408411513856,1789646418411513856,HTTP Blocked,ms,min,0.00
1,1789646408411513856,1789646418411513856,HTTP Blocked,ms,max,0.00
1,1789646408411513856,1789646418411513856,HTTP Blocked,ms,sum,0.00
1,1789646408411513856,1789646418411513856,HTTP Blocked,ms,p1,0.00
1,1789646408411513856,1789646418411513856,HTTP Blocked,ms,p5,0.00
1,1789646408411513856,1789646418411513856,HTTP Blocked,ms,p10,0.00
1,1789646408411513856,1789646418411513856,HTTP Blocked,ms,p25,0.00
1,1789646408411513856,1789646418411513856,HTTP Blocked,ms,p50,0.00
1,1789646408411513856,1789646418411513856,HTTP Blocked,ms,p75,0.00
1,1789646408411513856,1789646418411513856,HTTP Blocked,ms,p90,0.00
1,1789646408411513856,1789646418411513856,HTTP Blocked,ms,p95,0.00
1,1789646408411513856,1789646418411513856,HTTP Blocked,ms,p99,0.00
1,1789646408411513856,1789646418411513856,HTTP Blocked,ms,std,0.00
1,1789646408411513856,1789646418411513856,HTTP Chunks Received,count,avg,469.19
1,1789646408411513856,1789646418411513856,HTTP Chunks Received,count,min,426.00
1,1789646408411513856,1789646418411513856,HTTP Chunks Received,count,max,497.00
1,1789646408411513856,1789646418411513856,HTTP Chunks Received,count,sum,15014.00
1,1789646408411513856,1789646418411513856,HTTP Chunks Received,count,p1,434.68
1,1789646408411513856,1789646418411513856,HTTP Chunks Received,count,p5,454.55
1,1789646408411513856,1789646418411513856,HTTP Chunks Received,count,p10,458.00
1,1789646408411513856,1789646418411513856,HTTP Chunks Received,count,p25,464.50
1,1789646408411513856,1789646418411513856,HTTP Chunks Received,count,p50,468.50
1,1789646408411513856,1789646418411513856,HTTP Chunks Received,count,p75,473.25
1,1789646408411513856,1789646418411513856,HTTP Chunks Received,count,p90,488.20
1,1789646408411513856,1789646418411513856,HTTP Chunks Received,count,p95,494.35
1,1789646408411513856,1789646418411513856,HTTP Chunks Received,count,p99,496.69
1,1789646408411513856,1789646418411513856,HTTP Chunks Received,count,std,13.30
1,1789646408411513856,1789646418411513856,HTTP Chunks Sent,count,avg,1.00
1,1789646408411513856,1789646418411513856,HTTP Chunks Sent,count,min,1.00
1,1789646408411513856,1789646418411513856,HTTP Chunks Sent,count,max,1.00
1,1789646408411513856,1789646418411513856,HTTP Chunks Sent,count,sum,32.00
1,1789646408411513856,1789646418411513856,HTTP Chunks Sent,count,p1,1.00
1,1789646408411513856,1789646418411513856,HTTP Chunks Sent,count,p5,1.00
1,1789646408411513856,1789646418411513856,HTTP Chunks Sent,count,p10,1.00
1,1789646408411513856,1789646418411513856,HTTP Chunks Sent,count,p25,1.00
1,1789646408411513856,1789646418411513856,HTTP Chunks Sent,count,p50,1.00
1,1789646408411513856,1789646418411513856,HTTP Chunks Sent,count,p75,1.00
1,1789646408411513856,1789646418411513856,HTTP Chunks Sent,count,p90,1.00
1,1789646408411513856,1789646418411513856,HTTP Chunks Sent,count,p95,1.00
1,1789646408411513856,1789646418411513856,HTTP Chunks Sent,count,p99,1.00
1,1789646408411513856,1789646418411513856,HTTP Chunks Sent,count,std,0.00
1,1789646408411513856,1789646418411513856,HTTP Connecting,ms,avg,0.00
1,1789646408411513856,1789646418411513856,HTTP Connecting,ms,min,0.00
1,1789646408411513856,1789646418411513856,HTTP Connecting,ms,max,0.00
1,1789646408411513856,1789646418411513856,HTTP Connecting,ms,sum,0.00
1,1789646408411513856,1789646418411513856,HTTP Connecting,ms,p1,0.00
1,1789646408411513856,1789646418411513856,HTTP Connecting,ms,p5,0.00
1,1789646408411513856,1789646418411513856,HTTP Connecting,ms,p10,0.00
1,1789646408411513856,1789646418411513856,HTTP Connecting,ms,p25,0.00
1,1789646408411513856,1789646418411513856,HTTP Connecting,ms,p50,0.00
1,1789646408411513856,1789646418411513856,HTTP Connecting,ms,p75,0.00
1,1789646408411513856,1789646418411513856,HTTP Connecting,ms,p90,0.00
1,1789646408411513856,1789646418411513856,HTTP Connecting,ms,p95,0.00
1,1789646408411513856,1789646418411513856,HTTP Connecting,ms,p99,0.00
1,1789646408411513856,1789646418411513856,HTTP Connecting,ms,std,0.00
1,1789646408411513856,1789646418411513856,HTTP Connection Overhead,ms,avg,0.00
1,1789646408411513856,1789646418411513856,HTTP Connection Overhead,ms,min,0.00
1,1789646408411513856,1789646418411513856,HTTP Connection Overhead,ms,max,0.00
1,1789646408411513856,1789646418411513856,HTTP Connection Overhead,ms,sum,0.00
1,1789646408411513856,1789646418411513856,HTTP Connection Overhead,ms,p1,0.00
1,1789646408411513856,1789646418411513856,HTTP Connection Overhead,ms,p5,0.00
1,1789646408411513856,1789646418411513856,HTTP Connection Overhead,ms,p10,0.00
1,1789646408411513856,1789646418411513856,HTTP Connection Overhead,ms,p25,0.00
1,1789646408411513856,1789646418411513856,HTTP Connection Overhead,ms,p50,0.00
1,1789646408411513856,1789646418411513856,HTTP Connection Overhead,ms,p75,0.00
1,1789646408411513856,1789646418411513856,HTTP Connection Overhead,ms,p90,0.00
1,1789646408411513856,1789646418411513856,HTTP Connection Overhead,ms,p95,0.00
1,1789646408411513856,1789646418411513856,HTTP Connection Overhead,ms,p99,0.00
1,1789646408411513856,1789646418411513856,HTTP Connection Overhead,ms,std,0.00
1,1789646408411513856,1789646418411513856,HTTP Connection Reused,ratio,avg,1.00
1,1789646408411513856,1789646418411513856,HTTP Connection Reused,ratio,min,1.00
1,1789646408411513856,1789646418411513856,HTTP Connection Reused,ratio,max,1.00
1,1789646408411513856,1789646418411513856,HTTP Connection Reused,ratio,sum,32.00
1,1789646408411513856,1789646418411513856,HTTP Connection Reused,ratio,p1,1.00
1,1789646408411513856,1789646418411513856,HTTP Connection Reused,ratio,p5,1.00
1,1789646408411513856,1789646418411513856,HTTP Connection Reused,ratio,p10,1.00
1,1789646408411513856,1789646418411513856,HTTP Connection Reused,ratio,p25,1.00
1,1789646408411513856,1789646418411513856,HTTP Connection Reused,ratio,p50,1.00
1,1789646408411513856,1789646418411513856,HTTP Connection Reused,ratio,p75,1.00
1,1789646408411513856,1789646418411513856,HTTP Connection Reused,ratio,p90,1.00
1,1789646408411513856,1789646418411513856,HTTP Connection Reused,ratio,p95,1.00
1,1789646408411513856,1789646418411513856,HTTP Connection Reused,ratio,p99,1.00
1,1789646408411513856,1789646418411513856,HTTP Connection Reused,ratio,std,0.00
1,1789646408411513856,1789646418411513856,HTTP Data Received,KB,avg,125.11
1,1789646408411513856,1789646418411513856,HTTP Data Received,KB,min,113.56
1,1789646408411513856,1789646418411513856,HTTP Data Received,KB,max,132.65
1,1789646408411513856,1789646418411513856,HTTP Data Received,KB,sum,4003.39
1,1789646408411513856,1789646418411513856,HTTP Data Received,KB,p1,115.90
1,1789646408411513856,1789646418411513856,HTTP Data Received,KB,p5,121.26
1,1789646408411513856,1789646418411513856,HTTP Data Received,KB,p10,122.13
1,1789646408411513856,1789646418411513856,HTTP Data Received,KB,p25,123.87
1,1789646408411513856,1789646418411513856,HTTP Data Received,KB,p50,124.94
1,1789646408411513856,1789646418411513856,HTTP Data Received,KB,p75,126.17
1,1789646408411513856,1789646418411513856,HTTP Data Received,KB,p90,130.18
1,1789646408411513856,1789646418411513856,HTTP Data Received,KB,p95,131.78
1,1789646408411513856,1789646418411513856,HTTP Data Received,KB,p99,132.51
1,1789646408411513856,1789646418411513856,HTTP Data Received,KB,std,3.54
1,1789646408411513856,1789646418411513856,HTTP Data Sent,KB,avg,4.57
1,1789646408411513856,1789646418411513856,HTTP Data Sent,KB,min,4.06
1,1789646408411513856,1789646418411513856,HTTP Data Sent,KB,max,4.96
1,1789646408411513856,1789646418411513856,HTTP Data Sent,KB,sum,146.24
1,1789646408411513856,1789646418411513856,HTTP Data Sent,KB,p1,4.07
1,1789646408411513856,1789646418411513856,HTTP Data Sent,KB,p5,4.18
1,1789646408411513856,1789646418411513856,HTTP Data Sent,KB,p10,4.38
1,1789646408411513856,1789646418411513856,HTTP Data Sent,KB,p25,4.47
1,1789646408411513856,1789646418411513856,HTTP Data Sent,KB,p50,4.55
1,1789646408411513856,1789646418411513856,HTTP Data Sent,KB,p75,4.72
1,1789646408411513856,1789646418411513856,HTTP Data Sent,KB,p90,4.83
1,1789646408411513856,1789646418411513856,HTTP Data Sent,KB,p95,4.90
1,1789646408411513856,1789646418411513856,HTTP Data Sent,KB,p99,4.96
1,1789646408411513856,1789646418411513856,HTTP Data Sent,KB,std,0.21
1,1789646408411513856,1789646418411513856,HTTP DNS Lookup,ms,avg,0.00
1,1789646408411513856,1789646418411513856,HTTP DNS Lookup,ms,min,0.00
1,1789646408411513856,1789646418411513856,HTTP DNS Lookup,ms,max,0.00
1,1789646408411513856,1789646418411513856,HTTP DNS Lookup,ms,sum,0.00
1,1789646408411513856,1789646418411513856,HTTP DNS Lookup,ms,p1,0.00
1,1789646408411513856,1789646418411513856,HTTP DNS Lookup,ms,p5,0.00
1,1789646408411513856,1789646418411513856,HTTP DNS Lookup,ms,p10,0.00
1,1789646408411513856,1789646418411513856,HTTP DNS Lookup,ms,p25,0.00
1,1789646408411513856,1789646418411513856,HTTP DNS Lookup,ms,p50,0.00
1,1789646408411513856,1789646418411513856,HTTP DNS Lookup,ms,p75,0.00
1,1789646408411513856,1789646418411513856,HTTP DNS Lookup,ms,p90,0.00
1,1789646408411513856,1789646418411513856,HTTP DNS Lookup,ms,p95,0.00
1,1789646408411513856,1789646418411513856,HTTP DNS Lookup,ms,p99,0.00
1,1789646408411513856,1789646418411513856,HTTP DNS Lookup,ms,std,0.00
1,1789646408411513856,1789646418411513856,HTTP Duration (excl. conn),ms,avg,29202.64
1,1789646408411513856,1789646418411513856,HTTP Duration (excl. conn),ms,min,29184.17
1,1789646408411513856,1789646418411513856,HTTP Duration (excl. conn),ms,max,29339.03
1,1789646408411513856,1789646418411513856,HTTP Duration (excl. conn),ms,sum,934484.34
1,1789646408411513856,1789646418411513856,HTTP Duration (excl. conn),ms,p1,29184.62
1,1789646408411513856,1789646418411513856,HTTP Duration (excl. conn),ms,p5,29189.90
1,1789646408411513856,1789646418411513856,HTTP Duration (excl. conn),ms,p10,29193.63
1,1789646408411513856,1789646418411513856,HTTP Duration (excl. conn),ms,p25,29194.01
1,1789646408411513856,1789646418411513856,HTTP Duration (excl. conn),ms,p50,29196.66
1,1789646408411513856,1789646418411513856,HTTP Duration (excl. conn),ms,p75,29204.63
1,1789646408411513856,1789646418411513856,HTTP Duration (excl. conn),ms,p90,29204.71
1,1789646408411513856,1789646418411513856,HTTP Duration (excl. conn),ms,p95,29205.51
1,1789646408411513856,1789646418411513856,HTTP Duration (excl. conn),ms,p99,29297.91
1,1789646408411513856,1789646418411513856,HTTP Duration (excl. conn),ms,std,25.23
1,1789646408411513856,1789646418411513856,HTTP Receiving,ms,avg,17463.20
1,1789646408411513856,1789646418411513856,HTTP Receiving,ms,min,7575.61
1,1789646408411513856,1789646418411513856,HTTP Receiving,ms,max,28866.50
1,1789646408411513856,1789646418411513856,HTTP Receiving,ms,sum,558822.27
1,1789646408411513856,1789646418411513856,HTTP Receiving,ms,p1,7575.62
1,1789646408411513856,1789646418411513856,HTTP Receiving,ms,p5,7575.68
1,1789646408411513856,1789646418411513856,HTTP Receiving,ms,p10,7575.73
1,1789646408411513856,1789646418411513856,HTTP Receiving,ms,p25,7575.79
1,1789646408411513856,1789646418411513856,HTTP Receiving,ms,p50,7733.36
1,1789646408411513856,1789646418411513856,HTTP Receiving,ms,p75,28621.06
1,1789646408411513856,1789646418411513856,HTTP Receiving,ms,p90,28621.16
1,1789646408411513856,1789646418411513856,HTTP Receiving,ms,p95,28621.18
1,1789646408411513856,1789646418411513856,HTTP Receiving,ms,p99,28790.45
1,1789646408411513856,1789646418411513856,HTTP Receiving,ms,std,10496.54
1,1789646408411513856,1789646418411513856,HTTP Sending,ms,avg,0.20
1,1789646408411513856,1789646418411513856,HTTP Sending,ms,min,0.18
1,1789646408411513856,1789646418411513856,HTTP Sending,ms,max,0.23
1,1789646408411513856,1789646418411513856,HTTP Sending,ms,sum,6.43
1,1789646408411513856,1789646418411513856,HTTP Sending,ms,p1,0.18
1,1789646408411513856,1789646418411513856,HTTP Sending,ms,p5,0.18
1,1789646408411513856,1789646418411513856,HTTP Sending,ms,p10,0.19
1,1789646408411513856,1789646418411513856,HTTP Sending,ms,p25,0.19
1,1789646408411513856,1789646418411513856,HTTP Sending,ms,p50,0.20
1,1789646408411513856,1789646418411513856,HTTP Sending,ms,p75,0.21
1,1789646408411513856,1789646418411513856,HTTP Sending,ms,p90,0.21
1,1789646408411513856,1789646418411513856,HTTP Sending,ms,p95,0.22
1,1789646408411513856,1789646418411513856,HTTP Sending,ms,p99,0.23
1,1789646408411513856,1789646418411513856,HTTP Sending,ms,std,0.01
1,1789646408411513856,1789646418411513856,HTTP Total Time,ms,avg,29202.64
1,1789646408411513856,1789646418411513856,HTTP Total Time,ms,min,29184.17
1,1789646408411513856,1789646418411513856,HTTP Total Time,ms,max,29339.03
1,1789646408411513856,1789646418411513856,HTTP Total Time,ms,sum,934484.34
1,1789646408411513856,1789646418411513856,HTTP Total Time,ms,p1,29184.62
1,1789646408411513856,1789646418411513856,HTTP Total Time,ms,p5,29189.90
1,1789646408411513856,1789646418411513856,HTTP Total Time,ms,p10,29193.63
1,1789646408411513856,1789646418411513856,HTTP Total Time,ms,p25,29194.01
1,1789646408411513856,1789646418411513856,HTTP Total Time,ms,p50,29196.66
1,1789646408411513856,1789646418411513856,HTTP Total Time,ms,p75,29204.63
1,1789646408411513856,1789646418411513856,HTTP Total Time,ms,p90,29204.71
1,1789646408411513856,1789646418411513856,HTTP Total Time,ms,p95,29205.51
1,1789646408411513856,1789646418411513856,HTTP Total Time,ms,p99,29297.91
1,1789646408411513856,1789646418411513856,HTTP Total Time,ms,std,25.23
1,1789646408411513856,1789646418411513856,HTTP Waiting (TTFB),ms,avg,11739.24
1,1789646408411513856,1789646418411513856,HTTP Waiting (TTFB),ms,min,339.71
1,1789646408411513856,1789646418411513856,HTTP Waiting (TTFB),ms,max,21618.30
1,1789646408411513856,1789646418411513856,HTTP Waiting (TTFB),ms,sum,375655.65
1,1789646408411513856,1789646418411513856,HTTP Waiting (TTFB),ms,p1,408.92
1,1789646408411513856,1789646418411513856,HTTP Waiting (TTFB),ms,p5,563.68
1,1789646408411513856,1789646418411513856,HTTP Waiting (TTFB),ms,p10,583.14
1,1789646408411513856,1789646418411513856,HTTP Waiting (TTFB),ms,p25,583.35
1,1789646408411513856,1789646418411513856,HTTP Waiting (TTFB),ms,p50,21465.57
1,1789646408411513856,1789646418411513856,HTTP Waiting (TTFB),ms,p75,21618.09
1,1789646408411513856,1789646418411513856,HTTP Waiting (TTFB),ms,p90,21618.18
1,1789646408411513856,1789646418411513856,HTTP Waiting (TTFB),ms,p95,21618.21
1,1789646408411513856,1789646418411513856,HTTP Waiting (TTFB),ms,p99,21618.28
1,1789646408411513856,1789646418411513856,HTTP Waiting (TTFB),ms,std,10497.00
1,1789646408411513856,1789646418411513856,Input Sequence Length,tokens,avg,1107.00
1,1789646408411513856,1789646418411513856,Input Sequence Length,tokens,min,1107.00
1,1789646408411513856,1789646418411513856,Input Sequence Length,tokens,max,1107.00
1,1789646408411513856,1789646418411513856,Input Sequence Length,tokens,sum,35424.00
1,1789646408411513856,1789646418411513856,Input Sequence Length,tokens,p1,1107.00
1,1789646408411513856,1789646418411513856,Input Sequence Length,tokens,p5,1107.00
1,1789646408411513856,1789646418411513856,Input Sequence Length,tokens,p10,1107.00
1,1789646408411513856,1789646418411513856,Input Sequence Length,tokens,p25,1107.00
1,1789646408411513856,1789646418411513856,Input Sequence Length,tokens,p50,1107.00
1,1789646408411513856,1789646418411513856,Input Sequence Length,tokens,p75,1107.00
1,1789646408411513856,1789646418411513856,Input Sequence Length,tokens,p90,1107.00
1,1789646408411513856,1789646418411513856,Input Sequence Length,tokens,p95,1107.00
1,1789646408411513856,1789646418411513856,Input Sequence Length,tokens,p99,1107.00
1,1789646408411513856,1789646418411513856,Input Sequence Length,tokens,std,0.00
1,1789646408411513856,1789646418411513856,Input Token Throughput,tokens/sec,avg,3542.40
1,1789646408411513856,1789646418411513856,Inter Chunk Latency,ms,avg,37.30
1,1789646408411513856,1789646418411513856,Inter Chunk Latency,ms,min,1.15
1,1789646408411513856,1789646418411513856,Inter Chunk Latency,ms,max,21206.53
1,1789646408411513856,1789646418411513856,Inter Chunk Latency,ms,sum,558803.65
1,1789646408411513856,1789646418411513856,Inter Chunk Latency,ms,p1,8.88
1,1789646408411513856,1789646418411513856,Inter Chunk Latency,ms,p5,13.28
1,1789646408411513856,1789646418411513856,Inter Chunk Latency,ms,p10,14.02
1,1789646408411513856,1789646418411513856,Inter Chunk Latency,ms,p25,14.54
1,1789646408411513856,1789646418411513856,Inter Chunk Latency,ms,p50,14.96
1,1789646408411513856,1789646418411513856,Inter Chunk Latency,ms,p75,15.22
1,1789646408411513856,1789646418411513856,Inter Chunk Latency,ms,p90,15.59
1,1789646408411513856,1789646418411513856,Inter Chunk Latency,ms,p95,29.56
1,1789646408411513856,1789646418411513856,Inter Chunk Latency,ms,p99,30.66
1,1789646408411513856,1789646418411513856,Inter Chunk Latency,ms,std,670.14
1,1789646408411513856,1789646418411513856,Inter Token Latency,ms,avg,34.17
1,1789646408411513856,1789646418411513856,Inter Token Latency,ms,min,14.83
1,1789646408411513856,1789646418411513856,Inter Token Latency,ms,max,56.49
1,1789646408411513856,1789646418411513856,Inter Token Latency,ms,sum,1093.55
1,1789646408411513856,1789646418411513856,Inter Token Latency,ms,p1,14.83
1,1789646408411513856,1789646418411513856,Inter Token Latency,ms,p5,14.83
1,1789646408411513856,1789646418411513856,Inter Token Latency,ms,p10,14.83
1,1789646408411513856,1789646418411513856,Inter Token Latency,ms,p25,14.83
1,1789646408411513856,1789646418411513856,Inter Token Latency,ms,p50,15.13
1,1789646408411513856,1789646418411513856,Inter Token Latency,ms,p75,56.01
1,1789646408411513856,1789646418411513856,Inter Token Latency,ms,p90,56.01
1,1789646408411513856,1789646418411513856,Inter Token Latency,ms,p95,56.01
1,1789646408411513856,1789646418411513856,Inter Token Latency,ms,p99,56.34
1,1789646408411513856,1789646418411513856,Inter Token Latency,ms,std,20.54
1,1789646408411513856,1789646418411513856,OSL Mismatch Count,requests,avg,0.00
1,1789646408411513856,1789646418411513856,OSL Mismatch Diff %,%,avg,0.00
1,1789646408411513856,1789646418411513856,OSL Mismatch Diff %,%,min,0.00
1,1789646408411513856,1789646418411513856,OSL Mismatch Diff %,%,max,0.00
1,1789646408411513856,1789646418411513856,OSL Mismatch Diff %,%,sum,0.00
1,1789646408411513856,1789646418411513856,OSL Mismatch Diff %,%,p1,0.00
1,1789646408411513856,1789646418411513856,OSL Mismatch Diff %,%,p5,0.00
1,1789646408411513856,1789646418411513856,OSL Mismatch Diff %,%,p10,0.00
1,1789646408411513856,1789646418411513856,OSL Mismatch Diff %,%,p25,0.00
1,1789646408411513856,1789646418411513856,OSL Mismatch Diff %,%,p50,0.00
1,1789646408411513856,1789646418411513856,OSL Mismatch Diff %,%,p75,0.00
1,1789646408411513856,1789646418411513856,OSL Mismatch Diff %,%,p90,0.00
1,1789646408411513856,1789646418411513856,OSL Mismatch Diff %,%,p95,0.00
1,1789646408411513856,1789646418411513856,OSL Mismatch Diff %,%,p99,0.00
1,1789646408411513856,1789646418411513856,OSL Mismatch Diff %,%,std,0.00
1,1789646408411513856,1789646418411513856,Output Sequence Length,tokens,avg,512.00
1,1789646408411513856,1789646418411513856,Output Sequence Length,tokens,min,512.00
1,1789646408411513856,1789646418411513856,Output Sequence Length,tokens,max,512.00
1,1789646408411513856,1789646418411513856,Output Sequence Length,tokens,sum,16384.00
1,1789646408411513856,1789646418411513856,Output Sequence Length,tokens,p1,512.00
1,1789646408411513856,1789646418411513856,Output Sequence Length,tokens,p5,512.00
1,1789646408411513856,1789646418411513856,Output Sequence Length,tokens,p10,512.00
1,1789646408411513856,1789646418411513856,Output Sequence Length,tokens,p25,512.00
1,1789646408411513856,1789646418411513856,Output Sequence Length,tokens,p50,512.00
1,1789646408411513856,1789646418411513856,Output Sequence Length,tokens,p75,512.00
1,1789646408411513856,1789646418411513856,Output Sequence Length,tokens,p90,512.00
1,1789646408411513856,1789646418411513856,Output Sequence Length,tokens,p95,512.00
1,1789646408411513856,1789646418411513856,Output Sequence Length,tokens,p99,512.00
1,1789646408411513856,1789646418411513856,Output Sequence Length,tokens,std,0.00
1,1789646408411513856,1789646418411513856,Output Token Throughput,tokens/sec,avg,1638.40
1,1789646408411513856,1789646418411513856,Output Token Throughput Per User,tokens/sec/user,avg,44.07
1,1789646408411513856,1789646418411513856,Output Token Throughput Per User,tokens/sec/user,min,17.70
1,1789646408411513856,1789646418411513856,Output Token Throughput Per User,tokens/sec/user,max,67.45
1,1789646408411513856,1789646418411513856,Output Token Throughput Per User,tokens/sec/user,sum,1410.23
1,1789646408411513856,1789646418411513856,Output Token Throughput Per User,tokens/sec/user,p1,17.75
1,1789646408411513856,1789646418411513856,Output Token Throughput Per User,tokens/sec/user,p5,17.85
1,1789646408411513856,1789646418411513856,Output Token Throughput Per User,tokens/sec/user,p10,17.85
1,1789646408411513856,1789646418411513856,Output Token Throughput Per User,tokens/sec/user,p25,17.85
1,1789646408411513856,1789646418411513856,Output Token Throughput Per User,tokens/sec/user,p50,66.08
1,1789646408411513856,1789646418411513856,Output Token Throughput Per User,tokens/sec/user,p75,67.45
1,1789646408411513856,1789646418411513856,Output Token Throughput Per User,tokens/sec/user,p90,67.45
1,1789646408411513856,1789646418411513856,Output Token Throughput Per User,tokens/sec/user,p95,67.45
1,1789646408411513856,1789646418411513856,Output Token Throughput Per User,tokens/sec/user,p99,67.45
1,1789646408411513856,1789646418411513856,Output Token Throughput Per User,tokens/sec/user,std,24.64
1,1789646408411513856,1789646418411513856,Overall Usage Prompt Cache Read %,%,avg,0.00
1,1789646408411513856,1789646418411513856,Prefill Throughput Per User,tokens/sec/user,avg,962.96
1,1789646408411513856,1789646418411513856,Prefill Throughput Per User,tokens/sec/user,min,51.21
1,1789646408411513856,1789646418411513856,Prefill Throughput Per User,tokens/sec/user,max,3256.25
1,1789646408411513856,1789646418411513856,Prefill Throughput Per User,tokens/sec/user,sum,30814.61
1,1789646408411513856,1789646418411513856,Prefill Throughput Per User,tokens/sec/user,p1,51.21
1,1789646408411513856,1789646418411513856,Prefill Throughput Per User,tokens/sec/user,p5,51.21
1,1789646408411513856,1789646418411513856,Prefill Throughput Per User,tokens/sec/user,p10,51.21
1,1789646408411513856,1789646418411513856,Prefill Throughput Per User,tokens/sec/user,p25,51.21
1,1789646408411513856,1789646418411513856,Prefill Throughput Per User,tokens/sec/user,p50,51.57
1,1789646408411513856,1789646418411513856,Prefill Throughput Per User,tokens/sec/user,p75,1896.76
1,1789646408411513856,1789646418411513856,Prefill Throughput Per User,tokens/sec/user,p90,1897.46
1,1789646408411513856,1789646418411513856,Prefill Throughput Per User,tokens/sec/user,p95,1962.91
1,1789646408411513856,1789646418411513856,Prefill Throughput Per User,tokens/sec/user,p99,2856.08
1,1789646408411513856,1789646418411513856,Prefill Throughput Per User,tokens/sec/user,std,997.71
1,1789646408411513856,1789646418411513856,Reasoning Token Count,tokens,avg,512.00
1,1789646408411513856,1789646418411513856,Reasoning Token Count,tokens,min,512.00
1,1789646408411513856,1789646418411513856,Reasoning Token Count,tokens,max,512.00
1,1789646408411513856,1789646418411513856,Reasoning Token Count,tokens,sum,16384.00
1,1789646408411513856,1789646418411513856,Reasoning Token Count,tokens,p1,512.00
1,1789646408411513856,1789646418411513856,Reasoning Token Count,tokens,p5,512.00
1,1789646408411513856,1789646418411513856,Reasoning Token Count,tokens,p10,512.00
1,1789646408411513856,1789646418411513856,Reasoning Token Count,tokens,p25,512.00
1,1789646408411513856,1789646418411513856,Reasoning Token Count,tokens,p50,512.00
1,1789646408411513856,1789646418411513856,Reasoning Token Count,tokens,p75,512.00
1,1789646408411513856,1789646418411513856,Reasoning Token Count,tokens,p90,512.00
1,1789646408411513856,1789646418411513856,Reasoning Token Count,tokens,p95,512.00
1,1789646408411513856,1789646418411513856,Reasoning Token Count,tokens,p99,512.00
1,1789646408411513856,1789646418411513856,Reasoning Token Count,tokens,std,0.00
1,1789646408411513856,1789646418411513856,Request Count,requests,avg,32.00
1,1789646408411513856,1789646418411513856,Request Latency,ms,avg,29202.13
1,1789646408411513856,1789646418411513856,Request Latency,ms,min,29184.24
1,1789646408411513856,1789646418411513856,Request Latency,ms,max,29339.10
1,1789646408411513856,1789646418411513856,Request Latency,ms,sum,934468.12
1,1789646408411513856,1789646418411513856,Request Latency,ms,p1,29184.69
1,1789646408411513856,1789646418411513856,Request Latency,ms,p5,29186.07
1,1789646408411513856,1789646418411513856,Request Latency,ms,p10,29193.49
1,1789646408411513856,1789646418411513856,Request Latency,ms,p25,29194.05
1,1789646408411513856,1789646418411513856,Request Latency,ms,p50,29194.29
1,1789646408411513856,1789646418411513856,Request Latency,ms,p75,29204.69
1,1789646408411513856,1789646418411513856,Request Latency,ms,p90,29204.73
1,1789646408411513856,1789646418411513856,Request Latency,ms,p95,29205.57
1,1789646408411513856,1789646418411513856,Request Latency,ms,p99,29297.98
1,1789646408411513856,1789646418411513856,Request Latency,ms,std,25.39
1,1789646408411513856,1789646418411513856,Request Throughput,requests/sec,avg,3.20
1,1789646408411513856,1789646418411513856,Time to First Token,ms,avg,11739.51
1,1789646408411513856,1789646418411513856,Time to First Token,ms,min,339.96
1,1789646408411513856,1789646418411513856,Time to First Token,ms,max,21618.58
1,1789646408411513856,1789646418411513856,Time to First Token,ms,sum,375664.48
1,1789646408411513856,1789646418411513856,Time to First Token,ms,p1,409.18
1,1789646408411513856,1789646418411513856,Time to First Token,ms,p5,563.96
1,1789646408411513856,1789646418411513856,Time to First Token,ms,p10,583.41
1,1789646408411513856,1789646418411513856,Time to First Token,ms,p25,583.63
1,1789646408411513856,1789646418411513856,Time to First Token,ms,p50,21465.82
1,1789646408411513856,1789646418411513856,Time to First Token,ms,p75,21618.37
1,1789646408411513856,1789646418411513856,Time to First Token,ms,p90,21618.45
1,1789646408411513856,1789646418411513856,Time to First Token,ms,p95,21618.49
1,1789646408411513856,1789646418411513856,Time to First Token,ms,p99,21618.55
1,1789646408411513856,1789646418411513856,Time to First Token,ms,std,10497.00
1,1789646408411513856,1789646418411513856,Time to Second Token,ms,avg,9286.14
1,1789646408411513856,1789646418411513856,Time to Second Token,ms,min,1.15
1,1789646408411513856,1789646418411513856,Time to Second Token,ms,max,21203.79
1,1789646408411513856,1789646418411513856,Time to Second Token,ms,sum,297156.62
1,1789646408411513856,1789646418411513856,Time to Second Token,ms,p1,1.15
1,1789646408411513856,1789646418411513856,Time to Second Token,ms,p5,1.18
1,1789646408411513856,1789646418411513856,Time to Second Token,ms,p10,2.62
1,1789646408411513856,1789646418411513856,Time to Second Token,ms,p25,2.75
1,1789646408411513856,1789646418411513856,Time to Second Token,ms,p50,2.87
1,1789646408411513856,1789646418411513856,Time to Second Token,ms,p75,21203.56
1,1789646408411513856,1789646418411513856,Time to Second Token,ms,p90,21203.70
1,1789646408411513856,1789646418411513856,Time to Second Token,ms,p95,21203.76
1,1789646408411513856,1789646418411513856,Time to Second Token,ms,p99,21203.79
1,1789646408411513856,1789646418411513856,Time to Second Token,ms,std,10510.32
1,1789646408411513856,1789646418411513856,Tokens In Flight,tokens,avg,41793.60
1,1789646408411513856,1789646418411513856,Tokens In Flight,tokens,min,19840.81
1,1789646408411513856,1789646418411513856,Tokens In Flight,tokens,max,51757.72
1,1789646408411513856,1789646418411513856,Tokens In Flight,tokens,p50,41430.52
1,1789646408411513856,1789646418411513856,Tokens In Flight,tokens,p90,49663.30
1,1789646408411513856,1789646418411513856,Tokens In Flight,tokens,p95,50717.78
1,1789646408411513856,1789646418411513856,Tokens In Flight,tokens,p99,51529.88
1,1789646408411513856,1789646418411513856,Tokens In Flight,tokens,std,5378.60
1,1789646408411513856,1789646418411513856,Total Input Sequence Length,tokens,avg,35424.00
1,1789646408411513856,1789646418411513856,Total Output Sequence Length,tokens,avg,16384.00
1,1789646408411513856,1789646418411513856,Total Reasoning Tokens,tokens,avg,16384.00
1,1789646408411513856,1789646418411513856,Total Token Throughput,tokens/sec,avg,5180.80
1,1789646408411513856,1789646418411513856,Total Usage Completion Tokens,tokens,avg,16384.00
1,1789646408411513856,1789646418411513856,Total Usage Prompt Cache Read Tokens,tokens,avg,0.00
1,1789646408411513856,1789646418411513856,Total Usage Prompt Tokens,tokens,avg,35424.00
1,1789646408411513856,1789646418411513856,Total Usage Reasoning Tokens,tokens,avg,16384.00
1,1789646408411513856,1789646418411513856,Total Usage Total Tokens,tokens,avg,51808.00
1,1789646408411513856,1789646418411513856,Usage Completion Tokens,tokens,avg,512.00
1,1789646408411513856,1789646418411513856,Usage Completion Tokens,tokens,min,512.00
1,1789646408411513856,1789646418411513856,Usage Completion Tokens,tokens,max,512.00
1,1789646408411513856,1789646418411513856,Usage Completion Tokens,tokens,sum,16384.00
1,1789646408411513856,1789646418411513856,Usage Completion Tokens,tokens,p1,512.00
1,1789646408411513856,1789646418411513856,Usage Completion Tokens,tokens,p5,512.00
1,1789646408411513856,1789646418411513856,Usage Completion Tokens,tokens,p10,512.00
1,1789646408411513856,1789646418411513856,Usage Completion Tokens,tokens,p25,512.00
1,1789646408411513856,1789646418411513856,Usage Completion Tokens,tokens,p50,512.00
1,1789646408411513856,1789646418411513856,Usage Completion Tokens,tokens,p75,512.00
1,1789646408411513856,1789646418411513856,Usage Completion Tokens,tokens,p90,512.00
1,1789646408411513856,1789646418411513856,Usage Completion Tokens,tokens,p95,512.00
1,1789646408411513856,1789646418411513856,Usage Completion Tokens,tokens,p99,512.00
1,1789646408411513856,1789646418411513856,Usage Completion Tokens,tokens,std,0.00
1,1789646408411513856,1789646418411513856,Usage Prompt Cache Read Tokens,tokens,avg,0.00
1,1789646408411513856,1789646418411513856,Usage Prompt Cache Read Tokens,tokens,min,0.00
1,1789646408411513856,1789646418411513856,Usage Prompt Cache Read Tokens,tokens,max,0.00
1,1789646408411513856,1789646418411513856,Usage Prompt Cache Read Tokens,tokens,sum,0.00
1,1789646408411513856,1789646418411513856,Usage Prompt Cache Read Tokens,tokens,p1,0.00
1,1789646408411513856,1789646418411513856,Usage Prompt Cache Read Tokens,tokens,p5,0.00
1,1789646408411513856,1789646418411513856,Usage Prompt Cache Read Tokens,tokens,p10,0.00
1,1789646408411513856,1789646418411513856,Usage Prompt Cache Read Tokens,tokens,p25,0.00
1,1789646408411513856,1789646418411513856,Usage Prompt Cache Read Tokens,tokens,p50,0.00
1,1789646408411513856,1789646418411513856,Usage Prompt Cache Read Tokens,tokens,p75,0.00
1,1789646408411513856,1789646418411513856,Usage Prompt Cache Read Tokens,tokens,p90,0.00
1,1789646408411513856,1789646418411513856,Usage Prompt Cache Read Tokens,tokens,p95,0.00
1,1789646408411513856,1789646418411513856,Usage Prompt Cache Read Tokens,tokens,p99,0.00
1,1789646408411513856,1789646418411513856,Usage Prompt Cache Read Tokens,tokens,std,0.00
1,1789646408411513856,1789646418411513856,Usage Prompt Tokens,tokens,avg,1107.00
1,1789646408411513856,1789646418411513856,Usage Prompt Tokens,tokens,min,1107.00
1,1789646408411513856,1789646418411513856,Usage Prompt Tokens,tokens,max,1107.00
1,1789646408411513856,1789646418411513856,Usage Prompt Tokens,tokens,sum,35424.00
1,1789646408411513856,1789646418411513856,Usage Prompt Tokens,tokens,p1,1107.00
1,1789646408411513856,1789646418411513856,Usage Prompt Tokens,tokens,p5,1107.00
1,1789646408411513856,1789646418411513856,Usage Prompt Tokens,tokens,p10,1107.00
1,1789646408411513856,1789646418411513856,Usage Prompt Tokens,tokens,p25,1107.00
1,1789646408411513856,1789646418411513856,Usage Prompt Tokens,tokens,p50,1107.00
1,1789646408411513856,1789646418411513856,Usage Prompt Tokens,tokens,p75,1107.00
1,1789646408411513856,1789646418411513856,Usage Prompt Tokens,tokens,p90,1107.00
1,1789646408411513856,1789646418411513856,Usage Prompt Tokens,tokens,p95,1107.00
1,1789646408411513856,1789646418411513856,Usage Prompt Tokens,tokens,p99,1107.00
1,1789646408411513856,1789646418411513856,Usage Prompt Tokens,tokens,std,0.00
1,1789646408411513856,1789646418411513856,Usage Reasoning Tokens,tokens,avg,512.00
1,1789646408411513856,1789646418411513856,Usage Reasoning Tokens,tokens,min,512.00
1,1789646408411513856,1789646418411513856,Usage Reasoning Tokens,tokens,max,512.00
1,1789646408411513856,1789646418411513856,Usage Reasoning Tokens,tokens,sum,16384.00
1,1789646408411513856,1789646418411513856,Usage Reasoning Tokens,tokens,p1,512.00
1,1789646408411513856,1789646418411513856,Usage Reasoning Tokens,tokens,p5,512.00
1,1789646408411513856,1789646418411513856,Usage Reasoning Tokens,tokens,p10,512.00
1,1789646408411513856,1789646418411513856,Usage Reasoning Tokens,tokens,p25,512.00
1,1789646408411513856,1789646418411513856,Usage Reasoning Tokens,tokens,p50,512.00
1,1789646408411513856,1789646418411513856,Usage Reasoning Tokens,tokens,p75,512.00
1,1789646408411513856,1789646418411513856,Usage Reasoning Tokens,tokens,p90,512.00
1,1789646408411513856,1789646418411513856,Usage Reasoning Tokens,tokens,p95,512.00
1,1789646408411513856,1789646418411513856,Usage Reasoning Tokens,tokens,p99,512.00
1,1789646408411513856,1789646418411513856,Usage Reasoning Tokens,tokens,std,0.00
1,1789646408411513856,1789646418411513856,Usage Total Tokens,tokens,avg,1619.00
1,1789646408411513856,1789646418411513856,Usage Total Tokens,tokens,min,1619.00
1,1789646408411513856,1789646418411513856,Usage Total Tokens,tokens,max,1619.00
1,1789646408411513856,1789646418411513856,Usage Total Tokens,tokens,sum,51808.00
1,1789646408411513856,1789646418411513856,Usage Total Tokens,tokens,p1,1619.00
1,1789646408411513856,1789646418411513856,Usage Total Tokens,tokens,p5,1619.00
1,1789646408411513856,1789646418411513856,Usage Total Tokens,tokens,p10,1619.00
1,1789646408411513856,1789646418411513856,Usage Total Tokens,tokens,p25,1619.00
1,1789646408411513856,1789646418411513856,Usage Total Tokens,tokens,p50,1619.00
1,1789646408411513856,1789646418411513856,Usage Total Tokens,tokens,p75,1619.00
1,1789646408411513856,1789646418411513856,Usage Total Tokens,tokens,p90,1619.00
1,1789646408411513856,1789646418411513856,Usage Total Tokens,tokens,p95,1619.00
1,1789646408411513856,1789646418411513856,Usage Total Tokens,tokens,p99,1619.00
1,1789646408411513856,1789646418411513856,Usage Total Tokens,tokens,std,0.00
2,1789646438411513856,1789646448411513856,Active Decode Throughput,tokens/sec,avg,1784.16
2,1789646438411513856,1789646448411513856,Active Decode Throughput,tokens/sec,min,0.72
2,1789646438411513856,1789646448411513856,Active Decode Throughput,tokens/sec,max,9300.19
2,1789646438411513856,1789646448411513856,Active Decode Throughput,tokens/sec,p50,2144.43
2,1789646438411513856,1789646448411513856,Active Decode Throughput,tokens/sec,p90,2320.07
2,1789646438411513856,1789646448411513856,Active Decode Throughput,tokens/sec,p95,2403.00
2,1789646438411513856,1789646448411513856,Active Decode Throughput,tokens/sec,p99,3487.85
2,1789646438411513856,1789646448411513856,Active Decode Throughput,tokens/sec,std,926.79
2,1789646438411513856,1789646448411513856,Active Decode Throughput Per User,tokens/sec/user,avg,56.09
2,1789646438411513856,1789646448411513856,Active Decode Throughput Per User,tokens/sec/user,min,0.05
2,1789646438411513856,1789646448411513856,Active Decode Throughput Per User,tokens/sec/user,max,320.70
2,1789646438411513856,1789646448411513856,Active Decode Throughput Per User,tokens/sec/user,p50,67.01
2,1789646438411513856,1789646448411513856,Active Decode Throughput Per User,tokens/sec/user,p90,72.50
2,1789646438411513856,1789646448411513856,Active Decode Throughput Per User,tokens/sec/user,p95,75.09
2,1789646438411513856,1789646448411513856,Active Decode Throughput Per User,tokens/sec/user,p99,109.00
2,1789646438411513856,1789646448411513856,Active Decode Throughput Per User,tokens/sec/user,std,28.51
2,1789646438411513856,1789646448411513856,Active Prefill Throughput,tokens/sec,avg,18009.39
2,1789646438411513856,1789646448411513856,Active Prefill Throughput,tokens/sec,min,51.57
2,1789646438411513856,1789646448411513856,Active Prefill Throughput,tokens/sec,max,55003.45
2,1789646438411513856,1789646448411513856,Active Prefill Throughput,tokens/sec,p50,871.27
2,1789646438411513856,1789646448411513856,Active Prefill Throughput,tokens/sec,p90,55003.45
2,1789646438411513856,1789646448411513856,Active Prefill Throughput,tokens/sec,p95,55003.45
2,1789646438411513856,1789646448411513856,Active Prefill Throughput,tokens/sec,p99,55003.45
2,1789646438411513856,1789646448411513856,Active Prefill Throughput,tokens/sec,std,21346.55
2,1789646438411513856,1789646448411513856,Active Prefill Throughput Per User,tokens/sec/user,avg,826.55
2,1789646438411513856,1789646448411513856,Active Prefill Throughput Per User,tokens/sec/user,min,51.25
2,1789646438411513856,1789646448411513856,Active Prefill Throughput Per User,tokens/sec/user,max,3315.91
2,1789646438411513856,1789646448411513856,Active Prefill Throughput Per User,tokens/sec/user,p50,51.25
2,1789646438411513856,1789646448411513856,Active Prefill Throughput Per User,tokens/sec/user,p90,1804.17
2,1789646438411513856,1789646448411513856,Active Prefill Throughput Per User,tokens/sec/user,p95,2035.57
2,1789646438411513856,1789646448411513856,Active Prefill Throughput Per User,tokens/sec/user,p99,2035.57
2,1789646438411513856,1789646448411513856,Active Prefill Throughput Per User,tokens/sec/user,std,890.14
2,1789646438411513856,1789646448411513856,Active Total Throughput,tokens/sec,avg,4893.65
2,1789646438411513856,1789646448411513856,Active Total Throughput,tokens/sec,min,1138.93
2,1789646438411513856,1789646448411513856,Active Total Throughput,tokens/sec,max,55067.72
2,1789646438411513856,1789646448411513856,Active Total Throughput,tokens/sec,p50,1410.22
2,1789646438411513856,1789646448411513856,Active Total Throughput,tokens/sec,p90,2134.76
2,1789646438411513856,1789646448411513856,Active Total Throughput,tokens/sec,p95,31676.14
2,1789646438411513856,1789646448411513856,Active Total Throughput,tokens/sec,p99,55067.72
2,1789646438411513856,1789646448411513856,Active Total Throughput,tokens/sec,std,11783.82
2,1789646438411513856,1789646448411513856,Benchmark Duration,sec,avg,8.62
2,1789646438411513856,1789646448411513856,Decode Duration,ms,avg,7660.88
2,1789646438411513856,1789646448411513856,Decode Duration,ms,min,7571.49
2,1789646438411513856,1789646448411513856,Decode Duration,ms,max,7950.70
2,1789646438411513856,1789646448411513856,Decode Duration,ms,sum,245148.19
2,1789646438411513856,1789646448411513856,Decode Duration,ms,p1,7571.50
2,1789646438411513856,1789646448411513856,Decode Duration,ms,p5,7571.57
2,1789646438411513856,1789646448411513856,Decode Duration,ms,p10,7571.62
2,1789646438411513856,1789646448411513856,Decode Duration,ms,p25,7571.64
2,1789646438411513856,1789646448411513856,Decode Duration,ms,p50,7715.17
2,1789646438411513856,1789646448411513856,Decode Duration,ms,p75,7715.32
2,1789646438411513856,1789646448411513856,Decode Duration,ms,p90,7725.80
2,1789646438411513856,1789646448411513856,Decode Duration,ms,p95,7727.04
2,1789646438411513856,1789646448411513856,Decode Duration,ms,p99,7881.37
2,1789646438411513856,1789646448411513856,Decode Duration,ms,std,88.39
2,1789646438411513856,1789646448411513856,E2E Output Token Throughput,tokens/sec/user,avg,61.81
2,1789646438411513856,1789646448411513856,E2E Output Token Throughput,tokens/sec/user,min,61.80
2,1789646438411513856,1789646448411513856,E2E Output Token Throughput,tokens/sec/user,max,61.83
2,1789646438411513856,1789646448411513856,E2E Output Token Throughput,tokens/sec/user,sum,1977.90
2,1789646438411513856,1789646448411513856,E2E Output Token Throughput,tokens/sec/user,p1,61.80
2,1789646438411513856,1789646448411513856,E2E Output Token Throughput,tokens/sec/user,p5,61.80
2,1789646438411513856,1789646448411513856,E2E Output Token Throughput,tokens/sec/user,p10,61.80
2,1789646438411513856,1789646448411513856,E2E Output Token Throughput,tokens/sec/user,p25,61.80
2,1789646438411513856,1789646448411513856,E2E Output Token Throughput,tokens/sec/user,p50,61.81
2,1789646438411513856,1789646448411513856,E2E Output Token Throughput,tokens/sec/user,p75,61.81
2,1789646438411513856,1789646448411513856,E2E Output Token Throughput,tokens/sec/user,p90,61.82
2,1789646438411513856,1789646448411513856,E2E Output Token Throughput,tokens/sec/user,p95,61.83
2,1789646438411513856,1789646448411513856,E2E Output Token Throughput,tokens/sec/user,p99,61.83
2,1789646438411513856,1789646448411513856,E2E Output Token Throughput,tokens/sec/user,std,0.01
2,1789646438411513856,1789646448411513856,Effective Concurrency,requests,avg,31.99
2,1789646438411513856,1789646448411513856,Effective Concurrency,requests,min,18.00
2,1789646438411513856,1789646448411513856,Effective Concurrency,requests,max,32.00
2,1789646438411513856,1789646448411513856,Effective Concurrency,requests,p50,32.00
2,1789646438411513856,1789646448411513856,Effective Concurrency,requests,p90,32.00
2,1789646438411513856,1789646448411513856,Effective Concurrency,requests,p95,32.00
2,1789646438411513856,1789646448411513856,Effective Concurrency,requests,p99,32.00
2,1789646438411513856,1789646448411513856,Effective Concurrency,requests,std,0.36
2,1789646438411513856,1789646448411513856,Effective Decode Concurrency,requests,avg,28.08
2,1789646438411513856,1789646448411513856,Effective Decode Concurrency,requests,min,1.00
2,1789646438411513856,1789646448411513856,Effective Decode Concurrency,requests,max,32.00
2,1789646438411513856,1789646448411513856,Effective Decode Concurrency,requests,p50,32.00
2,1789646438411513856,1789646448411513856,Effective Decode Concurrency,requests,p90,32.00
2,1789646438411513856,1789646448411513856,Effective Decode Concurrency,requests,p95,32.00
2,1789646438411513856,1789646448411513856,Effective Decode Concurrency,requests,p99,32.00
2,1789646438411513856,1789646448411513856,Effective Decode Concurrency,requests,std,8.21
2,1789646438411513856,1789646448411513856,Effective Decode Throughput,tokens/sec,avg,1784.16
2,1789646438411513856,1789646448411513856,Effective Decode Throughput,tokens/sec,min,0.72
2,1789646438411513856,1789646448411513856,Effective Decode Throughput,tokens/sec,max,9300.19
2,1789646438411513856,1789646448411513856,Effective Decode Throughput,tokens/sec,p50,2144.43
2,1789646438411513856,1789646448411513856,Effective Decode Throughput,tokens/sec,p90,2320.07
2,1789646438411513856,1789646448411513856,Effective Decode Throughput,tokens/sec,p95,2403.00
2,1789646438411513856,1789646448411513856,Effective Decode Throughput,tokens/sec,p99,3487.85
2,1789646438411513856,1789646448411513856,Effective Decode Throughput,tokens/sec,std,926.79
2,1789646438411513856,1789646448411513856,Effective Decode Throughput Per User,tokens/sec/user,avg,56.09
2,1789646438411513856,1789646448411513856,Effective Decode Throughput Per User,tokens/sec/user,min,0.05
2,1789646438411513856,1789646448411513856,Effective Decode Throughput Per User,tokens/sec/user,max,320.70
2,1789646438411513856,1789646448411513856,Effective Decode Throughput Per User,tokens/sec/user,p50,67.01
2,1789646438411513856,1789646448411513856,Effective Decode Throughput Per User,tokens/sec/user,p90,72.50
2,1789646438411513856,1789646448411513856,Effective Decode Throughput Per User,tokens/sec/user,p95,75.09
2,1789646438411513856,1789646448411513856,Effective Decode Throughput Per User,tokens/sec/user,p99,109.00
2,1789646438411513856,1789646448411513856,Effective Decode Throughput Per User,tokens/sec/user,std,28.51
2,1789646438411513856,1789646448411513856,Effective Prefill Concurrency,requests,avg,3.91
2,1789646438411513856,1789646448411513856,Effective Prefill Concurrency,requests,min,0.00
2,1789646438411513856,1789646448411513856,Effective Prefill Concurrency,requests,max,31.00
2,1789646438411513856,1789646448411513856,Effective Prefill Concurrency,requests,p50,0.00
2,1789646438411513856,1789646448411513856,Effective Prefill Concurrency,requests,p90,17.00
2,1789646438411513856,1789646448411513856,Effective Prefill Concurrency,requests,p95,17.00
2,1789646438411513856,1789646448411513856,Effective Prefill Concurrency,requests,p99,31.00
2,1789646438411513856,1789646448411513856,Effective Prefill Concurrency,requests,std,8.19
2,1789646438411513856,1789646448411513856,Effective Prefill Throughput,tokens/sec,avg,3640.72
2,1789646438411513856,1789646448411513856,Effective Prefill Throughput,tokens/sec,min,0.00
2,1789646438411513856,1789646448411513856,Effective Prefill Throughput,tokens/sec,max,55003.45
2,1789646438411513856,1789646448411513856,Effective Prefill Throughput,tokens/sec,p50,0.00
2,1789646438411513856,1789646448411513856,Effective Prefill Throughput,tokens/sec,p90,871.27
2,1789646438411513856,1789646448411513856,Effective Prefill Throughput,tokens/sec,p95,30533.58
2,1789646438411513856,1789646448411513856,Effective Prefill Throughput,tokens/sec,p99,55003.45
2,1789646438411513856,1789646448411513856,Effective Prefill Throughput,tokens/sec,std,12017.91
2,1789646438411513856,1789646448411513856,Effective Prefill Throughput Per User,tokens/sec/user,avg,167.09
2,1789646438411513856,1789646448411513856,Effective Prefill Throughput Per User,tokens/sec/user,min,0.00
2,1789646438411513856,1789646448411513856,Effective Prefill Throughput Per User,tokens/sec/user,max,3315.91
2,1789646438411513856,1789646448411513856,Effective Prefill Throughput Per User,tokens/sec/user,p50,0.00
2,1789646438411513856,1789646448411513856,Effective Prefill Throughput Per User,tokens/sec/user,p90,51.25
2,1789646438411513856,1789646448411513856,Effective Prefill Throughput Per User,tokens/sec/user,p95,1774.30
2,1789646438411513856,1789646448411513856,Effective Prefill Throughput Per User,tokens/sec/user,p99,2035.57
2,1789646438411513856,1789646448411513856,Effective Prefill Throughput Per User,tokens/sec/user,std,519.97
2,1789646438411513856,1789646448411513856,Effective Total Throughput,tokens/sec,avg,4893.65
2,1789646438411513856,1789646448411513856,Effective Total Throughput,tokens/sec,min,1138.93
2,1789646438411513856,1789646448411513856,Effective Total Throughput,tokens/sec,max,55067.72
2,1789646438411513856,1789646448411513856,Effective Total Throughput,tokens/sec,p50,1410.22
2,1789646438411513856,1789646448411513856,Effective Total Throughput,tokens/sec,p90,2134.76
2,1789646438411513856,1789646448411513856,Effective Total Throughput,tokens/sec,p95,31676.14
2,1789646438411513856,1789646448411513856,Effective Total Throughput,tokens/sec,p99,55067.72
2,1789646438411513856,1789646448411513856,Effective Total Throughput,tokens/sec,std,11783.82
2,1789646438411513856,1789646448411513856,HTTP Blocked,ms,avg,0.00
2,1789646438411513856,1789646448411513856,HTTP Blocked,ms,min,0.00
2,1789646438411513856,1789646448411513856,HTTP Blocked,ms,max,0.00
2,1789646438411513856,1789646448411513856,HTTP Blocked,ms,sum,0.00
2,1789646438411513856,1789646448411513856,HTTP Blocked,ms,p1,0.00
2,1789646438411513856,1789646448411513856,HTTP Blocked,ms,p5,0.00
2,1789646438411513856,1789646448411513856,HTTP Blocked,ms,p10,0.00
2,1789646438411513856,1789646448411513856,HTTP Blocked,ms,p25,0.00
2,1789646438411513856,1789646448411513856,HTTP Blocked,ms,p50,0.00
2,1789646438411513856,1789646448411513856,HTTP Blocked,ms,p75,0.00
2,1789646438411513856,1789646448411513856,HTTP Blocked,ms,p90,0.00
2,1789646438411513856,1789646448411513856,HTTP Blocked,ms,p95,0.00
2,1789646438411513856,1789646448411513856,HTTP Blocked,ms,p99,0.00
2,1789646438411513856,1789646448411513856,HTTP Blocked,ms,std,0.00
2,1789646438411513856,1789646448411513856,HTTP Chunks Received,count,avg,472.12
2,1789646438411513856,1789646448411513856,HTTP Chunks Received,count,min,435.00
2,1789646438411513856,1789646448411513856,HTTP Chunks Received,count,max,505.00
2,1789646438411513856,1789646448411513856,HTTP Chunks Received,count,sum,15108.00
2,1789646438411513856,1789646448411513856,HTTP Chunks Received,count,p1,440.27
2,1789646438411513856,1789646448411513856,HTTP Chunks Received,count,p5,452.55
2,1789646438411513856,1789646448411513856,HTTP Chunks Received,count,p10,456.20
2,1789646438411513856,1789646448411513856,HTTP Chunks Received,count,p25,462.50
2,1789646438411513856,1789646448411513856,HTTP Chunks Received,count,p50,471.50
2,1789646438411513856,1789646448411513856,HTTP Chunks Received,count,p75,479.50
2,1789646438411513856,1789646448411513856,HTTP Chunks Received,count,p90,495.90
2,1789646438411513856,1789646448411513856,HTTP Chunks Received,count,p95,498.90
2,1789646438411513856,1789646448411513856,HTTP Chunks Received,count,p99,503.45
2,1789646438411513856,1789646448411513856,HTTP Chunks Received,count,std,15.16
2,1789646438411513856,1789646448411513856,HTTP Chunks Sent,count,avg,1.00
2,1789646438411513856,1789646448411513856,HTTP Chunks Sent,count,min,1.00
2,1789646438411513856,1789646448411513856,HTTP Chunks Sent,count,max,1.00
2,1789646438411513856,1789646448411513856,HTTP Chunks Sent,count,sum,32.00
2,1789646438411513856,1789646448411513856,HTTP Chunks Sent,count,p1,1.00
2,1789646438411513856,1789646448411513856,HTTP Chunks Sent,count,p5,1.00
2,1789646438411513856,1789646448411513856,HTTP Chunks Sent,count,p10,1.00
2,1789646438411513856,1789646448411513856,HTTP Chunks Sent,count,p25,1.00
2,1789646438411513856,1789646448411513856,HTTP Chunks Sent,count,p50,1.00
2,1789646438411513856,1789646448411513856,HTTP Chunks Sent,count,p75,1.00
2,1789646438411513856,1789646448411513856,HTTP Chunks Sent,count,p90,1.00
2,1789646438411513856,1789646448411513856,HTTP Chunks Sent,count,p95,1.00
2,1789646438411513856,1789646448411513856,HTTP Chunks Sent,count,p99,1.00
2,1789646438411513856,1789646448411513856,HTTP Chunks Sent,count,std,0.00
2,1789646438411513856,1789646448411513856,HTTP Connecting,ms,avg,0.00
2,1789646438411513856,1789646448411513856,HTTP Connecting,ms,min,0.00
2,1789646438411513856,1789646448411513856,HTTP Connecting,ms,max,0.00
2,1789646438411513856,1789646448411513856,HTTP Connecting,ms,sum,0.00
2,1789646438411513856,1789646448411513856,HTTP Connecting,ms,p1,0.00
2,1789646438411513856,1789646448411513856,HTTP Connecting,ms,p5,0.00
2,1789646438411513856,1789646448411513856,HTTP Connecting,ms,p10,0.00
2,1789646438411513856,1789646448411513856,HTTP Connecting,ms,p25,0.00
2,1789646438411513856,1789646448411513856,HTTP Connecting,ms,p50,0.00
2,1789646438411513856,1789646448411513856,HTTP Connecting,ms,p75,0.00
2,1789646438411513856,1789646448411513856,HTTP Connecting,ms,p90,0.00
2,1789646438411513856,1789646448411513856,HTTP Connecting,ms,p95,0.00
2,1789646438411513856,1789646448411513856,HTTP Connecting,ms,p99,0.00
2,1789646438411513856,1789646448411513856,HTTP Connecting,ms,std,0.00
2,1789646438411513856,1789646448411513856,HTTP Connection Overhead,ms,avg,0.00
2,1789646438411513856,1789646448411513856,HTTP Connection Overhead,ms,min,0.00
2,1789646438411513856,1789646448411513856,HTTP Connection Overhead,ms,max,0.00
2,1789646438411513856,1789646448411513856,HTTP Connection Overhead,ms,sum,0.00
2,1789646438411513856,1789646448411513856,HTTP Connection Overhead,ms,p1,0.00
2,1789646438411513856,1789646448411513856,HTTP Connection Overhead,ms,p5,0.00
2,1789646438411513856,1789646448411513856,HTTP Connection Overhead,ms,p10,0.00
2,1789646438411513856,1789646448411513856,HTTP Connection Overhead,ms,p25,0.00
2,1789646438411513856,1789646448411513856,HTTP Connection Overhead,ms,p50,0.00
2,1789646438411513856,1789646448411513856,HTTP Connection Overhead,ms,p75,0.00
2,1789646438411513856,1789646448411513856,HTTP Connection Overhead,ms,p90,0.00
2,1789646438411513856,1789646448411513856,HTTP Connection Overhead,ms,p95,0.00
2,1789646438411513856,1789646448411513856,HTTP Connection Overhead,ms,p99,0.00
2,1789646438411513856,1789646448411513856,HTTP Connection Overhead,ms,std,0.00
2,1789646438411513856,1789646448411513856,HTTP Connection Reused,ratio,avg,1.00
2,1789646438411513856,1789646448411513856,HTTP Connection Reused,ratio,min,1.00
2,1789646438411513856,1789646448411513856,HTTP Connection Reused,ratio,max,1.00
2,1789646438411513856,1789646448411513856,HTTP Connection Reused,ratio,sum,32.00
2,1789646438411513856,1789646448411513856,HTTP Connection Reused,ratio,p1,1.00
2,1789646438411513856,1789646448411513856,HTTP Connection Reused,ratio,p5,1.00
2,1789646438411513856,1789646448411513856,HTTP Connection Reused,ratio,p10,1.00
2,1789646438411513856,1789646448411513856,HTTP Connection Reused,ratio,p25,1.00
2,1789646438411513856,1789646448411513856,HTTP Connection Reused,ratio,p50,1.00
2,1789646438411513856,1789646448411513856,HTTP Connection Reused,ratio,p75,1.00
2,1789646438411513856,1789646448411513856,HTTP Connection Reused,ratio,p90,1.00
2,1789646438411513856,1789646448411513856,HTTP Connection Reused,ratio,p95,1.00
2,1789646438411513856,1789646448411513856,HTTP Connection Reused,ratio,p99,1.00
2,1789646438411513856,1789646448411513856,HTTP Connection Reused,ratio,std,0.00
2,1789646438411513856,1789646448411513856,HTTP Data Received,KB,avg,125.91
2,1789646438411513856,1789646448411513856,HTTP Data Received,KB,min,116.39
2,1789646438411513856,1789646448411513856,HTTP Data Received,KB,max,134.82
2,1789646438411513856,1789646448411513856,HTTP Data Received,KB,sum,4029.05
2,1789646438411513856,1789646448411513856,HTTP Data Received,KB,p1,117.69
2,1789646438411513856,1789646448411513856,HTTP Data Received,KB,p5,120.71
2,1789646438411513856,1789646448411513856,HTTP Data Received,KB,p10,121.66
2,1789646438411513856,1789646448411513856,HTTP Data Received,KB,p25,123.46
2,1789646438411513856,1789646448411513856,HTTP Data Received,KB,p50,125.73
2,1789646438411513856,1789646448411513856,HTTP Data Received,KB,p75,127.73
2,1789646438411513856,1789646448411513856,HTTP Data Received,KB,p90,132.22
2,1789646438411513856,1789646448411513856,HTTP Data Received,KB,p95,132.91
2,1789646438411513856,1789646448411513856,HTTP Data Received,KB,p99,134.33
2,1789646438411513856,1789646448411513856,HTTP Data Received,KB,std,3.98
2,1789646438411513856,1789646448411513856,HTTP Data Sent,KB,avg,4.59
2,1789646438411513856,1789646448411513856,HTTP Data Sent,KB,min,4.16
2,1789646438411513856,1789646448411513856,HTTP Data Sent,KB,max,4.96
2,1789646438411513856,1789646448411513856,HTTP Data Sent,KB,sum,146.89
2,1789646438411513856,1789646448411513856,HTTP Data Sent,KB,p1,4.23
2,1789646438411513856,1789646448411513856,HTTP Data Sent,KB,p5,4.38
2,1789646438411513856,1789646448411513856,HTTP Data Sent,KB,p10,4.39
2,1789646438411513856,1789646448411513856,HTTP Data Sent,KB,p25,4.48
2,1789646438411513856,1789646448411513856,HTTP Data Sent,KB,p50,4.56
2,1789646438411513856,1789646448411513856,HTTP Data Sent,KB,p75,4.70
2,1789646438411513856,1789646448411513856,HTTP Data Sent,KB,p90,4.85
2,1789646438411513856,1789646448411513856,HTTP Data Sent,KB,p95,4.87
2,1789646438411513856,1789646448411513856,HTTP Data Sent,KB,p99,4.94
2,1789646438411513856,1789646448411513856,HTTP Data Sent,KB,std,0.17
2,1789646438411513856,1789646448411513856,HTTP DNS Lookup,ms,avg,0.00
2,1789646438411513856,1789646448411513856,HTTP DNS Lookup,ms,min,0.00
2,1789646438411513856,1789646448411513856,HTTP DNS Lookup,ms,max,0.00
2,1789646438411513856,1789646448411513856,HTTP DNS Lookup,ms,sum,0.00
2,1789646438411513856,1789646448411513856,HTTP DNS Lookup,ms,p1,0.00
2,1789646438411513856,1789646448411513856,HTTP DNS Lookup,ms,p5,0.00
2,1789646438411513856,1789646448411513856,HTTP DNS Lookup,ms,p10,0.00
2,1789646438411513856,1789646448411513856,HTTP DNS Lookup,ms,p25,0.00
2,1789646438411513856,1789646448411513856,HTTP DNS Lookup,ms,p50,0.00
2,1789646438411513856,1789646448411513856,HTTP DNS Lookup,ms,p75,0.00
2,1789646438411513856,1789646448411513856,HTTP DNS Lookup,ms,p90,0.00
2,1789646438411513856,1789646448411513856,HTTP DNS Lookup,ms,p95,0.00
2,1789646438411513856,1789646448411513856,HTTP DNS Lookup,ms,p99,0.00
2,1789646438411513856,1789646448411513856,HTTP DNS Lookup,ms,std,0.00
2,1789646438411513856,1789646448411513856,HTTP Duration (excl. conn),ms,avg,8283.48
2,1789646438411513856,1789646448411513856,HTTP Duration (excl. conn),ms,min,8280.57
2,1789646438411513856,1789646448411513856,HTTP Duration (excl. conn),ms,max,8284.72
2,1789646438411513856,1789646448411513856,HTTP Duration (excl. conn),ms,sum,265071.48
2,1789646438411513856,1789646448411513856,HTTP Duration (excl. conn),ms,p1,8280.58
2,1789646438411513856,1789646448411513856,HTTP Duration (excl. conn),ms,p5,8280.62
2,1789646438411513856,1789646448411513856,HTTP Duration (excl. conn),ms,p10,8282.71
2,1789646438411513856,1789646448411513856,HTTP Duration (excl. conn),ms,p25,8282.88
2,1789646438411513856,1789646448411513856,HTTP Duration (excl. conn),ms,p50,8283.00
2,1789646438411513856,1789646448411513856,HTTP Duration (excl. conn),ms,p75,8284.59
2,1789646438411513856,1789646448411513856,HTTP Duration (excl. conn),ms,p90,8284.63
2,1789646438411513856,1789646448411513856,HTTP Duration (excl. conn),ms,p95,8284.67
2,1789646438411513856,1789646448411513856,HTTP Duration (excl. conn),ms,p99,8284.71
2,1789646438411513856,1789646448411513856,HTTP Duration (excl. conn),ms,std,1.23
2,1789646438411513856,1789646448411513856,HTTP Receiving,ms,avg,7660.88
2,1789646438411513856,1789646448411513856,HTTP Receiving,ms,min,7571.50
2,1789646438411513856,1789646448411513856,HTTP Receiving,ms,max,7950.70
2,1789646438411513856,1789646448411513856,HTTP Receiving,ms,sum,245148.31
2,1789646438411513856,1789646448411513856,HTTP Receiving,ms,p1,7571.51
2,1789646438411513856,1789646448411513856,HTTP Receiving,ms,p5,7571.57
2,1789646438411513856,1789646448411513856,HTTP Receiving,ms,p10,7571.62
2,1789646438411513856,1789646448411513856,HTTP Receiving,ms,p25,7571.64
2,1789646438411513856,1789646448411513856,HTTP Receiving,ms,p50,7715.18
2,1789646438411513856,1789646448411513856,HTTP Receiving,ms,p75,7715.32
2,1789646438411513856,1789646448411513856,HTTP Receiving,ms,p90,7725.80
2,1789646438411513856,1789646448411513856,HTTP Receiving,ms,p95,7727.04
2,1789646438411513856,1789646448411513856,HTTP Receiving,ms,p99,7881.38
2,1789646438411513856,1789646448411513856,HTTP Receiving,ms,std,88.39
2,1789646438411513856,1789646448411513856,HTTP Sending,ms,avg,0.14
2,1789646438411513856,1789646448411513856,HTTP Sending,ms,min,0.13
2,1789646438411513856,1789646448411513856,HTTP Sending,ms,max,0.16
2,1789646438411513856,1789646448411513856,HTTP Sending,ms,sum,4.49
2,1789646438411513856,1789646448411513856,HTTP Sending,ms,p1,0.13
2,1789646438411513856,1789646448411513856,HTTP Sending,ms,p5,0.13
2,1789646438411513856,1789646448411513856,HTTP Sending,ms,p10,0.13
2,1789646438411513856,1789646448411513856,HTTP Sending,ms,p25,0.14
2,1789646438411513856,1789646448411513856,HTTP Sending,ms,p50,0.14
2,1789646438411513856,1789646448411513856,HTTP Sending,ms,p75,0.14
2,1789646438411513856,1789646448411513856,HTTP Sending,ms,p90,0.15
2,1789646438411513856,1789646448411513856,HTTP Sending,ms,p95,0.15
2,1789646438411513856,1789646448411513856,HTTP Sending,ms,p99,0.16
2,1789646438411513856,1789646448411513856,HTTP Sending,ms,std,0.01
2,1789646438411513856,1789646448411513856,HTTP Total Time,ms,avg,8283.48
2,1789646438411513856,1789646448411513856,HTTP Total Time,ms,min,8280.57
2,1789646438411513856,1789646448411513856,HTTP Total Time,ms,max,8284.72
2,1789646438411513856,1789646448411513856,HTTP Total Time,ms,sum,265071.48
2,1789646438411513856,1789646448411513856,HTTP Total Time,ms,p1,8280.58
2,1789646438411513856,1789646448411513856,HTTP Total Time,ms,p5,8280.62
2,1789646438411513856,1789646448411513856,HTTP Total Time,ms,p10,8282.71
2,1789646438411513856,1789646448411513856,HTTP Total Time,ms,p25,8282.88
2,1789646438411513856,1789646448411513856,HTTP Total Time,ms,p50,8283.00
2,1789646438411513856,1789646448411513856,HTTP Total Time,ms,p75,8284.59
2,1789646438411513856,1789646448411513856,HTTP Total Time,ms,p90,8284.63
2,1789646438411513856,1789646448411513856,HTTP Total Time,ms,p95,8284.67
2,1789646438411513856,1789646448411513856,HTTP Total Time,ms,p99,8284.71
2,1789646438411513856,1789646448411513856,HTTP Total Time,ms,std,1.23
2,1789646438411513856,1789646448411513856,HTTP Waiting (TTFB),ms,avg,622.46
2,1789646438411513856,1789646448411513856,HTTP Waiting (TTFB),ms,min,333.65
2,1789646438411513856,1789646448411513856,HTTP Waiting (TTFB),ms,max,711.23
2,1789646438411513856,1789646448411513856,HTTP Waiting (TTFB),ms,sum,19918.68
2,1789646438411513856,1789646448411513856,HTTP Waiting (TTFB),ms,p1,401.78
2,1789646438411513856,1789646448411513856,HTTP Waiting (TTFB),ms,p5,553.43
2,1789646438411513856,1789646448411513856,HTTP Waiting (TTFB),ms,p10,555.07
2,1789646438411513856,1789646448411513856,HTTP Waiting (TTFB),ms,p25,569.15
2,1789646438411513856,1789646448411513856,HTTP Waiting (TTFB),ms,p50,569.31
2,1789646438411513856,1789646448411513856,HTTP Waiting (TTFB),ms,p75,711.10
2,1789646438411513856,1789646448411513856,HTTP Waiting (TTFB),ms,p90,711.19
2,1789646438411513856,1789646448411513856,HTTP Waiting (TTFB),ms,p95,711.22
2,1789646438411513856,1789646448411513856,HTTP Waiting (TTFB),ms,p99,711.23
2,1789646438411513856,1789646448411513856,HTTP Waiting (TTFB),ms,std,87.94
2,1789646438411513856,1789646448411513856,Input Sequence Length,tokens,avg,1107.00
2,1789646438411513856,1789646448411513856,Input Sequence Length,tokens,min,1107.00
2,1789646438411513856,1789646448411513856,Input Sequence Length,tokens,max,1107.00
2,1789646438411513856,1789646448411513856,Input Sequence Length,tokens,sum,35424.00
2,1789646438411513856,1789646448411513856,Input Sequence Length,tokens,p1,1107.00
2,1789646438411513856,1789646448411513856,Input Sequence Length,tokens,p5,1107.00
2,1789646438411513856,1789646448411513856,Input Sequence Length,tokens,p10,1107.00
2,1789646438411513856,1789646448411513856,Input Sequence Length,tokens,p25,1107.00
2,1789646438411513856,1789646448411513856,Input Sequence Length,tokens,p50,1107.00
2,1789646438411513856,1789646448411513856,Input Sequence Length,tokens,p75,1107.00
2,1789646438411513856,1789646448411513856,Input Sequence Length,tokens,p90,1107.00
2,1789646438411513856,1789646448411513856,Input Sequence Length,tokens,p95,1107.00
2,1789646438411513856,1789646448411513856,Input Sequence Length,tokens,p99,1107.00
2,1789646438411513856,1789646448411513856,Input Sequence Length,tokens,std,0.00
2,1789646438411513856,1789646448411513856,Input Token Throughput,tokens/sec,avg,3542.40
2,1789646438411513856,1789646448411513856,Inter Chunk Latency,ms,avg,16.26
2,1789646438411513856,1789646448411513856,Inter Chunk Latency,ms,min,2.45
2,1789646438411513856,1789646448411513856,Inter Chunk Latency,ms,max,302.94
2,1789646438411513856,1789646448411513856,Inter Chunk Latency,ms,sum,245148.19
2,1789646438411513856,1789646448411513856,Inter Chunk Latency,ms,p1,9.09
2,1789646438411513856,1789646448411513856,Inter Chunk Latency,ms,p5,13.37
2,1789646438411513856,1789646448411513856,Inter Chunk Latency,ms,p10,14.06
2,1789646438411513856,1789646448411513856,Inter Chunk Latency,ms,p25,14.47
2,1789646438411513856,1789646448411513856,Inter Chunk Latency,ms,p50,14.87
2,1789646438411513856,1789646448411513856,Inter Chunk Latency,ms,p75,15.21
2,1789646438411513856,1789646448411513856,Inter Chunk Latency,ms,p90,15.72
2,1789646438411513856,1789646448411513856,Inter Chunk Latency,ms,p95,29.21
2,1789646438411513856,1789646448411513856,Inter Chunk Latency,ms,p99,30.85
2,1789646438411513856,1789646448411513856,Inter Chunk Latency,ms,std,11.40
2,1789646438411513856,1789646448411513856,Inter Token Latency,ms,avg,14.99
2,1789646438411513856,1789646448411513856,Inter Token Latency,ms,min,14.82
2,1789646438411513856,1789646448411513856,Inter Token Latency,ms,max,15.56
2,1789646438411513856,1789646448411513856,Inter Token Latency,ms,sum,479.74
2,1789646438411513856,1789646448411513856,Inter Token Latency,ms,p1,14.82
2,1789646438411513856,1789646448411513856,Inter Token Latency,ms,p5,14.82
2,1789646438411513856,1789646448411513856,Inter Token Latency,ms,p10,14.82
2,1789646438411513856,1789646448411513856,Inter Token Latency,ms,p25,14.82
2,1789646438411513856,1789646448411513856,Inter Token Latency,ms,p50,15.10
2,1789646438411513856,1789646448411513856,Inter Token Latency,ms,p75,15.10
2,1789646438411513856,1789646448411513856,Inter Token Latency,ms,p90,15.12
2,1789646438411513856,1789646448411513856,Inter Token Latency,ms,p95,15.12
2,1789646438411513856,1789646448411513856,Inter Token Latency,ms,p99,15.42
2,1789646438411513856,1789646448411513856,Inter Token Latency,ms,std,0.17
2,1789646438411513856,1789646448411513856,OSL Mismatch Count,requests,avg,0.00
2,1789646438411513856,1789646448411513856,OSL Mismatch Diff %,%,avg,0.00
2,1789646438411513856,1789646448411513856,OSL Mismatch Diff %,%,min,0.00
2,1789646438411513856,1789646448411513856,OSL Mismatch Diff %,%,max,0.00
2,1789646438411513856,1789646448411513856,OSL Mismatch Diff %,%,sum,0.00
2,1789646438411513856,1789646448411513856,OSL Mismatch Diff %,%,p1,0.00
2,1789646438411513856,1789646448411513856,OSL Mismatch Diff %,%,p5,0.00
2,1789646438411513856,1789646448411513856,OSL Mismatch Diff %,%,p10,0.00
2,1789646438411513856,1789646448411513856,OSL Mismatch Diff %,%,p25,0.00
2,1789646438411513856,1789646448411513856,OSL Mismatch Diff %,%,p50,0.00
2,1789646438411513856,1789646448411513856,OSL Mismatch Diff %,%,p75,0.00
2,1789646438411513856,1789646448411513856,OSL Mismatch Diff %,%,p90,0.00
2,1789646438411513856,1789646448411513856,OSL Mismatch Diff %,%,p95,0.00
2,1789646438411513856,1789646448411513856,OSL Mismatch Diff %,%,p99,0.00
2,1789646438411513856,1789646448411513856,OSL Mismatch Diff %,%,std,0.00
2,1789646438411513856,1789646448411513856,Output Sequence Length,tokens,avg,512.00
2,1789646438411513856,1789646448411513856,Output Sequence Length,tokens,min,512.00
2,1789646438411513856,1789646448411513856,Output Sequence Length,tokens,max,512.00
2,1789646438411513856,1789646448411513856,Output Sequence Length,tokens,sum,16384.00
2,1789646438411513856,1789646448411513856,Output Sequence Length,tokens,p1,512.00
2,1789646438411513856,1789646448411513856,Output Sequence Length,tokens,p5,512.00
2,1789646438411513856,1789646448411513856,Output Sequence Length,tokens,p10,512.00
2,1789646438411513856,1789646448411513856,Output Sequence Length,tokens,p25,512.00
2,1789646438411513856,1789646448411513856,Output Sequence Length,tokens,p50,512.00
2,1789646438411513856,1789646448411513856,Output Sequence Length,tokens,p75,512.00
2,1789646438411513856,1789646448411513856,Output Sequence Length,tokens,p90,512.00
2,1789646438411513856,1789646448411513856,Output Sequence Length,tokens,p95,512.00
2,1789646438411513856,1789646448411513856,Output Sequence Length,tokens,p99,512.00
2,1789646438411513856,1789646448411513856,Output Sequence Length,tokens,std,0.00
2,1789646438411513856,1789646448411513856,Output Token Throughput,tokens/sec,avg,1638.40
2,1789646438411513856,1789646448411513856,Output Token Throughput Per User,tokens/sec/user,avg,66.71
2,1789646438411513856,1789646448411513856,Output Token Throughput Per User,tokens/sec/user,min,64.27
2,1789646438411513856,1789646448411513856,Output Token Throughput Per User,tokens/sec/user,max,67.49
2,1789646438411513856,1789646448411513856,Output Token Throughput Per User,tokens/sec/user,sum,2134.76
2,1789646438411513856,1789646448411513856,Output Token Throughput Per User,tokens/sec/user,p1,64.85
2,1789646438411513856,1789646448411513856,Output Token Throughput Per User,tokens/sec/user,p5,66.13
2,1789646438411513856,1789646448411513856,Output Token Throughput Per User,tokens/sec/user,p10,66.14
2,1789646438411513856,1789646448411513856,Output Token Throughput Per User,tokens/sec/user,p25,66.23
2,1789646438411513856,1789646448411513856,Output Token Throughput Per User,tokens/sec/user,p50,66.23
2,1789646438411513856,1789646448411513856,Output Token Throughput Per User,tokens/sec/user,p75,67.49
2,1789646438411513856,1789646448411513856,Output Token Throughput Per User,tokens/sec/user,p90,67.49
2,1789646438411513856,1789646448411513856,Output Token Throughput Per User,tokens/sec/user,p95,67.49
2,1789646438411513856,1789646448411513856,Output Token Throughput Per User,tokens/sec/user,p99,67.49
2,1789646438411513856,1789646448411513856,Output Token Throughput Per User,tokens/sec/user,std,0.76
2,1789646438411513856,1789646448411513856,Overall Usage Prompt Cache Read %,%,avg,0.00
2,1789646438411513856,1789646448411513856,Prefill Throughput Per User,tokens/sec/user,avg,1822.48
2,1789646438411513856,1789646448411513856,Prefill Throughput Per User,tokens/sec/user,min,1556.00
2,1789646438411513856,1789646448411513856,Prefill Throughput Per User,tokens/sec/user,max,3315.91
2,1789646438411513856,1789646448411513856,Prefill Throughput Per User,tokens/sec/user,sum,58319.36
2,1789646438411513856,1789646448411513856,Prefill Throughput Per User,tokens/sec/user,p1,1556.01
2,1789646438411513856,1789646448411513856,Prefill Throughput Per User,tokens/sec/user,p5,1556.04
2,1789646438411513856,1789646448411513856,Prefill Throughput Per User,tokens/sec/user,p10,1556.11
2,1789646438411513856,1789646448411513856,Prefill Throughput Per User,tokens/sec/user,p25,1556.32
2,1789646438411513856,1789646448411513856,Prefill Throughput Per User,tokens/sec/user,p50,1943.78
2,1789646438411513856,1789646448411513856,Prefill Throughput Per User,tokens/sec/user,p75,1944.29
2,1789646438411513856,1789646448411513856,Prefill Throughput Per User,tokens/sec/user,p90,1993.81
2,1789646438411513856,1789646448411513856,Prefill Throughput Per User,tokens/sec/user,p95,1999.57
2,1789646438411513856,1789646448411513856,Prefill Throughput Per User,tokens/sec/user,p99,2907.87
2,1789646438411513856,1789646448411513856,Prefill Throughput Per User,tokens/sec/user,std,331.84
2,1789646438411513856,1789646448411513856,Reasoning Token Count,tokens,avg,512.00
2,1789646438411513856,1789646448411513856,Reasoning Token Count,tokens,min,512.00
2,1789646438411513856,1789646448411513856,Reasoning Token Count,tokens,max,512.00
2,1789646438411513856,1789646448411513856,Reasoning Token Count,tokens,sum,16384.00
2,1789646438411513856,1789646448411513856,Reasoning Token Count,tokens,p1,512.00
2,1789646438411513856,1789646448411513856,Reasoning Token Count,tokens,p5,512.00
2,1789646438411513856,1789646448411513856,Reasoning Token Count,tokens,p10,512.00
2,1789646438411513856,1789646448411513856,Reasoning Token Count,tokens,p25,512.00
2,1789646438411513856,1789646448411513856,Reasoning Token Count,tokens,p50,512.00
2,1789646438411513856,1789646448411513856,Reasoning Token Count,tokens,p75,512.00
2,1789646438411513856,1789646448411513856,Reasoning Token Count,tokens,p90,512.00
2,1789646438411513856,1789646448411513856,Reasoning Token Count,tokens,p95,512.00
2,1789646438411513856,1789646448411513856,Reasoning Token Count,tokens,p99,512.00
2,1789646438411513856,1789646448411513856,Reasoning Token Count,tokens,std,0.00
2,1789646438411513856,1789646448411513856,Request Count,requests,avg,32.00
2,1789646438411513856,1789646448411513856,Request Latency,ms,avg,8283.54
2,1789646438411513856,1789646448411513856,Request Latency,ms,min,8280.62
2,1789646438411513856,1789646448411513856,Request Latency,ms,max,8284.78
2,1789646438411513856,1789646448411513856,Request Latency,ms,sum,265073.33
2,1789646438411513856,1789646448411513856,Request Latency,ms,p1,8280.63
2,1789646438411513856,1789646448411513856,Request Latency,ms,p5,8280.68
2,1789646438411513856,1789646448411513856,Request Latency,ms,p10,8282.77
2,1789646438411513856,1789646448411513856,Request Latency,ms,p25,8282.94
2,1789646438411513856,1789646448411513856,Request Latency,ms,p50,8283.06
2,1789646438411513856,1789646448411513856,Request Latency,ms,p75,8284.64
2,1789646438411513856,1789646448411513856,Request Latency,ms,p90,8284.69
2,1789646438411513856,1789646448411513856,Request Latency,ms,p95,8284.73
2,1789646438411513856,1789646448411513856,Request Latency,ms,p99,8284.77
2,1789646438411513856,1789646448411513856,Request Latency,ms,std,1.23
2,1789646438411513856,1789646448411513856,Request Throughput,requests/sec,avg,3.20
2,1789646438411513856,1789646448411513856,Time to First Token,ms,avg,622.66
2,1789646438411513856,1789646448411513856,Time to First Token,ms,min,333.84
2,1789646438411513856,1789646448411513856,Time to First Token,ms,max,711.44
2,1789646438411513856,1789646448411513856,Time to First Token,ms,sum,19925.14
2,1789646438411513856,1789646448411513856,Time to First Token,ms,p1,401.97
2,1789646438411513856,1789646448411513856,Time to First Token,ms,p5,553.62
2,1789646438411513856,1789646448411513856,Time to First Token,ms,p10,555.26
2,1789646438411513856,1789646448411513856,Time to First Token,ms,p25,569.36
2,1789646438411513856,1789646448411513856,Time to First Token,ms,p50,569.51
2,1789646438411513856,1789646448411513856,Time to First Token,ms,p75,711.29
2,1789646438411513856,1789646448411513856,Time to First Token,ms,p90,711.39
2,1789646438411513856,1789646448411513856,Time to First Token,ms,p95,711.42
2,1789646438411513856,1789646448411513856,Time to First Token,ms,p99,711.44
2,1789646438411513856,1789646448411513856,Time to First Token,ms,std,87.94
2,1789646438411513856,1789646448411513856,Time to Second Token,ms,avg,140.71
2,1789646438411513856,1789646448411513856,Time to Second Token,ms,min,2.45
2,1789646438411513856,1789646448411513856,Time to Second Token,ms,max,300.43
2,1789646438411513856,1789646448411513856,Time to Second Token,ms,sum,4502.63
2,1789646438411513856,1789646448411513856,Time to Second Token,ms,p1,2.45
2,1789646438411513856,1789646448411513856,Time to Second Token,ms,p5,2.51
2,1789646438411513856,1789646448411513856,Time to Second Token,ms,p10,2.57
2,1789646438411513856,1789646448411513856,Time to Second Token,ms,p25,2.59
2,1789646438411513856,1789646448411513856,Time to Second Token,ms,p50,2.90
2,1789646438411513856,1789646448411513856,Time to Second Token,ms,p75,300.26
2,1789646438411513856,1789646448411513856,Time to Second Token,ms,p90,300.35
2,1789646438411513856,1789646448411513856,Time to Second Token,ms,p95,300.40
2,1789646438411513856,1789646448411513856,Time to Second Token,ms,p99,300.42
2,1789646438411513856,1789646448411513856,Time to Second Token,ms,std,147.20
2,1789646438411513856,1789646448411513856,Tokens In Flight,tokens,avg,41832.03
2,1789646438411513856,1789646448411513856,Tokens In Flight,tokens,min,21458.74
2,1789646438411513856,1789646448411513856,Tokens In Flight,tokens,max,51756.68
2,1789646438411513856,1789646448411513856,Tokens In Flight,tokens,p50,41389.76
2,1789646438411513856,1789646448411513856,Tokens In Flight,tokens,p90,49640.72
2,1789646438411513856,1789646448411513856,Tokens In Flight,tokens,p95,50704.68
2,1789646438411513856,1789646448411513856,Tokens In Flight,tokens,p99,51527.51
2,1789646438411513856,1789646448411513856,Tokens In Flight,tokens,std,5305.39
2,1789646438411513856,1789646448411513856,Total Input Sequence Length,tokens,avg,35424.00
2,1789646438411513856,1789646448411513856,Total Output Sequence Length,tokens,avg,16384.00
2,1789646438411513856,1789646448411513856,Total Reasoning Tokens,tokens,avg,16384.00
2,1789646438411513856,1789646448411513856,Total Token Throughput,tokens/sec,avg,5180.80
2,1789646438411513856,1789646448411513856,Total Usage Completion Tokens,tokens,avg,16384.00
2,1789646438411513856,1789646448411513856,Total Usage Prompt Cache Read Tokens,tokens,avg,0.00
2,1789646438411513856,1789646448411513856,Total Usage Prompt Tokens,tokens,avg,35424.00
2,1789646438411513856,1789646448411513856,Total Usage Reasoning Tokens,tokens,avg,16384.00
2,1789646438411513856,1789646448411513856,Total Usage Total Tokens,tokens,avg,51808.00
2,1789646438411513856,1789646448411513856,Usage Completion Tokens,tokens,avg,512.00
2,1789646438411513856,1789646448411513856,Usage Completion Tokens,tokens,min,512.00
2,1789646438411513856,1789646448411513856,Usage Completion Tokens,tokens,max,512.00
2,1789646438411513856,1789646448411513856,Usage Completion Tokens,tokens,sum,16384.00
2,1789646438411513856,1789646448411513856,Usage Completion Tokens,tokens,p1,512.00
2,1789646438411513856,1789646448411513856,Usage Completion Tokens,tokens,p5,512.00
2,1789646438411513856,1789646448411513856,Usage Completion Tokens,tokens,p10,512.00
2,1789646438411513856,1789646448411513856,Usage Completion Tokens,tokens,p25,512.00
2,1789646438411513856,1789646448411513856,Usage Completion Tokens,tokens,p50,512.00
2,1789646438411513856,1789646448411513856,Usage Completion Tokens,tokens,p75,512.00
2,1789646438411513856,1789646448411513856,Usage Completion Tokens,tokens,p90,512.00
2,1789646438411513856,1789646448411513856,Usage Completion Tokens,tokens,p95,512.00
2,1789646438411513856,1789646448411513856,Usage Completion Tokens,tokens,p99,512.00
2,1789646438411513856,1789646448411513856,Usage Completion Tokens,tokens,std,0.00
2,1789646438411513856,1789646448411513856,Usage Prompt Cache Read Tokens,tokens,avg,0.00
2,1789646438411513856,1789646448411513856,Usage Prompt Cache Read Tokens,tokens,min,0.00
2,1789646438411513856,1789646448411513856,Usage Prompt Cache Read Tokens,tokens,max,0.00
2,1789646438411513856,1789646448411513856,Usage Prompt Cache Read Tokens,tokens,sum,0.00
2,1789646438411513856,1789646448411513856,Usage Prompt Cache Read Tokens,tokens,p1,0.00
2,1789646438411513856,1789646448411513856,Usage Prompt Cache Read Tokens,tokens,p5,0.00
2,1789646438411513856,1789646448411513856,Usage Prompt Cache Read Tokens,tokens,p10,0.00
2,1789646438411513856,1789646448411513856,Usage Prompt Cache Read Tokens,tokens,p25,0.00
2,1789646438411513856,1789646448411513856,Usage Prompt Cache Read Tokens,tokens,p50,0.00
2,1789646438411513856,1789646448411513856,Usage Prompt Cache Read Tokens,tokens,p75,0.00
2,1789646438411513856,1789646448411513856,Usage Prompt Cache Read Tokens,tokens,p90,0.00
2,1789646438411513856,1789646448411513856,Usage Prompt Cache Read Tokens,tokens,p95,0.00
2,1789646438411513856,1789646448411513856,Usage Prompt Cache Read Tokens,tokens,p99,0.00
2,1789646438411513856,1789646448411513856,Usage Prompt Cache Read Tokens,tokens,std,0.00
2,1789646438411513856,1789646448411513856,Usage Prompt Tokens,tokens,avg,1107.00
2,1789646438411513856,1789646448411513856,Usage Prompt Tokens,tokens,min,1107.00
2,1789646438411513856,1789646448411513856,Usage Prompt Tokens,tokens,max,1107.00
2,1789646438411513856,1789646448411513856,Usage Prompt Tokens,tokens,sum,35424.00
2,1789646438411513856,1789646448411513856,Usage Prompt Tokens,tokens,p1,1107.00
2,1789646438411513856,1789646448411513856,Usage Prompt Tokens,tokens,p5,1107.00
2,1789646438411513856,1789646448411513856,Usage Prompt Tokens,tokens,p10,1107.00
2,1789646438411513856,1789646448411513856,Usage Prompt Tokens,tokens,p25,1107.00
2,1789646438411513856,1789646448411513856,Usage Prompt Tokens,tokens,p50,1107.00
2,1789646438411513856,1789646448411513856,Usage Prompt Tokens,tokens,p75,1107.00
2,1789646438411513856,1789646448411513856,Usage Prompt Tokens,tokens,p90,1107.00
2,1789646438411513856,1789646448411513856,Usage Prompt Tokens,tokens,p95,1107.00
2,1789646438411513856,1789646448411513856,Usage Prompt Tokens,tokens,p99,1107.00
2,1789646438411513856,1789646448411513856,Usage Prompt Tokens,tokens,std,0.00
2,1789646438411513856,1789646448411513856,Usage Reasoning Tokens,tokens,avg,512.00
2,1789646438411513856,1789646448411513856,Usage Reasoning Tokens,tokens,min,512.00
2,1789646438411513856,1789646448411513856,Usage Reasoning Tokens,tokens,max,512.00
2,1789646438411513856,1789646448411513856,Usage Reasoning Tokens,tokens,sum,16384.00
2,1789646438411513856,1789646448411513856,Usage Reasoning Tokens,tokens,p1,512.00
2,1789646438411513856,1789646448411513856,Usage Reasoning Tokens,tokens,p5,512.00
2,1789646438411513856,1789646448411513856,Usage Reasoning Tokens,tokens,p10,512.00
2,1789646438411513856,1789646448411513856,Usage Reasoning Tokens,tokens,p25,512.00
2,1789646438411513856,1789646448411513856,Usage Reasoning Tokens,tokens,p50,512.00
2,1789646438411513856,1789646448411513856,Usage Reasoning Tokens,tokens,p75,512.00
2,1789646438411513856,1789646448411513856,Usage Reasoning Tokens,tokens,p90,512.00
2,1789646438411513856,1789646448411513856,Usage Reasoning Tokens,tokens,p95,512.00
2,1789646438411513856,1789646448411513856,Usage Reasoning Tokens,tokens,p99,512.00
2,1789646438411513856,1789646448411513856,Usage Reasoning Tokens,tokens,std,0.00
2,1789646438411513856,1789646448411513856,Usage Total Tokens,tokens,avg,1619.00
2,1789646438411513856,1789646448411513856,Usage Total Tokens,tokens,min,1619.00
2,1789646438411513856,1789646448411513856,Usage Total Tokens,tokens,max,1619.00
2,1789646438411513856,1789646448411513856,Usage Total Tokens,tokens,sum,51808.00
2,1789646438411513856,1789646448411513856,Usage Total Tokens,tokens,p1,1619.00
2,1789646438411513856,1789646448411513856,Usage Total Tokens,tokens,p5,1619.00
2,1789646438411513856,1789646448411513856,Usage Total Tokens,tokens,p10,1619.00
2,1789646438411513856,1789646448411513856,Usage Total Tokens,tokens,p25,1619.00
2,1789646438411513856,1789646448411513856,Usage Total Tokens,tokens,p50,1619.00
2,1789646438411513856,1789646448411513856,Usage Total Tokens,tokens,p75,1619.00
2,1789646438411513856,1789646448411513856,Usage Total Tokens,tokens,p90,1619.00
2,1789646438411513856,1789646448411513856,Usage Total Tokens,tokens,p95,1619.00
2,1789646438411513856,1789646448411513856,Usage Total Tokens,tokens,p99,1619.00
2,1789646438411513856,1789646448411513856,Usage Total Tokens,tokens,std,0.00
3,1789646448411513856,1789646458411513856,Active Decode Throughput,tokens/sec,avg,1485.06
3,1789646448411513856,1789646458411513856,Active Decode Throughput,tokens/sec,min,0.98
3,1789646448411513856,1789646458411513856,Active Decode Throughput,tokens/sec,max,2750.24
3,1789646448411513856,1789646458411513856,Active Decode Throughput,tokens/sec,p50,2102.65
3,1789646448411513856,1789646458411513856,Active Decode Throughput,tokens/sec,p90,2274.75
3,1789646448411513856,1789646458411513856,Active Decode Throughput,tokens/sec,p95,2330.24
3,1789646448411513856,1789646458411513856,Active Decode Throughput,tokens/sec,p99,2440.52
3,1789646448411513856,1789646458411513856,Active Decode Throughput,tokens/sec,std,1009.36
3,1789646448411513856,1789646458411513856,Active Decode Throughput Per User,tokens/sec/user,avg,46.68
3,1789646448411513856,1789646458411513856,Active Decode Throughput Per User,tokens/sec/user,min,0.09
3,1789646448411513856,1789646458411513856,Active Decode Throughput Per User,tokens/sec/user,max,85.94
3,1789646448411513856,1789646458411513856,Active Decode Throughput Per User,tokens/sec/user,p50,65.71
3,1789646448411513856,1789646458411513856,Active Decode Throughput Per User,tokens/sec/user,p90,71.09
3,1789646448411513856,1789646458411513856,Active Decode Throughput Per User,tokens/sec/user,p95,72.82
3,1789646448411513856,1789646458411513856,Active Decode Throughput Per User,tokens/sec/user,p99,76.27
3,1789646448411513856,1789646458411513856,Active Decode Throughput Per User,tokens/sec/user,std,31.18
3,1789646448411513856,1789646458411513856,Active Prefill Throughput,tokens/sec,avg,6628.56
3,1789646448411513856,1789646458411513856,Active Prefill Throughput,tokens/sec,min,1506.58
3,1789646448411513856,1789646458411513856,Active Prefill Throughput,tokens/sec,max,37457.99
3,1789646448411513856,1789646458411513856,Active Prefill Throughput,tokens/sec,p50,1506.58
3,1789646448411513856,1789646458411513856,Active Prefill Throughput,tokens/sec,p90,34372.44
3,1789646448411513856,1789646458411513856,Active Prefill Throughput,tokens/sec,p95,36220.02
3,1789646448411513856,1789646458411513856,Active Prefill Throughput,tokens/sec,p99,37457.99
3,1789646448411513856,1789646458411513856,Active Prefill Throughput,tokens/sec,std,12259.50
3,1789646448411513856,1789646458411513856,Active Prefill Throughput Per User,tokens/sec/user,avg,332.00
3,1789646448411513856,1789646458411513856,Active Prefill Throughput Per User,tokens/sec/user,min,88.62
3,1789646448411513856,1789646458411513856,Active Prefill Throughput Per User,tokens/sec/user,max,3354.16
3,1789646448411513856,1789646458411513856,Active Prefill Throughput Per User,tokens/sec/user,p50,88.62
3,1789646448411513856,1789646458411513856,Active Prefill Throughput Per User,tokens/sec/user,p90,1291.65
3,1789646448411513856,1789646458411513856,Active Prefill Throughput Per User,tokens/sec/user,p95,2414.67
3,1789646448411513856,1789646458411513856,Active Prefill Throughput Per User,tokens/sec/user,p99,2414.67
3,1789646448411513856,1789646458411513856,Active Prefill Throughput Per User,tokens/sec/user,std,625.88
3,1789646448411513856,1789646458411513856,Active Total Throughput,tokens/sec,avg,3694.18
3,1789646448411513856,1789646458411513856,Active Total Throughput,tokens/sec,min,1895.98
3,1789646448411513856,1789646458411513856,Active Total Throughput,tokens/sec,max,37656.39
3,1789646448411513856,1789646458411513856,Active Total Throughput,tokens/sec,p50,2134.76
3,1789646448411513856,1789646458411513856,Active Total Throughput,tokens/sec,p90,2134.76
3,1789646448411513856,1789646458411513856,Active Total Throughput,tokens/sec,p95,2134.76
3,1789646448411513856,1789646458411513856,Active Total Throughput,tokens/sec,p99,37656.39
3,1789646448411513856,1789646458411513856,Active Total Throughput,tokens/sec,std,7294.53
3,1789646448411513856,1789646458411513856,Benchmark Duration,sec,avg,42.88
3,1789646448411513856,1789646458411513856,Decode Duration,ms,avg,15339.63
3,1789646448411513856,1789646458411513856,Decode Duration,ms,min,7470.54
3,1789646448411513856,1789646458411513856,Decode Duration,ms,max,30183.85
3,1789646448411513856,1789646458411513856,Decode Duration,ms,sum,490868.14
3,1789646448411513856,1789646458411513856,Decode Duration,ms,p1,7481.65
3,1789646448411513856,1789646458411513856,Decode Duration,ms,p5,7506.40
3,1789646448411513856,1789646458411513856,Decode Duration,ms,p10,7506.46
3,1789646448411513856,1789646458411513856,Decode Duration,ms,p25,7506.54
3,1789646448411513856,1789646458411513856,Decode Duration,ms,p50,19674.57
3,1789646448411513856,1789646458411513856,Decode Duration,ms,p75,19674.70
3,1789646448411513856,1789646458411513856,Decode Duration,ms,p90,19802.19
3,1789646448411513856,1789646458411513856,Decode Duration,ms,p95,30183.73
3,1789646448411513856,1789646458411513856,Decode Duration,ms,p99,30183.82
3,1789646448411513856,1789646458411513856,Decode Duration,ms,std,7507.80
3,1789646448411513856,1789646458411513856,E2E Output Token Throughput,tokens/sec/user,avg,24.23
3,1789646448411513856,1789646458411513856,E2E Output Token Throughput,tokens/sec/user,min,12.03
3,1789646448411513856,1789646458411513856,E2E Output Token Throughput,tokens/sec/user,max,25.61
3,1789646448411513856,1789646458411513856,E2E Output Token Throughput,tokens/sec/user,sum,775.31
3,1789646448411513856,1789646458411513856,E2E Output Token Throughput,tokens/sec/user,p1,12.03
3,1789646448411513856,1789646458411513856,E2E Output Token Throughput,tokens/sec/user,p5,12.03
3,1789646448411513856,1789646458411513856,E2E Output Token Throughput,tokens/sec/user,p10,25.41
3,1789646448411513856,1789646458411513856,E2E Output Token Throughput,tokens/sec/user,p25,25.41
3,1789646448411513856,1789646458411513856,E2E Output Token Throughput,tokens/sec/user,p50,25.41
3,1789646448411513856,1789646458411513856,E2E Output Token Throughput,tokens/sec/user,p75,25.57
3,1789646448411513856,1789646458411513856,E2E Output Token Throughput,tokens/sec/user,p90,25.57
3,1789646448411513856,1789646458411513856,E2E Output Token Throughput,tokens/sec/user,p95,25.57
3,1789646448411513856,1789646458411513856,E2E Output Token Throughput,tokens/sec/user,p99,25.60
3,1789646448411513856,1789646458411513856,E2E Output Token Throughput,tokens/sec/user,std,3.92
3,1789646448411513856,1789646458411513856,Effective Concurrency,requests,avg,31.99
3,1789646448411513856,1789646458411513856,Effective Concurrency,requests,min,18.00
3,1789646448411513856,1789646458411513856,Effective Concurrency,requests,max,32.00
3,1789646448411513856,1789646458411513856,Effective Concurrency,requests,p50,32.00
3,1789646448411513856,1789646458411513856,Effective Concurrency,requests,p90,32.00
3,1789646448411513856,1789646458411513856,Effective Concurrency,requests,p95,32.00
3,1789646448411513856,1789646458411513856,Effective Concurrency,requests,p99,32.00
3,1789646448411513856,1789646458411513856,Effective Concurrency,requests,std,0.35
3,1789646448411513856,1789646458411513856,Effective Decode Concurrency,requests,avg,26.23
3,1789646448411513856,1789646458411513856,Effective Decode Concurrency,requests,min,1.00
3,1789646448411513856,1789646458411513856,Effective Decode Concurrency,requests,max,32.00
3,1789646448411513856,1789646458411513856,Effective Decode Concurrency,requests,p50,32.00
3,1789646448411513856,1789646458411513856,Effective Decode Concurrency,requests,p90,32.00
3,1789646448411513856,1789646458411513856,Effective Decode Concurrency,requests,p95,32.00
3,1789646448411513856,1789646458411513856,Effective Decode Concurrency,requests,p99,32.00
3,1789646448411513856,1789646458411513856,Effective Decode Concurrency,requests,std,8.76
3,1789646448411513856,1789646458411513856,Effective Decode Throughput,tokens/sec,avg,1485.06
3,1789646448411513856,1789646458411513856,Effective Decode Throughput,tokens/sec,min,0.98
3,1789646448411513856,1789646458411513856,Effective Decode Throughput,tokens/sec,max,2750.24
3,1789646448411513856,1789646458411513856,Effective Decode Throughput,tokens/sec,p50,2102.65
3,1789646448411513856,1789646458411513856,Effective Decode Throughput,tokens/sec,p90,2274.75
3,1789646448411513856,1789646458411513856,Effective Decode Throughput,tokens/sec,p95,2330.24
3,1789646448411513856,1789646458411513856,Effective Decode Throughput,tokens/sec,p99,2440.52
3,1789646448411513856,1789646458411513856,Effective Decode Throughput,tokens/sec,std,1009.36
3,1789646448411513856,1789646458411513856,Effective Decode Throughput Per User,tokens/sec/user,avg,46.68
3,1789646448411513856,1789646458411513856,Effective Decode Throughput Per User,tokens/sec/user,min,0.09
3,1789646448411513856,1789646458411513856,Effective Decode Throughput Per User,tokens/sec/user,max,85.94
3,1789646448411513856,1789646458411513856,Effective Decode Throughput Per User,tokens/sec/user,p50,65.71
3,1789646448411513856,1789646458411513856,Effective Decode Throughput Per User,tokens/sec/user,p90,71.09
3,1789646448411513856,1789646458411513856,Effective Decode Throughput Per User,tokens/sec/user,p95,72.82
3,1789646448411513856,1789646458411513856,Effective Decode Throughput Per User,tokens/sec/user,p99,76.27
3,1789646448411513856,1789646458411513856,Effective Decode Throughput Per User,tokens/sec/user,std,31.18
3,1789646448411513856,1789646458411513856,Effective Prefill Concurrency,requests,avg,5.76
3,1789646448411513856,1789646458411513856,Effective Prefill Concurrency,requests,min,0.00
3,1789646448411513856,1789646458411513856,Effective Prefill Concurrency,requests,max,31.00
3,1789646448411513856,1789646458411513856,Effective Prefill Concurrency,requests,p50,0.00
3,1789646448411513856,1789646458411513856,Effective Prefill Concurrency,requests,p90,17.00
3,1789646448411513856,1789646458411513856,Effective Prefill Concurrency,requests,p95,17.00
3,1789646448411513856,1789646458411513856,Effective Prefill Concurrency,requests,p99,31.00
3,1789646448411513856,1789646458411513856,Effective Prefill Concurrency,requests,std,8.75
3,1789646448411513856,1789646458411513856,Effective Prefill Throughput,tokens/sec,avg,2109.27
3,1789646448411513856,1789646458411513856,Effective Prefill Throughput,tokens/sec,min,0.00
3,1789646448411513856,1789646458411513856,Effective Prefill Throughput,tokens/sec,max,37457.99
3,1789646448411513856,1789646458411513856,Effective Prefill Throughput,tokens/sec,p50,0.00
3,1789646448411513856,1789646458411513856,Effective Prefill Throughput,tokens/sec,p90,1506.58
3,1789646448411513856,1789646458411513856,Effective Prefill Throughput,tokens/sec,p95,1506.58
3,1789646448411513856,1789646458411513856,Effective Prefill Throughput,tokens/sec,p99,37457.99
3,1789646448411513856,1789646458411513856,Effective Prefill Throughput,tokens/sec,std,7573.49
3,1789646448411513856,1789646458411513856,Effective Prefill Throughput Per User,tokens/sec/user,avg,105.65
3,1789646448411513856,1789646458411513856,Effective Prefill Throughput Per User,tokens/sec/user,min,0.00
3,1789646448411513856,1789646458411513856,Effective Prefill Throughput Per User,tokens/sec/user,max,3354.16
3,1789646448411513856,1789646458411513856,Effective Prefill Throughput Per User,tokens/sec/user,p50,0.00
3,1789646448411513856,1789646458411513856,Effective Prefill Throughput Per User,tokens/sec/user,p90,88.62
3,1789646448411513856,1789646458411513856,Effective Prefill Throughput Per User,tokens/sec/user,p95,88.62
3,1789646448411513856,1789646458411513856,Effective Prefill Throughput Per User,tokens/sec/user,p99,2414.67
3,1789646448411513856,1789646458411513856,Effective Prefill Throughput Per User,tokens/sec/user,std,385.44
3,1789646448411513856,1789646458411513856,Effective Total Throughput,tokens/sec,avg,3694.18
3,1789646448411513856,1789646458411513856,Effective Total Throughput,tokens/sec,min,1895.98
3,1789646448411513856,1789646458411513856,Effective Total Throughput,tokens/sec,max,37656.39
3,1789646448411513856,1789646458411513856,Effective Total Throughput,tokens/sec,p50,2134.76
3,1789646448411513856,1789646458411513856,Effective Total Throughput,tokens/sec,p90,2134.76
3,1789646448411513856,1789646458411513856,Effective Total Throughput,tokens/sec,p95,2134.76
3,1789646448411513856,1789646458411513856,Effective Total Throughput,tokens/sec,p99,37656.39
3,1789646448411513856,1789646458411513856,Effective Total Throughput,tokens/sec,std,7294.53
3,1789646448411513856,1789646458411513856,HTTP Blocked,ms,avg,0.00
3,1789646448411513856,1789646458411513856,HTTP Blocked,ms,min,0.00
3,1789646448411513856,1789646458411513856,HTTP Blocked,ms,max,0.00
3,1789646448411513856,1789646458411513856,HTTP Blocked,ms,sum,0.00
3,1789646448411513856,1789646458411513856,HTTP Blocked,ms,p1,0.00
3,1789646448411513856,1789646458411513856,HTTP Blocked,ms,p5,0.00
3,1789646448411513856,1789646458411513856,HTTP Blocked,ms,p10,0.00
3,1789646448411513856,1789646458411513856,HTTP Blocked,ms,p25,0.00
3,1789646448411513856,1789646458411513856,HTTP Blocked,ms,p50,0.00
3,1789646448411513856,1789646458411513856,HTTP Blocked,ms,p75,0.00
3,1789646448411513856,1789646458411513856,HTTP Blocked,ms,p90,0.00
3,1789646448411513856,1789646458411513856,HTTP Blocked,ms,p95,0.00
3,1789646448411513856,1789646458411513856,HTTP Blocked,ms,p99,0.00
3,1789646448411513856,1789646458411513856,HTTP Blocked,ms,std,0.00
3,1789646448411513856,1789646458411513856,HTTP Chunks Received,count,avg,469.75
3,1789646448411513856,1789646458411513856,HTTP Chunks Received,count,min,440.00
3,1789646448411513856,1789646458411513856,HTTP Chunks Received,count,max,504.00
3,1789646448411513856,1789646458411513856,HTTP Chunks Received,count,sum,15032.00
3,1789646448411513856,1789646458411513856,HTTP Chunks Received,count,p1,440.31
3,1789646448411513856,1789646458411513856,HTTP Chunks Received,count,p5,445.95
3,1789646448411513856,1789646458411513856,HTTP Chunks Received,count,p10,451.10
3,1789646448411513856,1789646458411513856,HTTP Chunks Received,count,p25,459.75
3,1789646448411513856,1789646458411513856,HTTP Chunks Received,count,p50,467.50
3,1789646448411513856,1789646458411513856,HTTP Chunks Received,count,p75,478.00
3,1789646448411513856,1789646458411513856,HTTP Chunks Received,count,p90,494.20
3,1789646448411513856,1789646458411513856,HTTP Chunks Received,count,p95,498.80
3,1789646448411513856,1789646458411513856,HTTP Chunks Received,count,p99,503.07
3,1789646448411513856,1789646458411513856,HTTP Chunks Received,count,std,15.91
3,1789646448411513856,1789646458411513856,HTTP Chunks Sent,count,avg,1.00
3,1789646448411513856,1789646458411513856,HTTP Chunks Sent,count,min,1.00
3,1789646448411513856,1789646458411513856,HTTP Chunks Sent,count,max,1.00
3,1789646448411513856,1789646458411513856,HTTP Chunks Sent,count,sum,32.00
3,1789646448411513856,1789646458411513856,HTTP Chunks Sent,count,p1,1.00
3,1789646448411513856,1789646458411513856,HTTP Chunks Sent,count,p5,1.00
3,1789646448411513856,1789646458411513856,HTTP Chunks Sent,count,p10,1.00
3,1789646448411513856,1789646458411513856,HTTP Chunks Sent,count,p25,1.00
3,1789646448411513856,1789646458411513856,HTTP Chunks Sent,count,p50,1.00
3,1789646448411513856,1789646458411513856,HTTP Chunks Sent,count,p75,1.00
3,1789646448411513856,1789646458411513856,HTTP Chunks Sent,count,p90,1.00
3,1789646448411513856,1789646458411513856,HTTP Chunks Sent,count,p95,1.00
3,1789646448411513856,1789646458411513856,HTTP Chunks Sent,count,p99,1.00
3,1789646448411513856,1789646458411513856,HTTP Chunks Sent,count,std,0.00
3,1789646448411513856,1789646458411513856,HTTP Connecting,ms,avg,0.00
3,1789646448411513856,1789646458411513856,HTTP Connecting,ms,min,0.00
3,1789646448411513856,1789646458411513856,HTTP Connecting,ms,max,0.00
3,1789646448411513856,1789646458411513856,HTTP Connecting,ms,sum,0.00
3,1789646448411513856,1789646458411513856,HTTP Connecting,ms,p1,0.00
3,1789646448411513856,1789646458411513856,HTTP Connecting,ms,p5,0.00
3,1789646448411513856,1789646458411513856,HTTP Connecting,ms,p10,0.00
3,1789646448411513856,1789646458411513856,HTTP Connecting,ms,p25,0.00
3,1789646448411513856,1789646458411513856,HTTP Connecting,ms,p50,0.00
3,1789646448411513856,1789646458411513856,HTTP Connecting,ms,p75,0.00
3,1789646448411513856,1789646458411513856,HTTP Connecting,ms,p90,0.00
3,1789646448411513856,1789646458411513856,HTTP Connecting,ms,p95,0.00
3,1789646448411513856,1789646458411513856,HTTP Connecting,ms,p99,0.00
3,1789646448411513856,1789646458411513856,HTTP Connecting,ms,std,0.00
3,1789646448411513856,1789646458411513856,HTTP Connection Overhead,ms,avg,0.00
3,1789646448411513856,1789646458411513856,HTTP Connection Overhead,ms,min,0.00
3,1789646448411513856,1789646458411513856,HTTP Connection Overhead,ms,max,0.00
3,1789646448411513856,1789646458411513856,HTTP Connection Overhead,ms,sum,0.00
3,1789646448411513856,1789646458411513856,HTTP Connection Overhead,ms,p1,0.00
3,1789646448411513856,1789646458411513856,HTTP Connection Overhead,ms,p5,0.00
3,1789646448411513856,1789646458411513856,HTTP Connection Overhead,ms,p10,0.00
3,1789646448411513856,1789646458411513856,HTTP Connection Overhead,ms,p25,0.00
3,1789646448411513856,1789646458411513856,HTTP Connection Overhead,ms,p50,0.00
3,1789646448411513856,1789646458411513856,HTTP Connection Overhead,ms,p75,0.00
3,1789646448411513856,1789646458411513856,HTTP Connection Overhead,ms,p90,0.00
3,1789646448411513856,1789646458411513856,HTTP Connection Overhead,ms,p95,0.00
3,1789646448411513856,1789646458411513856,HTTP Connection Overhead,ms,p99,0.00
3,1789646448411513856,1789646458411513856,HTTP Connection Overhead,ms,std,0.00
3,1789646448411513856,1789646458411513856,HTTP Connection Reused,ratio,avg,1.00
3,1789646448411513856,1789646458411513856,HTTP Connection Reused,ratio,min,1.00
3,1789646448411513856,1789646458411513856,HTTP Connection Reused,ratio,max,1.00
3,1789646448411513856,1789646458411513856,HTTP Connection Reused,ratio,sum,32.00
3,1789646448411513856,1789646458411513856,HTTP Connection Reused,ratio,p1,1.00
3,1789646448411513856,1789646458411513856,HTTP Connection Reused,ratio,p5,1.00
3,1789646448411513856,1789646458411513856,HTTP Connection Reused,ratio,p10,1.00
3,1789646448411513856,1789646458411513856,HTTP Connection Reused,ratio,p25,1.00
3,1789646448411513856,1789646458411513856,HTTP Connection Reused,ratio,p50,1.00
3,1789646448411513856,1789646458411513856,HTTP Connection Reused,ratio,p75,1.00
3,1789646448411513856,1789646458411513856,HTTP Connection Reused,ratio,p90,1.00
3,1789646448411513856,1789646458411513856,HTTP Connection Reused,ratio,p95,1.00
3,1789646448411513856,1789646458411513856,HTTP Connection Reused,ratio,p99,1.00
3,1789646448411513856,1789646458411513856,HTTP Connection Reused,ratio,std,0.00
3,1789646448411513856,1789646458411513856,HTTP Data Received,KB,avg,125.29
3,1789646448411513856,1789646458411513856,HTTP Data Received,KB,min,117.54
3,1789646448411513856,1789646458411513856,HTTP Data Received,KB,max,134.30
3,1789646448411513856,1789646458411513856,HTTP Data Received,KB,sum,4009.41
3,1789646448411513856,1789646458411513856,HTTP Data Received,KB,p1,117.61
3,1789646448411513856,1789646458411513856,HTTP Data Received,KB,p5,119.08
3,1789646448411513856,1789646458411513856,HTTP Data Received,KB,p10,120.47
3,1789646448411513856,1789646458411513856,HTTP Data Received,KB,p25,122.59
3,1789646448411513856,1789646458411513856,HTTP Data Received,KB,p50,124.84
3,1789646448411513856,1789646458411513856,HTTP Data Received,KB,p75,127.38
3,1789646448411513856,1789646458411513856,HTTP Data Received,KB,p90,131.68
3,1789646448411513856,1789646458411513856,HTTP Data Received,KB,p95,133.08
3,1789646448411513856,1789646458411513856,HTTP Data Received,KB,p99,134.06
3,1789646448411513856,1789646458411513856,HTTP Data Received,KB,std,4.18
3,1789646448411513856,1789646458411513856,HTTP Data Sent,KB,avg,4.52
3,1789646448411513856,1789646458411513856,HTTP Data Sent,KB,min,3.99
3,1789646448411513856,1789646458411513856,HTTP Data Sent,KB,max,4.85
3,1789646448411513856,1789646458411513856,HTTP Data Sent,KB,sum,144.59
3,1789646448411513856,1789646458411513856,HTTP Data Sent,KB,p1,4.05
3,1789646448411513856,1789646458411513856,HTTP Data Sent,KB,p5,4.20
3,1789646448411513856,1789646458411513856,HTTP Data Sent,KB,p10,4.25
3,1789646448411513856,1789646458411513856,HTTP Data Sent,KB,p25,4.44
3,1789646448411513856,1789646458411513856,HTTP Data Sent,KB,p50,4.55
3,1789646448411513856,1789646458411513856,HTTP Data Sent,KB,p75,4.64
3,1789646448411513856,1789646458411513856,HTTP Data Sent,KB,p90,4.72
3,1789646448411513856,1789646458411513856,HTTP Data Sent,KB,p95,4.82
3,1789646448411513856,1789646458411513856,HTTP Data Sent,KB,p99,4.84
3,1789646448411513856,1789646458411513856,HTTP Data Sent,KB,std,0.19
3,1789646448411513856,1789646458411513856,HTTP DNS Lookup,ms,avg,0.00
3,1789646448411513856,1789646458411513856,HTTP DNS Lookup,ms,min,0.00
3,1789646448411513856,1789646458411513856,HTTP DNS Lookup,ms,max,0.00
3,1789646448411513856,1789646458411513856,HTTP DNS Lookup,ms,sum,0.00
3,1789646448411513856,1789646458411513856,HTTP DNS Lookup,ms,p1,0.00
3,1789646448411513856,1789646458411513856,HTTP DNS Lookup,ms,p5,0.00
3,1789646448411513856,1789646458411513856,HTTP DNS Lookup,ms,p10,0.00
3,1789646448411513856,1789646458411513856,HTTP DNS Lookup,ms,p25,0.00
3,1789646448411513856,1789646458411513856,HTTP DNS Lookup,ms,p50,0.00
3,1789646448411513856,1789646458411513856,HTTP DNS Lookup,ms,p75,0.00
3,1789646448411513856,1789646458411513856,HTTP DNS Lookup,ms,p90,0.00
3,1789646448411513856,1789646458411513856,HTTP DNS Lookup,ms,p95,0.00
3,1789646448411513856,1789646458411513856,HTTP DNS Lookup,ms,p99,0.00
3,1789646448411513856,1789646458411513856,HTTP DNS Lookup,ms,std,0.00
3,1789646448411513856,1789646458411513856,HTTP Duration (excl. conn),ms,avg,22193.41
3,1789646448411513856,1789646458411513856,HTTP Duration (excl. conn),ms,min,20025.10
3,1789646448411513856,1789646458411513856,HTTP Duration (excl. conn),ms,max,42547.55
3,1789646448411513856,1789646458411513856,HTTP Duration (excl. conn),ms,sum,710189.04
3,1789646448411513856,1789646458411513856,HTTP Duration (excl. conn),ms,p1,20025.15
3,1789646448411513856,1789646458411513856,HTTP Duration (excl. conn),ms,p5,20025.27
3,1789646448411513856,1789646458411513856,HTTP Duration (excl. conn),ms,p10,20025.31
3,1789646448411513856,1789646458411513856,HTTP Duration (excl. conn),ms,p25,20025.35
3,1789646448411513856,1789646458411513856,HTTP Duration (excl. conn),ms,p50,20146.06
3,1789646448411513856,1789646458411513856,HTTP Duration (excl. conn),ms,p75,20146.17
3,1789646448411513856,1789646458411513856,HTTP Duration (excl. conn),ms,p90,20146.33
3,1789646448411513856,1789646458411513856,HTTP Duration (excl. conn),ms,p95,42547.21
3,1789646448411513856,1789646458411513856,HTTP Duration (excl. conn),ms,p99,42547.54
3,1789646448411513856,1789646458411513856,HTTP Duration (excl. conn),ms,std,6546.77
3,1789646448411513856,1789646458411513856,HTTP Receiving,ms,avg,15340.76
3,1789646448411513856,1789646458411513856,HTTP Receiving,ms,min,7506.39
3,1789646448411513856,1789646458411513856,HTTP Receiving,ms,max,30183.85
3,1789646448411513856,1789646458411513856,HTTP Receiving,ms,sum,490904.33
3,1789646448411513856,1789646458411513856,HTTP Receiving,ms,p1,7506.40
3,1789646448411513856,1789646458411513856,HTTP Receiving,ms,p5,7506.44
3,1789646448411513856,1789646458411513856,HTTP Receiving,ms,p10,7506.51
3,1789646448411513856,1789646458411513856,HTTP Receiving,ms,p25,7506.55
3,1789646448411513856,1789646458411513856,HTTP Receiving,ms,p50,19674.58
3,1789646448411513856,1789646458411513856,HTTP Receiving,ms,p75,19674.70
3,1789646448411513856,1789646458411513856,HTTP Receiving,ms,p90,19802.20
3,1789646448411513856,1789646458411513856,HTTP Receiving,ms,p95,30183.73
3,1789646448411513856,1789646458411513856,HTTP Receiving,ms,p99,30183.82
3,1789646448411513856,1789646458411513856,HTTP Receiving,ms,std,7506.63
3,1789646448411513856,1789646458411513856,HTTP Sending,ms,avg,0.13
3,1789646448411513856,1789646458411513856,HTTP Sending,ms,min,0.12
3,1789646448411513856,1789646458411513856,HTTP Sending,ms,max,0.14
3,1789646448411513856,1789646458411513856,HTTP Sending,ms,sum,4.21
3,1789646448411513856,1789646458411513856,HTTP Sending,ms,p1,0.12
3,1789646448411513856,1789646458411513856,HTTP Sending,ms,p5,0.12
3,1789646448411513856,1789646458411513856,HTTP Sending,ms,p10,0.13
3,1789646448411513856,1789646458411513856,HTTP Sending,ms,p25,0.13
3,1789646448411513856,1789646458411513856,HTTP Sending,ms,p50,0.13
3,1789646448411513856,1789646458411513856,HTTP Sending,ms,p75,0.13
3,1789646448411513856,1789646458411513856,HTTP Sending,ms,p90,0.14
3,1789646448411513856,1789646458411513856,HTTP Sending,ms,p95,0.14
3,1789646448411513856,1789646458411513856,HTTP Sending,ms,p99,0.14
3,1789646448411513856,1789646458411513856,HTTP Sending,ms,std,0.00
3,1789646448411513856,1789646458411513856,HTTP Total Time,ms,avg,22193.41
3,1789646448411513856,1789646458411513856,HTTP Total Time,ms,min,20025.10
3,1789646448411513856,1789646458411513856,HTTP Total Time,ms,max,42547.55
3,1789646448411513856,1789646458411513856,HTTP Total Time,ms,sum,710189.04
3,1789646448411513856,1789646458411513856,HTTP Total Time,ms,p1,20025.15
3,1789646448411513856,1789646458411513856,HTTP Total Time,ms,p5,20025.27
3,1789646448411513856,1789646458411513856,HTTP Total Time,ms,p10,20025.31
3,1789646448411513856,1789646458411513856,HTTP Total Time,ms,p25,20025.35
3,1789646448411513856,1789646458411513856,HTTP Total Time,ms,p50,20146.06
3,1789646448411513856,1789646458411513856,HTTP Total Time,ms,p75,20146.17
3,1789646448411513856,1789646458411513856,HTTP Total Time,ms,p90,20146.33
3,1789646448411513856,1789646458411513856,HTTP Total Time,ms,p95,42547.21
3,1789646448411513856,1789646458411513856,HTTP Total Time,ms,p99,42547.54
3,1789646448411513856,1789646458411513856,HTTP Total Time,ms,std,6546.77
3,1789646448411513856,1789646458411513856,HTTP Waiting (TTFB),ms,avg,6852.52
3,1789646448411513856,1789646458411513856,HTTP Waiting (TTFB),ms,min,329.85
3,1789646448411513856,1789646458411513856,HTTP Waiting (TTFB),ms,max,12518.81
3,1789646448411513856,1789646458411513856,HTTP Waiting (TTFB),ms,sum,219280.51
3,1789646448411513856,1789646458411513856,HTTP Waiting (TTFB),ms,p1,373.67
3,1789646448411513856,1789646458411513856,HTTP Waiting (TTFB),ms,p5,471.22
3,1789646448411513856,1789646458411513856,HTTP Waiting (TTFB),ms,p10,471.26
3,1789646448411513856,1789646458411513856,HTTP Waiting (TTFB),ms,p25,471.36
3,1789646448411513856,1789646458411513856,HTTP Waiting (TTFB),ms,p50,12363.31
3,1789646448411513856,1789646458411513856,HTTP Waiting (TTFB),ms,p75,12518.63
3,1789646448411513856,1789646458411513856,HTTP Waiting (TTFB),ms,p90,12518.74
3,1789646448411513856,1789646458411513856,HTTP Waiting (TTFB),ms,p95,12518.78
3,1789646448411513856,1789646458411513856,HTTP Waiting (TTFB),ms,p99,12518.80
3,1789646448411513856,1789646458411513856,HTTP Waiting (TTFB),ms,std,6003.12
3,1789646448411513856,1789646458411513856,Input Sequence Length,tokens,avg,1107.00
3,1789646448411513856,1789646458411513856,Input Sequence Length,tokens,min,1107.00
3,1789646448411513856,1789646458411513856,Input Sequence Length,tokens,max,1107.00
3,1789646448411513856,1789646458411513856,Input Sequence Length,tokens,sum,35424.00
3,1789646448411513856,1789646458411513856,Input Sequence Length,tokens,p1,1107.00
3,1789646448411513856,1789646458411513856,Input Sequence Length,tokens,p5,1107.00
3,1789646448411513856,1789646458411513856,Input Sequence Length,tokens,p10,1107.00
3,1789646448411513856,1789646458411513856,Input Sequence Length,tokens,p25,1107.00
3,1789646448411513856,1789646458411513856,Input Sequence Length,tokens,p50,1107.00
3,1789646448411513856,1789646458411513856,Input Sequence Length,tokens,p75,1107.00
3,1789646448411513856,1789646458411513856,Input Sequence Length,tokens,p90,1107.00
3,1789646448411513856,1789646458411513856,Input Sequence Length,tokens,p95,1107.00
3,1789646448411513856,1789646458411513856,Input Sequence Length,tokens,p99,1107.00
3,1789646448411513856,1789646458411513856,Input Sequence Length,tokens,std,0.00
3,1789646448411513856,1789646458411513856,Input Token Throughput,tokens/sec,avg,3542.40
3,1789646448411513856,1789646458411513856,Inter Chunk Latency,ms,avg,32.73
3,1789646448411513856,1789646458411513856,Inter Chunk Latency,ms,min,1.13
3,1789646448411513856,1789646458411513856,Inter Chunk Latency,ms,max,22680.19
3,1789646448411513856,1789646458411513856,Inter Chunk Latency,ms,sum,490868.14
3,1789646448411513856,1789646458411513856,Inter Chunk Latency,ms,p1,9.06
3,1789646448411513856,1789646458411513856,Inter Chunk Latency,ms,p5,13.37
3,1789646448411513856,1789646458411513856,Inter Chunk Latency,ms,p10,14.19
3,1789646448411513856,1789646458411513856,Inter Chunk Latency,ms,p25,14.60
3,1789646448411513856,1789646458411513856,Inter Chunk Latency,ms,p50,14.98
3,1789646448411513856,1789646458411513856,Inter Chunk Latency,ms,p75,15.36
3,1789646448411513856,1789646458411513856,Inter Chunk Latency,ms,p90,15.72
3,1789646448411513856,1789646458411513856,Inter Chunk Latency,ms,p95,29.54
3,1789646448411513856,1789646458411513856,Inter Chunk Latency,ms,p99,31.01
3,1789646448411513856,1789646458411513856,Inter Chunk Latency,ms,std,501.04
3,1789646448411513856,1789646458411513856,Inter Token Latency,ms,avg,30.02
3,1789646448411513856,1789646458411513856,Inter Token Latency,ms,min,14.62
3,1789646448411513856,1789646458411513856,Inter Token Latency,ms,max,59.07
3,1789646448411513856,1789646458411513856,Inter Token Latency,ms,sum,960.60
3,1789646448411513856,1789646458411513856,Inter Token Latency,ms,p1,14.64
3,1789646448411513856,1789646458411513856,Inter Token Latency,ms,p5,14.69
3,1789646448411513856,1789646458411513856,Inter Token Latency,ms,p10,14.69
3,1789646448411513856,1789646458411513856,Inter Token Latency,ms,p25,14.69
3,1789646448411513856,1789646458411513856,Inter Token Latency,ms,p50,38.50
3,1789646448411513856,1789646458411513856,Inter Token Latency,ms,p75,38.50
3,1789646448411513856,1789646458411513856,Inter Token Latency,ms,p90,38.75
3,1789646448411513856,1789646458411513856,Inter Token Latency,ms,p95,59.07
3,1789646448411513856,1789646458411513856,Inter Token Latency,ms,p99,59.07
3,1789646448411513856,1789646458411513856,Inter Token Latency,ms,std,14.69
3,1789646448411513856,1789646458411513856,OSL Mismatch Count,requests,avg,0.00
3,1789646448411513856,1789646458411513856,OSL Mismatch Diff %,%,avg,0.00
3,1789646448411513856,1789646458411513856,OSL Mismatch Diff %,%,min,0.00
3,1789646448411513856,1789646458411513856,OSL Mismatch Diff %,%,max,0.00
3,1789646448411513856,1789646458411513856,OSL Mismatch Diff %,%,sum,0.00
3,1789646448411513856,1789646458411513856,OSL Mismatch Diff %,%,p1,0.00
3,1789646448411513856,1789646458411513856,OSL Mismatch Diff %,%,p5,0.00
3,1789646448411513856,1789646458411513856,OSL Mismatch Diff %,%,p10,0.00
3,1789646448411513856,1789646458411513856,OSL Mismatch Diff %,%,p25,0.00
3,1789646448411513856,1789646458411513856,OSL Mismatch Diff %,%,p50,0.00
3,1789646448411513856,1789646458411513856,OSL Mismatch Diff %,%,p75,0.00
3,1789646448411513856,1789646458411513856,OSL Mismatch Diff %,%,p90,0.00
3,1789646448411513856,1789646458411513856,OSL Mismatch Diff %,%,p95,0.00
3,1789646448411513856,1789646458411513856,OSL Mismatch Diff %,%,p99,0.00
3,1789646448411513856,1789646458411513856,OSL Mismatch Diff %,%,std,0.00
3,1789646448411513856,1789646458411513856,Output Sequence Length,tokens,avg,512.00
3,1789646448411513856,1789646458411513856,Output Sequence Length,tokens,min,512.00
3,1789646448411513856,1789646458411513856,Output Sequence Length,tokens,max,512.00
3,1789646448411513856,1789646458411513856,Output Sequence Length,tokens,sum,16384.00
3,1789646448411513856,1789646458411513856,Output Sequence Length,tokens,p1,512.00
3,1789646448411513856,1789646458411513856,Output Sequence Length,tokens,p5,512.00
3,1789646448411513856,1789646458411513856,Output Sequence Length,tokens,p10,512.00
3,1789646448411513856,1789646458411513856,Output Sequence Length,tokens,p25,512.00
3,1789646448411513856,1789646458411513856,Output Sequence Length,tokens,p50,512.00
3,1789646448411513856,1789646458411513856,Output Sequence Length,tokens,p75,512.00
3,1789646448411513856,1789646458411513856,Output Sequence Length,tokens,p90,512.00
3,1789646448411513856,1789646458411513856,Output Sequence Length,tokens,p95,512.00
3,1789646448411513856,1789646458411513856,Output Sequence Length,tokens,p99,512.00
3,1789646448411513856,1789646458411513856,Output Sequence Length,tokens,std,0.00
3,1789646448411513856,1789646458411513856,Output Token Throughput,tokens/sec,avg,1638.40
3,1789646448411513856,1789646458411513856,Output Token Throughput Per User,tokens/sec/user,avg,43.55
3,1789646448411513856,1789646458411513856,Output Token Throughput Per User,tokens/sec/user,min,16.93
3,1789646448411513856,1789646458411513856,Output Token Throughput Per User,tokens/sec/user,max,68.40
3,1789646448411513856,1789646458411513856,Output Token Throughput Per User,tokens/sec/user,sum,1393.56
3,1789646448411513856,1789646458411513856,Output Token Throughput Per User,tokens/sec/user,p1,16.93
3,1789646448411513856,1789646458411513856,Output Token Throughput Per User,tokens/sec/user,p5,16.93
3,1789646448411513856,1789646458411513856,Output Token Throughput Per User,tokens/sec/user,p10,25.81
3,1789646448411513856,1789646458411513856,Output Token Throughput Per User,tokens/sec/user,p25,25.97
3,1789646448411513856,1789646458411513856,Output Token Throughput Per User,tokens/sec/user,p50,25.97
3,1789646448411513856,1789646458411513856,Output Token Throughput Per User,tokens/sec/user,p75,68.07
3,1789646448411513856,1789646458411513856,Output Token Throughput Per User,tokens/sec/user,p90,68.07
3,1789646448411513856,1789646458411513856,Output Token Throughput Per User,tokens/sec/user,p95,68.08
3,1789646448411513856,1789646458411513856,Output Token Throughput Per User,tokens/sec/user,p99,68.30
3,1789646448411513856,1789646458411513856,Output Token Throughput Per User,tokens/sec/user,std,21.80
3,1789646448411513856,1789646458411513856,Overall Usage Prompt Cache Read %,%,avg,80.94
3,1789646448411513856,1789646458411513856,Prefill Throughput Per User,tokens/sec/user,avg,1178.96
3,1789646448411513856,1789646458411513856,Prefill Throughput Per User,tokens/sec/user,min,88.43
3,1789646448411513856,1789646458411513856,Prefill Throughput Per User,tokens/sec/user,max,3354.16
3,1789646448411513856,1789646458411513856,Prefill Throughput Per User,tokens/sec/user,sum,37726.60
3,1789646448411513856,1789646458411513856,Prefill Throughput Per User,tokens/sec/user,p1,88.43
3,1789646448411513856,1789646458411513856,Prefill Throughput Per User,tokens/sec/user,p5,88.43
3,1789646448411513856,1789646458411513856,Prefill Throughput Per User,tokens/sec/user,p10,88.43
3,1789646448411513856,1789646458411513856,Prefill Throughput Per User,tokens/sec/user,p25,88.43
3,1789646448411513856,1789646458411513856,Prefill Throughput Per User,tokens/sec/user,p50,89.54
3,1789646448411513856,1789646458411513856,Prefill Throughput Per User,tokens/sec/user,p75,2347.52
3,1789646448411513856,1789646458411513856,Prefill Throughput Per User,tokens/sec/user,p90,2348.03
3,1789646448411513856,1789646458411513856,Prefill Throughput Per User,tokens/sec/user,p95,2348.25
3,1789646448411513856,1789646458411513856,Prefill Throughput Per User,tokens/sec/user,p99,3042.34
3,1789646448411513856,1789646458411513856,Prefill Throughput Per User,tokens/sec/user,std,1173.41
3,1789646448411513856,1789646458411513856,Reasoning Token Count,tokens,avg,512.00
3,1789646448411513856,1789646458411513856,Reasoning Token Count,tokens,min,512.00
3,1789646448411513856,1789646458411513856,Reasoning Token Count,tokens,max,512.00
3,1789646448411513856,1789646458411513856,Reasoning Token Count,tokens,sum,16384.00
3,1789646448411513856,1789646458411513856,Reasoning Token Count,tokens,p1,512.00
3,1789646448411513856,1789646458411513856,Reasoning Token Count,tokens,p5,512.00
3,1789646448411513856,1789646458411513856,Reasoning Token Count,tokens,p10,512.00
3,1789646448411513856,1789646458411513856,Reasoning Token Count,tokens,p25,512.00
3,1789646448411513856,1789646458411513856,Reasoning Token Count,tokens,p50,512.00
3,1789646448411513856,1789646458411513856,Reasoning Token Count,tokens,p75,512.00
3,1789646448411513856,1789646458411513856,Reasoning Token Count,tokens,p90,512.00
3,1789646448411513856,1789646458411513856,Reasoning Token Count,tokens,p95,512.00
3,1789646448411513856,1789646458411513856,Reasoning Token Count,tokens,p99,512.00
3,1789646448411513856,1789646458411513856,Reasoning Token Count,tokens,std,0.00
3,1789646448411513856,1789646458411513856,Request Count,requests,avg,32.00
3,1789646448411513856,1789646458411513856,Request Latency,ms,avg,22192.34
3,1789646448411513856,1789646458411513856,Request Latency,ms,min,19989.17
3,1789646448411513856,1789646458411513856,Request Latency,ms,max,42547.62
3,1789646448411513856,1789646458411513856,Request Latency,ms,sum,710154.87
3,1789646448411513856,1789646458411513856,Request Latency,ms,p1,20000.38
3,1789646448411513856,1789646458411513856,Request Latency,ms,p5,20025.33
3,1789646448411513856,1789646458411513856,Request Latency,ms,p10,20025.36
3,1789646448411513856,1789646458411513856,Request Latency,ms,p25,20025.40
3,1789646448411513856,1789646458411513856,Request Latency,ms,p50,20146.11
3,1789646448411513856,1789646458411513856,Request Latency,ms,p75,20146.22
3,1789646448411513856,1789646458411513856,Request Latency,ms,p90,20146.38
3,1789646448411513856,1789646458411513856,Request Latency,ms,p95,42547.27
3,1789646448411513856,1789646458411513856,Request Latency,ms,p99,42547.61
3,1789646448411513856,1789646458411513856,Request Latency,ms,std,6547.14
3,1789646448411513856,1789646458411513856,Request Throughput,requests/sec,avg,3.20
3,1789646448411513856,1789646458411513856,Time to First Token,ms,avg,6852.71
3,1789646448411513856,1789646458411513856,Time to First Token,ms,min,330.04
3,1789646448411513856,1789646458411513856,Time to First Token,ms,max,12519.01
3,1789646448411513856,1789646458411513856,Time to First Token,ms,sum,219286.73
3,1789646448411513856,1789646458411513856,Time to First Token,ms,p1,373.86
3,1789646448411513856,1789646458411513856,Time to First Token,ms,p5,471.41
3,1789646448411513856,1789646458411513856,Time to First Token,ms,p10,471.46
3,1789646448411513856,1789646458411513856,Time to First Token,ms,p25,471.56
3,1789646448411513856,1789646458411513856,Time to First Token,ms,p50,12363.51
3,1789646448411513856,1789646458411513856,Time to First Token,ms,p75,12518.82
3,1789646448411513856,1789646458411513856,Time to First Token,ms,p90,12518.94
3,1789646448411513856,1789646458411513856,Time to First Token,ms,p95,12518.97
3,1789646448411513856,1789646458411513856,Time to First Token,ms,p99,12519.00
3,1789646448411513856,1789646458411513856,Time to First Token,ms,std,6003.12
3,1789646448411513856,1789646458411513856,Time to Second Token,ms,avg,5345.60
3,1789646448411513856,1789646458411513856,Time to Second Token,ms,min,1.13
3,1789646448411513856,1789646458411513856,Time to Second Token,ms,max,12204.18
3,1789646448411513856,1789646458411513856,Time to Second Token,ms,sum,171059.20
3,1789646448411513856,1789646458411513856,Time to Second Token,ms,p1,1.13
3,1789646448411513856,1789646458411513856,Time to Second Token,ms,p5,1.20
3,1789646448411513856,1789646458411513856,Time to Second Token,ms,p10,2.79
3,1789646448411513856,1789646458411513856,Time to Second Token,ms,p25,2.81
3,1789646448411513856,1789646458411513856,Time to Second Token,ms,p50,2.87
3,1789646448411513856,1789646458411513856,Time to Second Token,ms,p75,12203.97
3,1789646448411513856,1789646458411513856,Time to Second Token,ms,p90,12204.09
3,1789646448411513856,1789646458411513856,Time to Second Token,ms,p95,12204.16
3,1789646448411513856,1789646458411513856,Time to Second Token,ms,p99,12204.18
3,1789646448411513856,1789646458411513856,Time to Second Token,ms,std,6048.61
3,1789646448411513856,1789646458411513856,Tokens In Flight,tokens,avg,41760.43
3,1789646448411513856,1789646458411513856,Tokens In Flight,tokens,min,21458.76
3,1789646448411513856,1789646458411513856,Tokens In Flight,tokens,max,51752.83
3,1789646448411513856,1789646458411513856,Tokens In Flight,tokens,p50,41421.41
3,1789646448411513856,1789646458411513856,Tokens In Flight,tokens,p90,49667.67
3,1789646448411513856,1789646458411513856,Tokens In Flight,tokens,p95,50728.22
3,1789646448411513856,1789646458411513856,Tokens In Flight,tokens,p99,51527.12
3,1789646448411513856,1789646458411513856,Tokens In Flight,tokens,std,5434.74
3,1789646448411513856,1789646458411513856,Total Input Sequence Length,tokens,avg,35424.00
3,1789646448411513856,1789646458411513856,Total Output Sequence Length,tokens,avg,16384.00
3,1789646448411513856,1789646458411513856,Total Reasoning Tokens,tokens,avg,16384.00
3,1789646448411513856,1789646458411513856,Total Token Throughput,tokens/sec,avg,5180.80
3,1789646448411513856,1789646458411513856,Total Usage Completion Tokens,tokens,avg,16384.00
3,1789646448411513856,1789646458411513856,Total Usage Prompt Cache Read Tokens,tokens,avg,28672.00
3,1789646448411513856,1789646458411513856,Total Usage Prompt Tokens,tokens,avg,35424.00
3,1789646448411513856,1789646458411513856,Total Usage Reasoning Tokens,tokens,avg,16384.00
3,1789646448411513856,1789646458411513856,Total Usage Total Tokens,tokens,avg,51808.00
3,1789646448411513856,1789646458411513856,Usage Completion Tokens,tokens,avg,512.00
3,1789646448411513856,1789646458411513856,Usage Completion Tokens,tokens,min,512.00
3,1789646448411513856,1789646458411513856,Usage Completion Tokens,tokens,max,512.00
3,1789646448411513856,1789646458411513856,Usage Completion Tokens,tokens,sum,16384.00
3,1789646448411513856,1789646458411513856,Usage Completion Tokens,tokens,p1,512.00
3,1789646448411513856,1789646458411513856,Usage Completion Tokens,tokens,p5,512.00
3,1789646448411513856,1789646458411513856,Usage Completion Tokens,tokens,p10,512.00
3,1789646448411513856,1789646458411513856,Usage Completion Tokens,tokens,p25,512.00
3,1789646448411513856,1789646458411513856,Usage Completion Tokens,tokens,p50,512.00
3,1789646448411513856,1789646458411513856,Usage Completion Tokens,tokens,p75,512.00
3,1789646448411513856,1789646458411513856,Usage Completion Tokens,tokens,p90,512.00
3,1789646448411513856,1789646458411513856,Usage Completion Tokens,tokens,p95,512.00
3,1789646448411513856,1789646458411513856,Usage Completion Tokens,tokens,p99,512.00
3,1789646448411513856,1789646458411513856,Usage Completion Tokens,tokens,std,0.00
3,1789646448411513856,1789646458411513856,Usage Prompt Cache Read Tokens,tokens,avg,896.00
3,1789646448411513856,1789646458411513856,Usage Prompt Cache Read Tokens,tokens,min,0.00
3,1789646448411513856,1789646458411513856,Usage Prompt Cache Read Tokens,tokens,max,1024.00
3,1789646448411513856,1789646458411513856,Usage Prompt Cache Read Tokens,tokens,sum,28672.00
3,1789646448411513856,1789646458411513856,Usage Prompt Cache Read Tokens,tokens,p1,0.00
3,1789646448411513856,1789646458411513856,Usage Prompt Cache Read Tokens,tokens,p5,0.00
3,1789646448411513856,1789646458411513856,Usage Prompt Cache Read Tokens,tokens,p10,102.40
3,1789646448411513856,1789646458411513856,Usage Prompt Cache Read Tokens,tokens,p25,1024.00
3,1789646448411513856,1789646458411513856,Usage Prompt Cache Read Tokens,tokens,p50,1024.00
3,1789646448411513856,1789646458411513856,Usage Prompt Cache Read Tokens,tokens,p75,1024.00
3,1789646448411513856,1789646458411513856,Usage Prompt Cache Read Tokens,tokens,p90,1024.00
3,1789646448411513856,1789646458411513856,Usage Prompt Cache Read Tokens,tokens,p95,1024.00
3,1789646448411513856,1789646458411513856,Usage Prompt Cache Read Tokens,tokens,p99,1024.00
3,1789646448411513856,1789646458411513856,Usage Prompt Cache Read Tokens,tokens,std,338.66
3,1789646448411513856,1789646458411513856,Usage Prompt Tokens,tokens,avg,1107.00
3,1789646448411513856,1789646458411513856,Usage Prompt Tokens,tokens,min,1107.00
3,1789646448411513856,1789646458411513856,Usage Prompt Tokens,tokens,max,1107.00
3,1789646448411513856,1789646458411513856,Usage Prompt Tokens,tokens,sum,35424.00
3,1789646448411513856,1789646458411513856,Usage Prompt Tokens,tokens,p1,1107.00
3,1789646448411513856,1789646458411513856,Usage Prompt Tokens,tokens,p5,1107.00
3,1789646448411513856,1789646458411513856,Usage Prompt Tokens,tokens,p10,1107.00
3,1789646448411513856,1789646458411513856,Usage Prompt Tokens,tokens,p25,1107.00
3,1789646448411513856,1789646458411513856,Usage Prompt Tokens,tokens,p50,1107.00
3,1789646448411513856,1789646458411513856,Usage Prompt Tokens,tokens,p75,1107.00
3,1789646448411513856,1789646458411513856,Usage Prompt Tokens,tokens,p90,1107.00
3,1789646448411513856,1789646458411513856,Usage Prompt Tokens,tokens,p95,1107.00
3,1789646448411513856,1789646458411513856,Usage Prompt Tokens,tokens,p99,1107.00
3,1789646448411513856,1789646458411513856,Usage Prompt Tokens,tokens,std,0.00
3,1789646448411513856,1789646458411513856,Usage Reasoning Tokens,tokens,avg,512.00
3,1789646448411513856,1789646458411513856,Usage Reasoning Tokens,tokens,min,512.00
3,1789646448411513856,1789646458411513856,Usage Reasoning Tokens,tokens,max,512.00
3,1789646448411513856,1789646458411513856,Usage Reasoning Tokens,tokens,sum,16384.00
3,1789646448411513856,1789646458411513856,Usage Reasoning Tokens,tokens,p1,512.00
3,1789646448411513856,1789646458411513856,Usage Reasoning Tokens,tokens,p5,512.00
3,1789646448411513856,1789646458411513856,Usage Reasoning Tokens,tokens,p10,512.00
3,1789646448411513856,1789646458411513856,Usage Reasoning Tokens,tokens,p25,512.00
3,1789646448411513856,1789646458411513856,Usage Reasoning Tokens,tokens,p50,512.00
3,1789646448411513856,1789646458411513856,Usage Reasoning Tokens,tokens,p75,512.00
3,1789646448411513856,1789646458411513856,Usage Reasoning Tokens,tokens,p90,512.00
3,1789646448411513856,1789646458411513856,Usage Reasoning Tokens,tokens,p95,512.00
3,1789646448411513856,1789646458411513856,Usage Reasoning Tokens,tokens,p99,512.00
3,1789646448411513856,1789646458411513856,Usage Reasoning Tokens,tokens,std,0.00
3,1789646448411513856,1789646458411513856,Usage Total Tokens,tokens,avg,1619.00
3,1789646448411513856,1789646458411513856,Usage Total Tokens,tokens,min,1619.00
3,1789646448411513856,1789646458411513856,Usage Total Tokens,tokens,max,1619.00
3,1789646448411513856,1789646458411513856,Usage Total Tokens,tokens,sum,51808.00
3,1789646448411513856,1789646458411513856,Usage Total Tokens,tokens,p1,1619.00
3,1789646448411513856,1789646458411513856,Usage Total Tokens,tokens,p5,1619.00
3,1789646448411513856,1789646458411513856,Usage Total Tokens,tokens,p10,1619.00
3,1789646448411513856,1789646458411513856,Usage Total Tokens,tokens,p25,1619.00
3,1789646448411513856,1789646458411513856,Usage Total Tokens,tokens,p50,1619.00
3,1789646448411513856,1789646458411513856,Usage Total Tokens,tokens,p75,1619.00
3,1789646448411513856,1789646458411513856,Usage Total Tokens,tokens,p90,1619.00
3,1789646448411513856,1789646458411513856,Usage Total Tokens,tokens,p95,1619.00
3,1789646448411513856,1789646458411513856,Usage Total Tokens,tokens,p99,1619.00
3,1789646448411513856,1789646458411513856,Usage Total Tokens,tokens,std,0.00
4,1789646468411513856,1789646478411513856,Active Decode Throughput,tokens/sec,avg,1505.12
4,1789646468411513856,1789646478411513856,Active Decode Throughput,tokens/sec,min,0.15
4,1789646468411513856,1789646478411513856,Active Decode Throughput,tokens/sec,max,2788.39
4,1789646468411513856,1789646478411513856,Active Decode Throughput,tokens/sec,p50,2100.60
4,1789646468411513856,1789646478411513856,Active Decode Throughput,tokens/sec,p90,2243.79
4,1789646468411513856,1789646478411513856,Active Decode Throughput,tokens/sec,p95,2292.48
4,1789646468411513856,1789646478411513856,Active Decode Throughput,tokens/sec,p99,2346.26
4,1789646468411513856,1789646478411513856,Active Decode Throughput,tokens/sec,std,989.29
4,1789646468411513856,1789646478411513856,Active Decode Throughput Per User,tokens/sec/user,avg,47.10
4,1789646468411513856,1789646478411513856,Active Decode Throughput Per User,tokens/sec/user,min,0.05
4,1789646468411513856,1789646478411513856,Active Decode Throughput Per User,tokens/sec/user,max,87.14
4,1789646468411513856,1789646478411513856,Active Decode Throughput Per User,tokens/sec/user,p50,65.64
4,1789646468411513856,1789646478411513856,Active Decode Throughput Per User,tokens/sec/user,p90,70.12
4,1789646468411513856,1789646478411513856,Active Decode Throughput Per User,tokens/sec/user,p95,71.64
4,1789646468411513856,1789646478411513856,Active Decode Throughput Per User,tokens/sec/user,p99,73.32
4,1789646468411513856,1789646478411513856,Active Decode Throughput Per User,tokens/sec/user,std,30.86
4,1789646468411513856,1789646478411513856,Active Prefill Throughput,tokens/sec,avg,749.14
4,1789646468411513856,1789646478411513856,Active Prefill Throughput,tokens/sec,min,48.70
4,1789646468411513856,1789646478411513856,Active Prefill Throughput,tokens/sec,max,757.61
4,1789646468411513856,1789646478411513856,Active Prefill Throughput,tokens/sec,p50,757.61
4,1789646468411513856,1789646478411513856,Active Prefill Throughput,tokens/sec,p90,757.61
4,1789646468411513856,1789646478411513856,Active Prefill Throughput,tokens/sec,p95,757.61
4,1789646468411513856,1789646478411513856,Active Prefill Throughput,tokens/sec,p99,757.61
4,1789646468411513856,1789646478411513856,Active Prefill Throughput,tokens/sec,std,66.63
4,1789646468411513856,1789646478411513856,Active Prefill Throughput Per User,tokens/sec/user,avg,26.27
4,1789646468411513856,1789646478411513856,Active Prefill Throughput Per User,tokens/sec/user,min,26.12
4,1789646468411513856,1789646478411513856,Active Prefill Throughput Per User,tokens/sec/user,max,48.70
4,1789646468411513856,1789646478411513856,Active Prefill Throughput Per User,tokens/sec/user,p50,26.12
4,1789646468411513856,1789646478411513856,Active Prefill Throughput Per User,tokens/sec/user,p90,26.12
4,1789646468411513856,1789646478411513856,Active Prefill Throughput Per User,tokens/sec/user,p95,26.12
4,1789646468411513856,1789646478411513856,Active Prefill Throughput Per User,tokens/sec/user,p99,26.89
4,1789646468411513856,1789646478411513856,Active Prefill Throughput Per User,tokens/sec/user,std,1.74
4,1789646468411513856,1789646478411513856,Active Total Throughput,tokens/sec,avg,1218.72
4,1789646468411513856,1789646478411513856,Active Total Throughput,tokens/sec,min,454.15
4,1789646468411513856,1789646478411513856,Active Total Throughput,tokens/sec,max,1416.14
4,1789646468411513856,1789646478411513856,Active Total Throughput,tokens/sec,p50,1393.23
4,1789646468411513856,1789646478411513856,Active Total Throughput,tokens/sec,p90,1393.23
4,1789646468411513856,1789646478411513856,Active Total Throughput,tokens/sec,p95,1393.23
4,1789646468411513856,1789646478411513856,Active Total Throughput,tokens/sec,p99,1393.23
4,1789646468411513856,1789646478411513856,Active Total Throughput,tokens/sec,std,267.81
4,1789646468411513856,1789646478411513856,Benchmark Duration,sec,avg,51.30
4,1789646468411513856,1789646478411513856,Decode Duration,ms,avg,8257.14
4,1789646468411513856,1789646478411513856,Decode Duration,ms,min,7500.68
4,1789646468411513856,1789646478411513856,Decode Duration,ms,max,28517.99
4,1789646468411513856,1789646478411513856,Decode Duration,ms,sum,239457.13
4,1789646468411513856,1789646478411513856,Decode Duration,ms,p1,7500.68
4,1789646468411513856,1789646478411513856,Decode Duration,ms,p5,7500.68
4,1789646468411513856,1789646478411513856,Decode Duration,ms,p10,7500.70
4,1789646468411513856,1789646478411513856,Decode Duration,ms,p25,7500.71
4,1789646468411513856,1789646478411513856,Decode Duration,ms,p50,7500.74
4,1789646468411513856,1789646478411513856,Decode Duration,ms,p75,7615.52
4,1789646468411513856,1789646478411513856,Decode Duration,ms,p90,7615.61
4,1789646468411513856,1789646478411513856,Decode Duration,ms,p95,7615.62
4,1789646468411513856,1789646478411513856,Decode Duration,ms,p99,22665.33
4,1789646468411513856,1789646478411513856,Decode Duration,ms,std,3829.28
4,1789646468411513856,1789646478411513856,E2E Output Token Throughput,tokens/sec/user,avg,9.99
4,1789646468411513856,1789646478411513856,E2E Output Token Throughput,tokens/sec/user,min,9.98
4,1789646468411513856,1789646478411513856,E2E Output Token Throughput,tokens/sec/user,max,9.99
4,1789646468411513856,1789646478411513856,E2E Output Token Throughput,tokens/sec/user,sum,289.68
4,1789646468411513856,1789646478411513856,E2E Output Token Throughput,tokens/sec/user,p1,9.98
4,1789646468411513856,1789646478411513856,E2E Output Token Throughput,tokens/sec/user,p5,9.98
4,1789646468411513856,1789646478411513856,E2E Output Token Throughput,tokens/sec/user,p10,9.98
4,1789646468411513856,1789646478411513856,E2E Output Token Throughput,tokens/sec/user,p25,9.99
4,1789646468411513856,1789646478411513856,E2E Output Token Throughput,tokens/sec/user,p50,9.99
4,1789646468411513856,1789646478411513856,E2E Output Token Throughput,tokens/sec/user,p75,9.99
4,1789646468411513856,1789646478411513856,E2E Output Token Throughput,tokens/sec/user,p90,9.99
4,1789646468411513856,1789646478411513856,E2E Output Token Throughput,tokens/sec/user,p95,9.99
4,1789646468411513856,1789646478411513856,E2E Output Token Throughput,tokens/sec/user,p99,9.99
4,1789646468411513856,1789646478411513856,E2E Output Token Throughput,tokens/sec/user,std,0.00
4,1789646468411513856,1789646478411513856,Effective Concurrency,requests,avg,31.99
4,1789646468411513856,1789646478411513856,Effective Concurrency,requests,min,18.00
4,1789646468411513856,1789646478411513856,Effective Concurrency,requests,max,32.00
4,1789646468411513856,1789646478411513856,Effective Concurrency,requests,p50,32.00
4,1789646468411513856,1789646478411513856,Effective Concurrency,requests,p90,32.00
4,1789646468411513856,1789646478411513856,Effective Concurrency,requests,p95,32.00
4,1789646468411513856,1789646478411513856,Effective Concurrency,requests,p99,32.00
4,1789646468411513856,1789646478411513856,Effective Concurrency,requests,std,0.34
4,1789646468411513856,1789646478411513856,Effective Decode Concurrency,requests,avg,23.30
4,1789646468411513856,1789646478411513856,Effective Decode Concurrency,requests,min,3.00
4,1789646468411513856,1789646478411513856,Effective Decode Concurrency,requests,max,32.00
4,1789646468411513856,1789646478411513856,Effective Decode Concurrency,requests,p50,32.00
4,1789646468411513856,1789646478411513856,Effective Decode Concurrency,requests,p90,32.00
4,1789646468411513856,1789646478411513856,Effective Decode Concurrency,requests,p95,32.00
4,1789646468411513856,1789646478411513856,Effective Decode Concurrency,requests,p99,32.00
4,1789646468411513856,1789646478411513856,Effective Decode Concurrency,requests,std,13.26
4,1789646468411513856,1789646478411513856,Effective Decode Throughput,tokens/sec,avg,1505.12
4,1789646468411513856,1789646478411513856,Effective Decode Throughput,tokens/sec,min,0.15
4,1789646468411513856,1789646478411513856,Effective Decode Throughput,tokens/sec,max,2788.39
4,1789646468411513856,1789646478411513856,Effective Decode Throughput,tokens/sec,p50,2100.60
4,1789646468411513856,1789646478411513856,Effective Decode Throughput,tokens/sec,p90,2243.79
4,1789646468411513856,1789646478411513856,Effective Decode Throughput,tokens/sec,p95,2292.48
4,1789646468411513856,1789646478411513856,Effective Decode Throughput,tokens/sec,p99,2346.26
4,1789646468411513856,1789646478411513856,Effective Decode Throughput,tokens/sec,std,989.29
4,1789646468411513856,1789646478411513856,Effective Decode Throughput Per User,tokens/sec/user,avg,47.10
4,1789646468411513856,1789646478411513856,Effective Decode Throughput Per User,tokens/sec/user,min,0.05
4,1789646468411513856,1789646478411513856,Effective Decode Throughput Per User,tokens/sec/user,max,87.14
4,1789646468411513856,1789646478411513856,Effective Decode Throughput Per User,tokens/sec/user,p50,65.64
4,1789646468411513856,1789646478411513856,Effective Decode Throughput Per User,tokens/sec/user,p90,70.12
4,1789646468411513856,1789646478411513856,Effective Decode Throughput Per User,tokens/sec/user,p95,71.64
4,1789646468411513856,1789646478411513856,Effective Decode Throughput Per User,tokens/sec/user,p99,73.32
4,1789646468411513856,1789646478411513856,Effective Decode Throughput Per User,tokens/sec/user,std,30.86
4,1789646468411513856,1789646478411513856,Effective Prefill Concurrency,requests,avg,8.69
4,1789646468411513856,1789646478411513856,Effective Prefill Concurrency,requests,min,0.00
4,1789646468411513856,1789646478411513856,Effective Prefill Concurrency,requests,max,29.00
4,1789646468411513856,1789646478411513856,Effective Prefill Concurrency,requests,p50,0.00
4,1789646468411513856,1789646478411513856,Effective Prefill Concurrency,requests,p90,29.00
4,1789646468411513856,1789646478411513856,Effective Prefill Concurrency,requests,p95,29.00
4,1789646468411513856,1789646478411513856,Effective Prefill Concurrency,requests,p99,29.00
4,1789646468411513856,1789646478411513856,Effective Prefill Concurrency,requests,std,13.26
4,1789646468411513856,1789646478411513856,Effective Prefill Throughput,tokens/sec,avg,227.19
4,1789646468411513856,1789646478411513856,Effective Prefill Throughput,tokens/sec,min,0.00
4,1789646468411513856,1789646478411513856,Effective Prefill Throughput,tokens/sec,max,757.61
4,1789646468411513856,1789646478411513856,Effective Prefill Throughput,tokens/sec,p50,0.00
4,1789646468411513856,1789646478411513856,Effective Prefill Throughput,tokens/sec,p90,757.61
4,1789646468411513856,1789646478411513856,Effective Prefill Throughput,tokens/sec,p95,757.61
4,1789646468411513856,1789646478411513856,Effective Prefill Throughput,tokens/sec,p99,757.61
4,1789646468411513856,1789646478411513856,Effective Prefill Throughput,tokens/sec,std,346.31
4,1789646468411513856,1789646478411513856,Effective Prefill Throughput Per User,tokens/sec/user,avg,7.97
4,1789646468411513856,1789646478411513856,Effective Prefill Throughput Per User,tokens/sec/user,min,0.00
4,1789646468411513856,1789646478411513856,Effective Prefill Throughput Per User,tokens/sec/user,max,48.70
4,1789646468411513856,1789646478411513856,Effective Prefill Throughput Per User,tokens/sec/user,p50,0.00
4,1789646468411513856,1789646478411513856,Effective Prefill Throughput Per User,tokens/sec/user,p90,26.12
4,1789646468411513856,1789646478411513856,Effective Prefill Throughput Per User,tokens/sec/user,p95,26.12
4,1789646468411513856,1789646478411513856,Effective Prefill Throughput Per User,tokens/sec/user,p99,26.12
4,1789646468411513856,1789646478411513856,Effective Prefill Throughput Per User,tokens/sec/user,std,12.11
4,1789646468411513856,1789646478411513856,Effective Total Throughput,tokens/sec,avg,1218.72
4,1789646468411513856,1789646478411513856,Effective Total Throughput,tokens/sec,min,454.15
4,1789646468411513856,1789646478411513856,Effective Total Throughput,tokens/sec,max,1416.14
4,1789646468411513856,1789646478411513856,Effective Total Throughput,tokens/sec,p50,1393.23
4,1789646468411513856,1789646478411513856,Effective Total Throughput,tokens/sec,p90,1393.23
4,1789646468411513856,1789646478411513856,Effective Total Throughput,tokens/sec,p95,1393.23
4,1789646468411513856,1789646478411513856,Effective Total Throughput,tokens/sec,p99,1393.23
4,1789646468411513856,1789646478411513856,Effective Total Throughput,tokens/sec,std,267.81
4,1789646468411513856,1789646478411513856,HTTP Blocked,ms,avg,0.00
4,1789646468411513856,1789646478411513856,HTTP Blocked,ms,min,0.00
4,1789646468411513856,1789646478411513856,HTTP Blocked,ms,max,0.00
4,1789646468411513856,1789646478411513856,HTTP Blocked,ms,sum,0.00
4,1789646468411513856,1789646478411513856,HTTP Blocked,ms,p1,0.00
4,1789646468411513856,1789646478411513856,HTTP Blocked,ms,p5,0.00
4,1789646468411513856,1789646478411513856,HTTP Blocked,ms,p10,0.00
4,1789646468411513856,1789646478411513856,HTTP Blocked,ms,p25,0.00
4,1789646468411513856,1789646478411513856,HTTP Blocked,ms,p50,0.00
4,1789646468411513856,1789646478411513856,HTTP Blocked,ms,p75,0.00
4,1789646468411513856,1789646478411513856,HTTP Blocked,ms,p90,0.00
4,1789646468411513856,1789646478411513856,HTTP Blocked,ms,p95,0.00
4,1789646468411513856,1789646478411513856,HTTP Blocked,ms,p99,0.00
4,1789646468411513856,1789646478411513856,HTTP Blocked,ms,std,0.00
4,1789646468411513856,1789646478411513856,HTTP Chunks Received,count,avg,466.72
4,1789646468411513856,1789646478411513856,HTTP Chunks Received,count,min,443.00
4,1789646468411513856,1789646478411513856,HTTP Chunks Received,count,max,498.00
4,1789646468411513856,1789646478411513856,HTTP Chunks Received,count,sum,13535.00
4,1789646468411513856,1789646478411513856,HTTP Chunks Received,count,p1,443.84
4,1789646468411513856,1789646478411513856,HTTP Chunks Received,count,p5,447.60
4,1789646468411513856,1789646478411513856,HTTP Chunks Received,count,p10,450.00
4,1789646468411513856,1789646478411513856,HTTP Chunks Received,count,p25,460.00
4,1789646468411513856,1789646478411513856,HTTP Chunks Received,count,p50,467.00
4,1789646468411513856,1789646478411513856,HTTP Chunks Received,count,p75,473.00
4,1789646468411513856,1789646478411513856,HTTP Chunks Received,count,p90,481.20
4,1789646468411513856,1789646478411513856,HTTP Chunks Received,count,p95,489.80
4,1789646468411513856,1789646478411513856,HTTP Chunks Received,count,p99,497.16
4,1789646468411513856,1789646478411513856,HTTP Chunks Received,count,std,12.86
4,1789646468411513856,1789646478411513856,HTTP Chunks Sent,count,avg,1.00
4,1789646468411513856,1789646478411513856,HTTP Chunks Sent,count,min,1.00
4,1789646468411513856,1789646478411513856,HTTP Chunks Sent,count,max,1.00
4,1789646468411513856,1789646478411513856,HTTP Chunks Sent,count,sum,29.00
4,1789646468411513856,1789646478411513856,HTTP Chunks Sent,count,p1,1.00
4,1789646468411513856,1789646478411513856,HTTP Chunks Sent,count,p5,1.00
4,1789646468411513856,1789646478411513856,HTTP Chunks Sent,count,p10,1.00
4,1789646468411513856,1789646478411513856,HTTP Chunks Sent,count,p25,1.00
4,1789646468411513856,1789646478411513856,HTTP Chunks Sent,count,p50,1.00
4,1789646468411513856,1789646478411513856,HTTP Chunks Sent,count,p75,1.00
4,1789646468411513856,1789646478411513856,HTTP Chunks Sent,count,p90,1.00
4,1789646468411513856,1789646478411513856,HTTP Chunks Sent,count,p95,1.00
4,1789646468411513856,1789646478411513856,HTTP Chunks Sent,count,p99,1.00
4,1789646468411513856,1789646478411513856,HTTP Chunks Sent,count,std,0.00
4,1789646468411513856,1789646478411513856,HTTP Connecting,ms,avg,0.00
4,1789646468411513856,1789646478411513856,HTTP Connecting,ms,min,0.00
4,1789646468411513856,1789646478411513856,HTTP Connecting,ms,max,0.00
4,1789646468411513856,1789646478411513856,HTTP Connecting,ms,sum,0.00
4,1789646468411513856,1789646478411513856,HTTP Connecting,ms,p1,0.00
4,1789646468411513856,1789646478411513856,HTTP Connecting,ms,p5,0.00
4,1789646468411513856,1789646478411513856,HTTP Connecting,ms,p10,0.00
4,1789646468411513856,1789646478411513856,HTTP Connecting,ms,p25,0.00
4,1789646468411513856,1789646478411513856,HTTP Connecting,ms,p50,0.00
4,1789646468411513856,1789646478411513856,HTTP Connecting,ms,p75,0.00
4,1789646468411513856,1789646478411513856,HTTP Connecting,ms,p90,0.00
4,1789646468411513856,1789646478411513856,HTTP Connecting,ms,p95,0.00
4,1789646468411513856,1789646478411513856,HTTP Connecting,ms,p99,0.00
4,1789646468411513856,1789646478411513856,HTTP Connecting,ms,std,0.00
4,1789646468411513856,1789646478411513856,HTTP Connection Overhead,ms,avg,0.00
4,1789646468411513856,1789646478411513856,HTTP Connection Overhead,ms,min,0.00
4,1789646468411513856,1789646478411513856,HTTP Connection Overhead,ms,max,0.00
4,1789646468411513856,1789646478411513856,HTTP Connection Overhead,ms,sum,0.00
4,1789646468411513856,1789646478411513856,HTTP Connection Overhead,ms,p1,0.00
4,1789646468411513856,1789646478411513856,HTTP Connection Overhead,ms,p5,0.00
4,1789646468411513856,1789646478411513856,HTTP Connection Overhead,ms,p10,0.00
4,1789646468411513856,1789646478411513856,HTTP Connection Overhead,ms,p25,0.00
4,1789646468411513856,1789646478411513856,HTTP Connection Overhead,ms,p50,0.00
4,1789646468411513856,1789646478411513856,HTTP Connection Overhead,ms,p75,0.00
4,1789646468411513856,1789646478411513856,HTTP Connection Overhead,ms,p90,0.00
4,1789646468411513856,1789646478411513856,HTTP Connection Overhead,ms,p95,0.00
4,1789646468411513856,1789646478411513856,HTTP Connection Overhead,ms,p99,0.00
4,1789646468411513856,1789646478411513856,HTTP Connection Overhead,ms,std,0.00
4,1789646468411513856,1789646478411513856,HTTP Connection Reused,ratio,avg,1.00
4,1789646468411513856,1789646478411513856,HTTP Connection Reused,ratio,min,1.00
4,1789646468411513856,1789646478411513856,HTTP Connection Reused,ratio,max,1.00
4,1789646468411513856,1789646478411513856,HTTP Connection Reused,ratio,sum,29.00
4,1789646468411513856,1789646478411513856,HTTP Connection Reused,ratio,p1,1.00
4,1789646468411513856,1789646478411513856,HTTP Connection Reused,ratio,p5,1.00
4,1789646468411513856,1789646478411513856,HTTP Connection Reused,ratio,p10,1.00
4,1789646468411513856,1789646478411513856,HTTP Connection Reused,ratio,p25,1.00
4,1789646468411513856,1789646478411513856,HTTP Connection Reused,ratio,p50,1.00
4,1789646468411513856,1789646478411513856,HTTP Connection Reused,ratio,p75,1.00
4,1789646468411513856,1789646478411513856,HTTP Connection Reused,ratio,p90,1.00
4,1789646468411513856,1789646478411513856,HTTP Connection Reused,ratio,p95,1.00
4,1789646468411513856,1789646478411513856,HTTP Connection Reused,ratio,p99,1.00
4,1789646468411513856,1789646478411513856,HTTP Connection Reused,ratio,std,0.00
4,1789646468411513856,1789646478411513856,HTTP Data Received,KB,avg,124.47
4,1789646468411513856,1789646478411513856,HTTP Data Received,KB,min,118.18
4,1789646468411513856,1789646478411513856,HTTP Data Received,KB,max,132.62
4,1789646468411513856,1789646478411513856,HTTP Data Received,KB,sum,3609.59
4,1789646468411513856,1789646478411513856,HTTP Data Received,KB,p1,118.44
4,1789646468411513856,1789646478411513856,HTTP Data Received,KB,p5,119.44
4,1789646468411513856,1789646478411513856,HTTP Data Received,KB,p10,120.18
4,1789646468411513856,1789646478411513856,HTTP Data Received,KB,p25,122.61
4,1789646468411513856,1789646478411513856,HTTP Data Received,KB,p50,124.47
4,1789646468411513856,1789646478411513856,HTTP Data Received,KB,p75,126.06
4,1789646468411513856,1789646478411513856,HTTP Data Received,KB,p90,128.35
4,1789646468411513856,1789646478411513856,HTTP Data Received,KB,p95,130.59
4,1789646468411513856,1789646478411513856,HTTP Data Received,KB,p99,132.45
4,1789646468411513856,1789646478411513856,HTTP Data Received,KB,std,3.38
4,1789646468411513856,1789646478411513856,HTTP Data Sent,KB,avg,4.57
4,1789646468411513856,1789646478411513856,HTTP Data Sent,KB,min,4.06
4,1789646468411513856,1789646478411513856,HTTP Data Sent,KB,max,4.96
4,1789646468411513856,1789646478411513856,HTTP Data Sent,KB,sum,132.49
4,1789646468411513856,1789646478411513856,HTTP Data Sent,KB,p1,4.12
4,1789646468411513856,1789646478411513856,HTTP Data Sent,KB,p5,4.28
4,1789646468411513856,1789646478411513856,HTTP Data Sent,KB,p10,4.36
4,1789646468411513856,1789646478411513856,HTTP Data Sent,KB,p25,4.46
4,1789646468411513856,1789646478411513856,HTTP Data Sent,KB,p50,4.52
4,1789646468411513856,1789646478411513856,HTTP Data Sent,KB,p75,4.71
4,1789646468411513856,1789646478411513856,HTTP Data Sent,KB,p90,4.83
4,1789646468411513856,1789646478411513856,HTTP Data Sent,KB,p95,4.92
4,1789646468411513856,1789646478411513856,HTTP Data Sent,KB,p99,4.96
4,1789646468411513856,1789646478411513856,HTTP Data Sent,KB,std,0.20
4,1789646468411513856,1789646478411513856,HTTP DNS Lookup,ms,avg,0.00
4,1789646468411513856,1789646478411513856,HTTP DNS Lookup,ms,min,0.00
4,1789646468411513856,1789646478411513856,HTTP DNS Lookup,ms,max,0.00
4,1789646468411513856,1789646478411513856,HTTP DNS Lookup,ms,sum,0.00
4,1789646468411513856,1789646478411513856,HTTP DNS Lookup,ms,p1,0.00
4,1789646468411513856,1789646478411513856,HTTP DNS Lookup,ms,p5,0.00
4,1789646468411513856,1789646478411513856,HTTP DNS Lookup,ms,p10,0.00
4,1789646468411513856,1789646478411513856,HTTP DNS Lookup,ms,p25,0.00
4,1789646468411513856,1789646478411513856,HTTP DNS Lookup,ms,p50,0.00
4,1789646468411513856,1789646478411513856,HTTP DNS Lookup,ms,p75,0.00
4,1789646468411513856,1789646478411513856,HTTP DNS Lookup,ms,p90,0.00
4,1789646468411513856,1789646478411513856,HTTP DNS Lookup,ms,p95,0.00
4,1789646468411513856,1789646478411513856,HTTP DNS Lookup,ms,p99,0.00
4,1789646468411513856,1789646478411513856,HTTP DNS Lookup,ms,std,0.00
4,1789646468411513856,1789646478411513856,HTTP Duration (excl. conn),ms,avg,51256.64
4,1789646468411513856,1789646478411513856,HTTP Duration (excl. conn),ms,min,51247.65
4,1789646468411513856,1789646478411513856,HTTP Duration (excl. conn),ms,max,51285.79
4,1789646468411513856,1789646478411513856,HTTP Duration (excl. conn),ms,sum,1486442.60
4,1789646468411513856,1789646478411513856,HTTP Duration (excl. conn),ms,p1,51247.65
4,1789646468411513856,1789646478411513856,HTTP Duration (excl. conn),ms,p5,51247.68
4,1789646468411513856,1789646478411513856,HTTP Duration (excl. conn),ms,p10,51247.69
4,1789646468411513856,1789646478411513856,HTTP Duration (excl. conn),ms,p25,51247.78
4,1789646468411513856,1789646478411513856,HTTP Duration (excl. conn),ms,p50,51249.80
4,1789646468411513856,1789646478411513856,HTTP Duration (excl. conn),ms,p75,51249.93
4,1789646468411513856,1789646478411513856,HTTP Duration (excl. conn),ms,p90,51285.69
4,1789646468411513856,1789646478411513856,HTTP Duration (excl. conn),ms,p95,51285.77
4,1789646468411513856,1789646478411513856,HTTP Duration (excl. conn),ms,p99,51285.79
4,1789646468411513856,1789646478411513856,HTTP Duration (excl. conn),ms,std,14.87
4,1789646468411513856,1789646478411513856,HTTP Receiving,ms,avg,8257.15
4,1789646468411513856,1789646478411513856,HTTP Receiving,ms,min,7500.69
4,1789646468411513856,1789646478411513856,HTTP Receiving,ms,max,28518.00
4,1789646468411513856,1789646478411513856,HTTP Receiving,ms,sum,239457.37
4,1789646468411513856,1789646478411513856,HTTP Receiving,ms,p1,7500.69
4,1789646468411513856,1789646478411513856,HTTP Receiving,ms,p5,7500.69
4,1789646468411513856,1789646478411513856,HTTP Receiving,ms,p10,7500.71
4,1789646468411513856,1789646478411513856,HTTP Receiving,ms,p25,7500.72
4,1789646468411513856,1789646478411513856,HTTP Receiving,ms,p50,7500.75
4,1789646468411513856,1789646478411513856,HTTP Receiving,ms,p75,7615.53
4,1789646468411513856,1789646478411513856,HTTP Receiving,ms,p90,7615.63
4,1789646468411513856,1789646478411513856,HTTP Receiving,ms,p95,7615.63
4,1789646468411513856,1789646478411513856,HTTP Receiving,ms,p99,22665.34
4,1789646468411513856,1789646478411513856,HTTP Receiving,ms,std,3829.28
4,1789646468411513856,1789646478411513856,HTTP Sending,ms,avg,0.14
4,1789646468411513856,1789646478411513856,HTTP Sending,ms,min,0.12
4,1789646468411513856,1789646478411513856,HTTP Sending,ms,max,0.15
4,1789646468411513856,1789646478411513856,HTTP Sending,ms,sum,3.98
4,1789646468411513856,1789646478411513856,HTTP Sending,ms,p1,0.12
4,1789646468411513856,1789646478411513856,HTTP Sending,ms,p5,0.13
4,1789646468411513856,1789646478411513856,HTTP Sending,ms,p10,0.13
4,1789646468411513856,1789646478411513856,HTTP Sending,ms,p25,0.13
4,1789646468411513856,1789646478411513856,HTTP Sending,ms,p50,0.14
4,1789646468411513856,1789646478411513856,HTTP Sending,ms,p75,0.14
4,1789646468411513856,1789646478411513856,HTTP Sending,ms,p90,0.15
4,1789646468411513856,1789646478411513856,HTTP Sending,ms,p95,0.15
4,1789646468411513856,1789646478411513856,HTTP Sending,ms,p99,0.15
4,1789646468411513856,1789646478411513856,HTTP Sending,ms,std,0.01
4,1789646468411513856,1789646478411513856,HTTP Total Time,ms,avg,51256.64
4,1789646468411513856,1789646478411513856,HTTP Total Time,ms,min,51247.65
4,1789646468411513856,1789646478411513856,HTTP Total Time,ms,max,51285.79
4,1789646468411513856,1789646478411513856,HTTP Total Time,ms,sum,1486442.60
4,1789646468411513856,1789646478411513856,HTTP Total Time,ms,p1,51247.65
4,1789646468411513856,1789646478411513856,HTTP Total Time,ms,p5,51247.68
4,1789646468411513856,1789646478411513856,HTTP Total Time,ms,p10,51247.69
4,1789646468411513856,1789646478411513856,HTTP Total Time,ms,p25,51247.78
4,1789646468411513856,1789646478411513856,HTTP Total Time,ms,p50,51249.80
4,1789646468411513856,1789646478411513856,HTTP Total Time,ms,p75,51249.93
4,1789646468411513856,1789646478411513856,HTTP Total Time,ms,p90,51285.69
4,1789646468411513856,1789646478411513856,HTTP Total Time,ms,p95,51285.77
4,1789646468411513856,1789646478411513856,HTTP Total Time,ms,p99,51285.79
4,1789646468411513856,1789646478411513856,HTTP Total Time,ms,std,14.87
4,1789646468411513856,1789646478411513856,HTTP Waiting (TTFB),ms,avg,42999.35
4,1789646468411513856,1789646478411513856,HTTP Waiting (TTFB),ms,min,22731.08
4,1789646468411513856,1789646478411513856,HTTP Waiting (TTFB),ms,max,43784.93
4,1789646468411513856,1789646478411513856,HTTP Waiting (TTFB),ms,sum,1246981.25
4,1789646468411513856,1789646478411513856,HTTP Waiting (TTFB),ms,p1,28583.32
4,1789646468411513856,1789646478411513856,HTTP Waiting (TTFB),ms,p5,43631.93
4,1789646468411513856,1789646478411513856,HTTP Waiting (TTFB),ms,p10,43631.96
4,1789646468411513856,1789646478411513856,HTTP Waiting (TTFB),ms,p25,43632.06
4,1789646468411513856,1789646478411513856,HTTP Waiting (TTFB),ms,p50,43748.90
4,1789646468411513856,1789646478411513856,HTTP Waiting (TTFB),ms,p75,43749.11
4,1789646468411513856,1789646478411513856,HTTP Waiting (TTFB),ms,p90,43784.83
4,1789646468411513856,1789646478411513856,HTTP Waiting (TTFB),ms,p95,43784.92
4,1789646468411513856,1789646478411513856,HTTP Waiting (TTFB),ms,p99,43784.93
4,1789646468411513856,1789646478411513856,HTTP Waiting (TTFB),ms,std,3830.79
4,1789646468411513856,1789646478411513856,Input Sequence Length,tokens,avg,1107.00
4,1789646468411513856,1789646478411513856,Input Sequence Length,tokens,min,1107.00
4,1789646468411513856,1789646478411513856,Input Sequence Length,tokens,max,1107.00
4,1789646468411513856,1789646478411513856,Input Sequence Length,tokens,sum,32103.00
4,1789646468411513856,1789646478411513856,Input Sequence Length,tokens,p1,1107.00
4,1789646468411513856,1789646478411513856,Input Sequence Length,tokens,p5,1107.00
4,1789646468411513856,1789646478411513856,Input Sequence Length,tokens,p10,1107.00
4,1789646468411513856,1789646478411513856,Input Sequence Length,tokens,p25,1107.00
4,1789646468411513856,1789646478411513856,Input Sequence Length,tokens,p50,1107.00
4,1789646468411513856,1789646478411513856,Input Sequence Length,tokens,p75,1107.00
4,1789646468411513856,1789646478411513856,Input Sequence Length,tokens,p90,1107.00
4,1789646468411513856,1789646478411513856,Input Sequence Length,tokens,p95,1107.00
4,1789646468411513856,1789646478411513856,Input Sequence Length,tokens,p99,1107.00
4,1789646468411513856,1789646478411513856,Input Sequence Length,tokens,std,0.00
4,1789646468411513856,1789646478411513856,Input Token Throughput,tokens/sec,avg,3210.30
4,1789646468411513856,1789646478411513856,Inter Chunk Latency,ms,avg,17.73
4,1789646468411513856,1789646478411513856,Inter Chunk Latency,ms,min,1.00
4,1789646468411513856,1789646478411513856,Inter Chunk Latency,ms,max,20919.17
4,1789646468411513856,1789646478411513856,Inter Chunk Latency,ms,sum,239457.13
4,1789646468411513856,1789646478411513856,Inter Chunk Latency,ms,p1,8.70
4,1789646468411513856,1789646478411513856,Inter Chunk Latency,ms,p5,13.54
4,1789646468411513856,1789646478411513856,Inter Chunk Latency,ms,p10,14.17
4,1789646468411513856,1789646478411513856,Inter Chunk Latency,ms,p25,14.64
4,1789646468411513856,1789646478411513856,Inter Chunk Latency,ms,p50,15.01
4,1789646468411513856,1789646478411513856,Inter Chunk Latency,ms,p75,15.32
4,1789646468411513856,1789646478411513856,Inter Chunk Latency,ms,p90,15.79
4,1789646468411513856,1789646478411513856,Inter Chunk Latency,ms,p95,29.75
4,1789646468411513856,1789646478411513856,Inter Chunk Latency,ms,p99,30.96
4,1789646468411513856,1789646478411513856,Inter Chunk Latency,ms,std,179.96
4,1789646468411513856,1789646478411513856,Inter Token Latency,ms,avg,16.16
4,1789646468411513856,1789646478411513856,Inter Token Latency,ms,min,14.68
4,1789646468411513856,1789646478411513856,Inter Token Latency,ms,max,55.81
4,1789646468411513856,1789646478411513856,Inter Token Latency,ms,sum,468.60
4,1789646468411513856,1789646478411513856,Inter Token Latency,ms,p1,14.68
4,1789646468411513856,1789646478411513856,Inter Token Latency,ms,p5,14.68
4,1789646468411513856,1789646478411513856,Inter Token Latency,ms,p10,14.68
4,1789646468411513856,1789646478411513856,Inter Token Latency,ms,p25,14.68
4,1789646468411513856,1789646478411513856,Inter Token Latency,ms,p50,14.68
4,1789646468411513856,1789646478411513856,Inter Token Latency,ms,p75,14.90
4,1789646468411513856,1789646478411513856,Inter Token Latency,ms,p90,14.90
4,1789646468411513856,1789646478411513856,Inter Token Latency,ms,p95,14.90
4,1789646468411513856,1789646478411513856,Inter Token Latency,ms,p99,44.35
4,1789646468411513856,1789646478411513856,Inter Token Latency,ms,std,7.49
4,1789646468411513856,1789646478411513856,OSL Mismatch Count,requests,avg,0.00
4,1789646468411513856,1789646478411513856,OSL Mismatch Diff %,%,avg,0.00
4,1789646468411513856,1789646478411513856,OSL Mismatch Diff %,%,min,0.00
4,1789646468411513856,1789646478411513856,OSL Mismatch Diff %,%,max,0.00
4,1789646468411513856,1789646478411513856,OSL Mismatch Diff %,%,sum,0.00
4,1789646468411513856,1789646478411513856,OSL Mismatch Diff %,%,p1,0.00
4,1789646468411513856,1789646478411513856,OSL Mismatch Diff %,%,p5,0.00
4,1789646468411513856,1789646478411513856,OSL Mismatch Diff %,%,p10,0.00
4,1789646468411513856,1789646478411513856,OSL Mismatch Diff %,%,p25,0.00
4,1789646468411513856,1789646478411513856,OSL Mismatch Diff %,%,p50,0.00
4,1789646468411513856,1789646478411513856,OSL Mismatch Diff %,%,p75,0.00
4,1789646468411513856,1789646478411513856,OSL Mismatch Diff %,%,p90,0.00
4,1789646468411513856,1789646478411513856,OSL Mismatch Diff %,%,p95,0.00
4,1789646468411513856,1789646478411513856,OSL Mismatch Diff %,%,p99,0.00
4,1789646468411513856,1789646478411513856,OSL Mismatch Diff %,%,std,0.00
4,1789646468411513856,1789646478411513856,Output Sequence Length,tokens,avg,512.00
4,1789646468411513856,1789646478411513856,Output Sequence Length,tokens,min,512.00
4,1789646468411513856,1789646478411513856,Output Sequence Length,tokens,max,512.00
4,1789646468411513856,1789646478411513856,Output Sequence Length,tokens,sum,14848.00
4,1789646468411513856,1789646478411513856,Output Sequence Length,tokens,p1,512.00
4,1789646468411513856,1789646478411513856,Output Sequence Length,tokens,p5,512.00
4,1789646468411513856,1789646478411513856,Output Sequence Length,tokens,p10,512.00
4,1789646468411513856,1789646478411513856,Output Sequence Length,tokens,p25,512.00
4,1789646468411513856,1789646478411513856,Output Sequence Length,tokens,p50,512.00
4,1789646468411513856,1789646478411513856,Output Sequence Length,tokens,p75,512.00
4,1789646468411513856,1789646478411513856,Output Sequence Length,tokens,p90,512.00
4,1789646468411513856,1789646478411513856,Output Sequence Length,tokens,p95,512.00
4,1789646468411513856,1789646478411513856,Output Sequence Length,tokens,p99,512.00
4,1789646468411513856,1789646478411513856,Output Sequence Length,tokens,std,0.00
4,1789646468411513856,1789646478411513856,Output Token Throughput,tokens/sec,avg,1484.80
4,1789646468411513856,1789646478411513856,Output Token Throughput Per User,tokens/sec/user,avg,66.11
4,1789646468411513856,1789646478411513856,Output Token Throughput Per User,tokens/sec/user,min,17.92
4,1789646468411513856,1789646478411513856,Output Token Throughput Per User,tokens/sec/user,max,68.13
4,1789646468411513856,1789646478411513856,Output Token Throughput Per User,tokens/sec/user,sum,1917.25
4,1789646468411513856,1789646478411513856,Output Token Throughput Per User,tokens/sec/user,p1,31.69
4,1789646468411513856,1789646478411513856,Output Token Throughput Per User,tokens/sec/user,p5,67.10
4,1789646468411513856,1789646478411513856,Output Token Throughput Per User,tokens/sec/user,p10,67.10
4,1789646468411513856,1789646478411513856,Output Token Throughput Per User,tokens/sec/user,p25,67.10
4,1789646468411513856,1789646478411513856,Output Token Throughput Per User,tokens/sec/user,p50,68.13
4,1789646468411513856,1789646478411513856,Output Token Throughput Per User,tokens/sec/user,p75,68.13
4,1789646468411513856,1789646478411513856,Output Token Throughput Per User,tokens/sec/user,p90,68.13
4,1789646468411513856,1789646478411513856,Output Token Throughput Per User,tokens/sec/user,p95,68.13
4,1789646468411513856,1789646478411513856,Output Token Throughput Per User,tokens/sec/user,p99,68.13
4,1789646468411513856,1789646478411513856,Output Token Throughput Per User,tokens/sec/user,std,9.12
4,1789646468411513856,1789646478411513856,Overall Usage Prompt Cache Read %,%,avg,92.50
4,1789646468411513856,1789646478411513856,Prefill Throughput Per User,tokens/sec/user,avg,26.12
4,1789646468411513856,1789646478411513856,Prefill Throughput Per User,tokens/sec/user,min,25.28
4,1789646468411513856,1789646478411513856,Prefill Throughput Per User,tokens/sec/user,max,48.70
4,1789646468411513856,1789646478411513856,Prefill Throughput Per User,tokens/sec/user,sum,757.61
4,1789646468411513856,1789646478411513856,Prefill Throughput Per User,tokens/sec/user,p1,25.28
4,1789646468411513856,1789646478411513856,Prefill Throughput Per User,tokens/sec/user,p5,25.28
4,1789646468411513856,1789646478411513856,Prefill Throughput Per User,tokens/sec/user,p10,25.28
4,1789646468411513856,1789646478411513856,Prefill Throughput Per User,tokens/sec/user,p25,25.30
4,1789646468411513856,1789646478411513856,Prefill Throughput Per User,tokens/sec/user,p50,25.30
4,1789646468411513856,1789646478411513856,Prefill Throughput Per User,tokens/sec/user,p75,25.37
4,1789646468411513856,1789646478411513856,Prefill Throughput Per User,tokens/sec/user,p90,25.37
4,1789646468411513856,1789646478411513856,Prefill Throughput Per User,tokens/sec/user,p95,25.37
4,1789646468411513856,1789646478411513856,Prefill Throughput Per User,tokens/sec/user,p99,42.17
4,1789646468411513856,1789646478411513856,Prefill Throughput Per User,tokens/sec/user,std,4.27
4,1789646468411513856,1789646478411513856,Reasoning Token Count,tokens,avg,512.00
4,1789646468411513856,1789646478411513856,Reasoning Token Count,tokens,min,512.00
4,1789646468411513856,1789646478411513856,Reasoning Token Count,tokens,max,512.00
4,1789646468411513856,1789646478411513856,Reasoning Token Count,tokens,sum,14848.00
4,1789646468411513856,1789646478411513856,Reasoning Token Count,tokens,p1,512.00
4,1789646468411513856,1789646478411513856,Reasoning Token Count,tokens,p5,512.00
4,1789646468411513856,1789646478411513856,Reasoning Token Count,tokens,p10,512.00
4,1789646468411513856,1789646478411513856,Reasoning Token Count,tokens,p25,512.00
4,1789646468411513856,1789646478411513856,Reasoning Token Count,tokens,p50,512.00
4,1789646468411513856,1789646478411513856,Reasoning Token Count,tokens,p75,512.00
4,1789646468411513856,1789646478411513856,Reasoning Token Count,tokens,p90,512.00
4,1789646468411513856,1789646478411513856,Reasoning Token Count,tokens,p95,512.00
4,1789646468411513856,1789646478411513856,Reasoning Token Count,tokens,p99,512.00
4,1789646468411513856,1789646478411513856,Reasoning Token Count,tokens,std,0.00
4,1789646468411513856,1789646478411513856,Request Count,requests,avg,29.00
4,1789646468411513856,1789646478411513856,Request Latency,ms,avg,51256.70
4,1789646468411513856,1789646478411513856,Request Latency,ms,min,51247.70
4,1789646468411513856,1789646478411513856,Request Latency,ms,max,51285.85
4,1789646468411513856,1789646478411513856,Request Latency,ms,sum,1486444.27
4,1789646468411513856,1789646478411513856,Request Latency,ms,p1,51247.71
4,1789646468411513856,1789646478411513856,Request Latency,ms,p5,51247.73
4,1789646468411513856,1789646478411513856,Request Latency,ms,p10,51247.75
4,1789646468411513856,1789646478411513856,Request Latency,ms,p25,51247.84
4,1789646468411513856,1789646478411513856,Request Latency,ms,p50,51249.86
4,1789646468411513856,1789646478411513856,Request Latency,ms,p75,51249.99
4,1789646468411513856,1789646478411513856,Request Latency,ms,p90,51285.74
4,1789646468411513856,1789646478411513856,Request Latency,ms,p95,51285.82
4,1789646468411513856,1789646478411513856,Request Latency,ms,p99,51285.85
4,1789646468411513856,1789646478411513856,Request Latency,ms,std,14.87
4,1789646468411513856,1789646478411513856,Request Throughput,requests/sec,avg,2.90
4,1789646468411513856,1789646478411513856,Time to First Token,ms,avg,42999.56
4,1789646468411513856,1789646478411513856,Time to First Token,ms,min,22731.27
4,1789646468411513856,1789646478411513856,Time to First Token,ms,max,43785.14
4,1789646468411513856,1789646478411513856,Time to First Token,ms,sum,1246987.14
4,1789646468411513856,1789646478411513856,Time to First Token,ms,p1,28583.51
4,1789646468411513856,1789646478411513856,Time to First Token,ms,p5,43632.14
4,1789646468411513856,1789646478411513856,Time to First Token,ms,p10,43632.17
4,1789646468411513856,1789646478411513856,Time to First Token,ms,p25,43632.26
4,1789646468411513856,1789646478411513856,Time to First Token,ms,p50,43749.09
4,1789646468411513856,1789646478411513856,Time to First Token,ms,p75,43749.31
4,1789646468411513856,1789646478411513856,Time to First Token,ms,p90,43785.03
4,1789646468411513856,1789646478411513856,Time to First Token,ms,p95,43785.12
4,1789646468411513856,1789646478411513856,Time to First Token,ms,p99,43785.14
4,1789646468411513856,1789646478411513856,Time to First Token,ms,std,3830.79
4,1789646468411513856,1789646478411513856,Time to Second Token,ms,avg,765.36
4,1789646468411513856,1789646478411513856,Time to Second Token,ms,min,2.63
4,1789646468411513856,1789646478411513856,Time to Second Token,ms,max,20919.17
4,1789646468411513856,1789646478411513856,Time to Second Token,ms,sum,22195.48
4,1789646468411513856,1789646478411513856,Time to Second Token,ms,p1,2.63
4,1789646468411513856,1789646478411513856,Time to Second Token,ms,p5,2.64
4,1789646468411513856,1789646478411513856,Time to Second Token,ms,p10,2.65
4,1789646468411513856,1789646478411513856,Time to Second Token,ms,p25,2.66
4,1789646468411513856,1789646478411513856,Time to Second Token,ms,p50,2.69
4,1789646468411513856,1789646478411513856,Time to Second Token,ms,p75,152.78
4,1789646468411513856,1789646478411513856,Time to Second Token,ms,p90,152.89
4,1789646468411513856,1789646478411513856,Time to Second Token,ms,p95,152.93
4,1789646468411513856,1789646478411513856,Time to Second Token,ms,p99,15104.63
4,1789646468411513856,1789646478411513856,Time to Second Token,ms,std,3809.29
4,1789646468411513856,1789646478411513856,Tokens In Flight,tokens,avg,42123.40
4,1789646468411513856,1789646478411513856,Tokens In Flight,tokens,min,21458.69
4,1789646468411513856,1789646478411513856,Tokens In Flight,tokens,max,51755.53
4,1789646468411513856,1789646478411513856,Tokens In Flight,tokens,p50,41178.06
4,1789646468411513856,1789646478411513856,Tokens In Flight,tokens,p90,49657.74
4,1789646468411513856,1789646478411513856,Tokens In Flight,tokens,p95,50727.39
4,1789646468411513856,1789646478411513856,Tokens In Flight,tokens,p99,51529.92
4,1789646468411513856,1789646478411513856,Tokens In Flight,tokens,std,4965.25
4,1789646468411513856,1789646478411513856,Total Input Sequence Length,tokens,avg,32103.00
4,1789646468411513856,1789646478411513856,Total Output Sequence Length,tokens,avg,14848.00
4,1789646468411513856,1789646478411513856,Total Reasoning Tokens,tokens,avg,14848.00
4,1789646468411513856,1789646478411513856,Total Token Throughput,tokens/sec,avg,4695.10
4,1789646468411513856,1789646478411513856,Total Usage Completion Tokens,tokens,avg,14848.00
4,1789646468411513856,1789646478411513856,Total Usage Prompt Cache Read Tokens,tokens,avg,29696.00
4,1789646468411513856,1789646478411513856,Total Usage Prompt Tokens,tokens,avg,32103.00
4,1789646468411513856,1789646478411513856,Total Usage Reasoning Tokens,tokens,avg,14848.00
4,1789646468411513856,1789646478411513856,Total Usage Total Tokens,tokens,avg,46951.00
4,1789646468411513856,1789646478411513856,Usage Completion Tokens,tokens,avg,512.00
4,1789646468411513856,1789646478411513856,Usage Completion Tokens,tokens,min,512.00
4,1789646468411513856,1789646478411513856,Usage Completion Tokens,tokens,max,512.00
4,1789646468411513856,1789646478411513856,Usage Completion Tokens,tokens,sum,14848.00
4,1789646468411513856,1789646478411513856,Usage Completion Tokens,tokens,p1,512.00
4,1789646468411513856,1789646478411513856,Usage Completion Tokens,tokens,p5,512.00
4,1789646468411513856,1789646478411513856,Usage Completion Tokens,tokens,p10,512.00
4,1789646468411513856,1789646478411513856,Usage Completion Tokens,tokens,p25,512.00
4,1789646468411513856,1789646478411513856,Usage Completion Tokens,tokens,p50,512.00
4,1789646468411513856,1789646478411513856,Usage Completion Tokens,tokens,p75,512.00
4,1789646468411513856,1789646478411513856,Usage Completion Tokens,tokens,p90,512.00
4,1789646468411513856,1789646478411513856,Usage Completion Tokens,tokens,p95,512.00
4,1789646468411513856,1789646478411513856,Usage Completion Tokens,tokens,p99,512.00
4,1789646468411513856,1789646478411513856,Usage Completion Tokens,tokens,std,0.00
4,1789646468411513856,1789646478411513856,Usage Prompt Cache Read Tokens,tokens,avg,1024.00
4,1789646468411513856,1789646478411513856,Usage Prompt Cache Read Tokens,tokens,min,1024.00
4,1789646468411513856,1789646478411513856,Usage Prompt Cache Read Tokens,tokens,max,1024.00
4,1789646468411513856,1789646478411513856,Usage Prompt Cache Read Tokens,tokens,sum,29696.00
4,1789646468411513856,1789646478411513856,Usage Prompt Cache Read Tokens,tokens,p1,1024.00
4,1789646468411513856,1789646478411513856,Usage Prompt Cache Read Tokens,tokens,p5,1024.00
4,1789646468411513856,1789646478411513856,Usage Prompt Cache Read Tokens,tokens,p10,1024.00
4,1789646468411513856,1789646478411513856,Usage Prompt Cache Read Tokens,tokens,p25,1024.00
4,1789646468411513856,1789646478411513856,Usage Prompt Cache Read Tokens,tokens,p50,1024.00
4,1789646468411513856,1789646478411513856,Usage Prompt Cache Read Tokens,tokens,p75,1024.00
4,1789646468411513856,1789646478411513856,Usage Prompt Cache Read Tokens,tokens,p90,1024.00
4,1789646468411513856,1789646478411513856,Usage Prompt Cache Read Tokens,tokens,p95,1024.00
4,1789646468411513856,1789646478411513856,Usage Prompt Cache Read Tokens,tokens,p99,1024.00
4,1789646468411513856,1789646478411513856,Usage Prompt Cache Read Tokens,tokens,std,0.00
4,1789646468411513856,1789646478411513856,Usage Prompt Tokens,tokens,avg,1107.00
4,1789646468411513856,1789646478411513856,Usage Prompt Tokens,tokens,min,1107.00
4,1789646468411513856,1789646478411513856,Usage Prompt Tokens,tokens,max,1107.00
4,1789646468411513856,1789646478411513856,Usage Prompt Tokens,tokens,sum,32103.00
4,1789646468411513856,1789646478411513856,Usage Prompt Tokens,tokens,p1,1107.00
4,1789646468411513856,1789646478411513856,Usage Prompt Tokens,tokens,p5,1107.00
4,1789646468411513856,1789646478411513856,Usage Prompt Tokens,tokens,p10,1107.00
4,1789646468411513856,1789646478411513856,Usage Prompt Tokens,tokens,p25,1107.00
4,1789646468411513856,1789646478411513856,Usage Prompt Tokens,tokens,p50,1107.00
4,1789646468411513856,1789646478411513856,Usage Prompt Tokens,tokens,p75,1107.00
4,1789646468411513856,1789646478411513856,Usage Prompt Tokens,tokens,p90,1107.00
4,1789646468411513856,1789646478411513856,Usage Prompt Tokens,tokens,p95,1107.00
4,1789646468411513856,1789646478411513856,Usage Prompt Tokens,tokens,p99,1107.00
4,1789646468411513856,1789646478411513856,Usage Prompt Tokens,tokens,std,0.00
4,1789646468411513856,1789646478411513856,Usage Reasoning Tokens,tokens,avg,512.00
4,1789646468411513856,1789646478411513856,Usage Reasoning Tokens,tokens,min,512.00
4,1789646468411513856,1789646478411513856,Usage Reasoning Tokens,tokens,max,512.00
4,1789646468411513856,1789646478411513856,Usage Reasoning Tokens,tokens,sum,14848.00
4,1789646468411513856,1789646478411513856,Usage Reasoning Tokens,tokens,p1,512.00
4,1789646468411513856,1789646478411513856,Usage Reasoning Tokens,tokens,p5,512.00
4,1789646468411513856,1789646478411513856,Usage Reasoning Tokens,tokens,p10,512.00
4,1789646468411513856,1789646478411513856,Usage Reasoning Tokens,tokens,p25,512.00
4,1789646468411513856,1789646478411513856,Usage Reasoning Tokens,tokens,p50,512.00
4,1789646468411513856,1789646478411513856,Usage Reasoning Tokens,tokens,p75,512.00
4,1789646468411513856,1789646478411513856,Usage Reasoning Tokens,tokens,p90,512.00
4,1789646468411513856,1789646478411513856,Usage Reasoning Tokens,tokens,p95,512.00
4,1789646468411513856,1789646478411513856,Usage Reasoning Tokens,tokens,p99,512.00
4,1789646468411513856,1789646478411513856,Usage Reasoning Tokens,tokens,std,0.00
4,1789646468411513856,1789646478411513856,Usage Total Tokens,tokens,avg,1619.00
4,1789646468411513856,1789646478411513856,Usage Total Tokens,tokens,min,1619.00
4,1789646468411513856,1789646478411513856,Usage Total Tokens,tokens,max,1619.00
4,1789646468411513856,1789646478411513856,Usage Total Tokens,tokens,sum,46951.00
4,1789646468411513856,1789646478411513856,Usage Total Tokens,tokens,p1,1619.00
4,1789646468411513856,1789646478411513856,Usage Total Tokens,tokens,p5,1619.00
4,1789646468411513856,1789646478411513856,Usage Total Tokens,tokens,p10,1619.00
4,1789646468411513856,1789646478411513856,Usage Total Tokens,tokens,p25,1619.00
4,1789646468411513856,1789646478411513856,Usage Total Tokens,tokens,p50,1619.00
4,1789646468411513856,1789646478411513856,Usage Total Tokens,tokens,p75,1619.00
4,1789646468411513856,1789646478411513856,Usage Total Tokens,tokens,p90,1619.00
4,1789646468411513856,1789646478411513856,Usage Total Tokens,tokens,p95,1619.00
4,1789646468411513856,1789646478411513856,Usage Total Tokens,tokens,p99,1619.00
4,1789646468411513856,1789646478411513856,Usage Total Tokens,tokens,std,0.00
5,1789646488411513856,1789646498411513856,Active Decode Throughput,tokens/sec,avg,0.14
5,1789646488411513856,1789646498411513856,Active Decode Throughput,tokens/sec,min,0.05
5,1789646488411513856,1789646498411513856,Active Decode Throughput,tokens/sec,max,0.15
5,1789646488411513856,1789646498411513856,Active Decode Throughput,tokens/sec,p50,0.15
5,1789646488411513856,1789646498411513856,Active Decode Throughput,tokens/sec,p90,0.15
5,1789646488411513856,1789646498411513856,Active Decode Throughput,tokens/sec,p95,0.15
5,1789646488411513856,1789646498411513856,Active Decode Throughput,tokens/sec,p99,0.15
5,1789646488411513856,1789646498411513856,Active Decode Throughput,tokens/sec,std,0.02
5,1789646488411513856,1789646498411513856,Active Decode Throughput Per User,tokens/sec/user,avg,0.05
5,1789646488411513856,1789646498411513856,Active Decode Throughput Per User,tokens/sec/user,min,0.03
5,1789646488411513856,1789646498411513856,Active Decode Throughput Per User,tokens/sec/user,max,0.05
5,1789646488411513856,1789646498411513856,Active Decode Throughput Per User,tokens/sec/user,p50,0.05
5,1789646488411513856,1789646498411513856,Active Decode Throughput Per User,tokens/sec/user,p90,0.05
5,1789646488411513856,1789646498411513856,Active Decode Throughput Per User,tokens/sec/user,p95,0.05
5,1789646488411513856,1789646498411513856,Active Decode Throughput Per User,tokens/sec/user,p99,0.05
5,1789646488411513856,1789646498411513856,Active Decode Throughput Per User,tokens/sec/user,std,0.00
5,1789646488411513856,1789646498411513856,Active Prefill Throughput,tokens/sec,avg,760.84
5,1789646488411513856,1789646498411513856,Active Prefill Throughput,tokens/sec,min,708.91
5,1789646488411513856,1789646498411513856,Active Prefill Throughput,tokens/sec,max,866.52
5,1789646488411513856,1789646498411513856,Active Prefill Throughput,tokens/sec,p50,757.61
5,1789646488411513856,1789646498411513856,Active Prefill Throughput,tokens/sec,p90,757.61
5,1789646488411513856,1789646498411513856,Active Prefill Throughput,tokens/sec,p95,757.61
5,1789646488411513856,1789646498411513856,Active Prefill Throughput,tokens/sec,p99,866.52
5,1789646488411513856,1789646498411513856,Active Prefill Throughput,tokens/sec,std,18.54
5,1789646488411513856,1789646498411513856,Active Prefill Throughput Per User,tokens/sec/user,avg,26.18
5,1789646488411513856,1789646498411513856,Active Prefill Throughput Per User,tokens/sec/user,min,25.32
5,1789646488411513856,1789646498411513856,Active Prefill Throughput Per User,tokens/sec/user,max,27.95
5,1789646488411513856,1789646498411513856,Active Prefill Throughput Per User,tokens/sec/user,p50,26.12
5,1789646488411513856,1789646498411513856,Active Prefill Throughput Per User,tokens/sec/user,p90,26.12
5,1789646488411513856,1789646498411513856,Active Prefill Throughput Per User,tokens/sec/user,p95,26.12
5,1789646488411513856,1789646498411513856,Active Prefill Throughput Per User,tokens/sec/user,p99,27.95
5,1789646488411513856,1789646498411513856,Active Prefill Throughput Per User,tokens/sec/user,std,0.31
5,1789646488411513856,1789646498411513856,Active Total Throughput,tokens/sec,avg,810.64
5,1789646488411513856,1789646498411513856,Active Total Throughput,tokens/sec,min,726.83
5,1789646488411513856,1789646498411513856,Active Total Throughput,tokens/sec,max,884.44
5,1789646488411513856,1789646498411513856,Active Total Throughput,tokens/sec,p50,808.40
5,1789646488411513856,1789646498411513856,Active Total Throughput,tokens/sec,p90,808.40
5,1789646488411513856,1789646498411513856,Active Total Throughput,tokens/sec,p95,808.40
5,1789646488411513856,1789646498411513856,Active Total Throughput,tokens/sec,p99,884.44
5,1789646488411513856,1789646498411513856,Active Total Throughput,tokens/sec,std,13.02
5,1789646488411513856,1789646498411513856,Benchmark Duration,sec,avg,28.74
5,1789646488411513856,1789646498411513856,Decode Duration,ms,avg,7665.77
5,1789646488411513856,1789646498411513856,Decode Duration,ms,min,7665.70
5,1789646488411513856,1789646498411513856,Decode Duration,ms,max,7665.88
5,1789646488411513856,1789646498411513856,Decode Duration,ms,sum,22997.31
5,1789646488411513856,1789646498411513856,Decode Duration,ms,p1,7665.70
5,1789646488411513856,1789646498411513856,Decode Duration,ms,p5,7665.70
5,1789646488411513856,1789646498411513856,Decode Duration,ms,p10,7665.70
5,1789646488411513856,1789646498411513856,Decode Duration,ms,p25,7665.71
5,1789646488411513856,1789646498411513856,Decode Duration,ms,p50,7665.73
5,1789646488411513856,1789646498411513856,Decode Duration,ms,p75,7665.80
5,1789646488411513856,1789646498411513856,Decode Duration,ms,p90,7665.85
5,1789646488411513856,1789646498411513856,Decode Duration,ms,p95,7665.87
5,1789646488411513856,1789646498411513856,Decode Duration,ms,p99,7665.88
5,1789646488411513856,1789646498411513856,Decode Duration,ms,std,0.08
5,1789646488411513856,1789646498411513856,E2E Output Token Throughput,tokens/sec/user,avg,17.82
5,1789646488411513856,1789646498411513856,E2E Output Token Throughput,tokens/sec/user,min,17.82
5,1789646488411513856,1789646498411513856,E2E Output Token Throughput,tokens/sec/user,max,17.82
5,1789646488411513856,1789646498411513856,E2E Output Token Throughput,tokens/sec/user,sum,53.45
5,1789646488411513856,1789646498411513856,E2E Output Token Throughput,tokens/sec/user,p1,17.82
5,1789646488411513856,1789646498411513856,E2E Output Token Throughput,tokens/sec/user,p5,17.82
5,1789646488411513856,1789646498411513856,E2E Output Token Throughput,tokens/sec/user,p10,17.82
5,1789646488411513856,1789646498411513856,E2E Output Token Throughput,tokens/sec/user,p25,17.82
5,1789646488411513856,1789646498411513856,E2E Output Token Throughput,tokens/sec/user,p50,17.82
5,1789646488411513856,1789646498411513856,E2E Output Token Throughput,tokens/sec/user,p75,17.82
5,1789646488411513856,1789646498411513856,E2E Output Token Throughput,tokens/sec/user,p90,17.82
5,1789646488411513856,1789646498411513856,E2E Output Token Throughput,tokens/sec/user,p95,17.82
5,1789646488411513856,1789646498411513856,E2E Output Token Throughput,tokens/sec/user,p99,17.82
5,1789646488411513856,1789646498411513856,E2E Output Token Throughput,tokens/sec/user,std,0.00
5,1789646488411513856,1789646498411513856,Effective Concurrency,requests,avg,32.00
5,1789646488411513856,1789646498411513856,Effective Concurrency,requests,min,29.00
5,1789646488411513856,1789646498411513856,Effective Concurrency,requests,max,32.00
5,1789646488411513856,1789646498411513856,Effective Concurrency,requests,p50,32.00
5,1789646488411513856,1789646498411513856,Effective Concurrency,requests,p90,32.00
5,1789646488411513856,1789646498411513856,Effective Concurrency,requests,p95,32.00
5,1789646488411513856,1789646498411513856,Effective Concurrency,requests,p99,32.00
5,1789646488411513856,1789646498411513856,Effective Concurrency,requests,std,0.05
5,1789646488411513856,1789646498411513856,Effective Decode Concurrency,requests,avg,2.94
5,1789646488411513856,1789646498411513856,Effective Decode Concurrency,requests,min,1.00
5,1789646488411513856,1789646498411513856,Effective Decode Concurrency,requests,max,3.00
5,1789646488411513856,1789646498411513856,Effective Decode Concurrency,requests,p50,3.00
5,1789646488411513856,1789646498411513856,Effective Decode Concurrency,requests,p90,3.00
5,1789646488411513856,1789646498411513856,Effective Decode Concurrency,requests,p95,3.00
5,1789646488411513856,1789646498411513856,Effective Decode Concurrency,requests,p99,3.00
5,1789646488411513856,1789646498411513856,Effective Decode Concurrency,requests,std,0.34
5,1789646488411513856,1789646498411513856,Effective Decode Throughput,tokens/sec,avg,0.14
5,1789646488411513856,1789646498411513856,Effective Decode Throughput,tokens/sec,min,0.05
5,1789646488411513856,1789646498411513856,Effective Decode Throughput,tokens/sec,max,0.15
5,1789646488411513856,1789646498411513856,Effective Decode Throughput,tokens/sec,p50,0.15
5,1789646488411513856,1789646498411513856,Effective Decode Throughput,tokens/sec,p90,0.15
5,1789646488411513856,1789646498411513856,Effective Decode Throughput,tokens/sec,p95,0.15
5,1789646488411513856,1789646498411513856,Effective Decode Throughput,tokens/sec,p99,0.15
5,1789646488411513856,1789646498411513856,Effective Decode Throughput,tokens/sec,std,0.02
5,1789646488411513856,1789646498411513856,Effective Decode Throughput Per User,tokens/sec/user,avg,0.05
5,1789646488411513856,1789646498411513856,Effective Decode Throughput Per User,tokens/sec/user,min,0.03
5,1789646488411513856,1789646498411513856,Effective Decode Throughput Per User,tokens/sec/user,max,0.05
5,1789646488411513856,1789646498411513856,Effective Decode Throughput Per User,tokens/sec/user,p50,0.05
5,1789646488411513856,1789646498411513856,Effective Decode Throughput Per User,tokens/sec/user,p90,0.05
5,1789646488411513856,1789646498411513856,Effective Decode Throughput Per User,tokens/sec/user,p95,0.05
5,1789646488411513856,1789646498411513856,Effective Decode Throughput Per User,tokens/sec/user,p99,0.05
5,1789646488411513856,1789646498411513856,Effective Decode Throughput Per User,tokens/sec/user,std,0.00
5,1789646488411513856,1789646498411513856,Effective Prefill Concurrency,requests,avg,29.06
5,1789646488411513856,1789646498411513856,Effective Prefill Concurrency,requests,min,28.00
5,1789646488411513856,1789646498411513856,Effective Prefill Concurrency,requests,max,31.00
5,1789646488411513856,1789646498411513856,Effective Prefill Concurrency,requests,p50,29.00
5,1789646488411513856,1789646498411513856,Effective Prefill Concurrency,requests,p90,29.00
5,1789646488411513856,1789646498411513856,Effective Prefill Concurrency,requests,p95,29.00
5,1789646488411513856,1789646498411513856,Effective Prefill Concurrency,requests,p99,31.00
5,1789646488411513856,1789646498411513856,Effective Prefill Concurrency,requests,std,0.34
5,1789646488411513856,1789646498411513856,Effective Prefill Throughput,tokens/sec,avg,760.84
5,1789646488411513856,1789646498411513856,Effective Prefill Throughput,tokens/sec,min,708.91
5,1789646488411513856,1789646498411513856,Effective Prefill Throughput,tokens/sec,max,866.52
5,1789646488411513856,1789646498411513856,Effective Prefill Throughput,tokens/sec,p50,757.61
5,1789646488411513856,1789646498411513856,Effective Prefill Throughput,tokens/sec,p90,757.61
5,1789646488411513856,1789646498411513856,Effective Prefill Throughput,tokens/sec,p95,757.61
5,1789646488411513856,1789646498411513856,Effective Prefill Throughput,tokens/sec,p99,866.52
5,1789646488411513856,1789646498411513856,Effective Prefill Throughput,tokens/sec,std,18.54
5,1789646488411513856,1789646498411513856,Effective Prefill Throughput Per User,tokens/sec/user,avg,26.18
5,1789646488411513856,1789646498411513856,Effective Prefill Throughput Per User,tokens/sec/user,min,25.32
5,1789646488411513856,1789646498411513856,Effective Prefill Throughput Per User,tokens/sec/user,max,27.95
5,1789646488411513856,1789646498411513856,Effective Prefill Throughput Per User,tokens/sec/user,p50,26.12
5,1789646488411513856,1789646498411513856,Effective Prefill Throughput Per User,tokens/sec/user,p90,26.12
5,1789646488411513856,1789646498411513856,Effective Prefill Throughput Per User,tokens/sec/user,p95,26.12
5,1789646488411513856,1789646498411513856,Effective Prefill Throughput Per User,tokens/sec/user,p99,27.95
5,1789646488411513856,1789646498411513856,Effective Prefill Throughput Per User,tokens/sec/user,std,0.31
5,1789646488411513856,1789646498411513856,Effective Total Throughput,tokens/sec,avg,810.64
5,1789646488411513856,1789646498411513856,Effective Total Throughput,tokens/sec,min,726.83
5,1789646488411513856,1789646498411513856,Effective Total Throughput,tokens/sec,max,884.44
5,1789646488411513856,1789646498411513856,Effective Total Throughput,tokens/sec,p50,808.40
5,1789646488411513856,1789646498411513856,Effective Total Throughput,tokens/sec,p90,808.40
5,1789646488411513856,1789646498411513856,Effective Total Throughput,tokens/sec,p95,808.40
5,1789646488411513856,1789646498411513856,Effective Total Throughput,tokens/sec,p99,884.44
5,1789646488411513856,1789646498411513856,Effective Total Throughput,tokens/sec,std,13.02
5,1789646488411513856,1789646498411513856,HTTP Blocked,ms,avg,0.00
5,1789646488411513856,1789646498411513856,HTTP Blocked,ms,min,0.00
5,1789646488411513856,1789646498411513856,HTTP Blocked,ms,max,0.00
5,1789646488411513856,1789646498411513856,HTTP Blocked,ms,sum,0.00
5,1789646488411513856,1789646498411513856,HTTP Blocked,ms,p1,0.00
5,1789646488411513856,1789646498411513856,HTTP Blocked,ms,p5,0.00
5,1789646488411513856,1789646498411513856,HTTP Blocked,ms,p10,0.00
5,1789646488411513856,1789646498411513856,HTTP Blocked,ms,p25,0.00
5,1789646488411513856,1789646498411513856,HTTP Blocked,ms,p50,0.00
5,1789646488411513856,1789646498411513856,HTTP Blocked,ms,p75,0.00
5,1789646488411513856,1789646498411513856,HTTP Blocked,ms,p90,0.00
5,1789646488411513856,1789646498411513856,HTTP Blocked,ms,p95,0.00
5,1789646488411513856,1789646498411513856,HTTP Blocked,ms,p99,0.00
5,1789646488411513856,1789646498411513856,HTTP Blocked,ms,std,0.00
5,1789646488411513856,1789646498411513856,HTTP Chunks Received,count,avg,484.33
5,1789646488411513856,1789646498411513856,HTTP Chunks Received,count,min,467.00
5,1789646488411513856,1789646498411513856,HTTP Chunks Received,count,max,504.00
5,1789646488411513856,1789646498411513856,HTTP Chunks Received,count,sum,1453.00
5,1789646488411513856,1789646498411513856,HTTP Chunks Received,count,p1,467.30
5,1789646488411513856,1789646498411513856,HTTP Chunks Received,count,p5,468.50
5,1789646488411513856,1789646498411513856,HTTP Chunks Received,count,p10,470.00
5,1789646488411513856,1789646498411513856,HTTP Chunks Received,count,p25,474.50
5,1789646488411513856,1789646498411513856,HTTP Chunks Received,count,p50,482.00
5,1789646488411513856,1789646498411513856,HTTP Chunks Received,count,p75,493.00
5,1789646488411513856,1789646498411513856,HTTP Chunks Received,count,p90,499.60
5,1789646488411513856,1789646498411513856,HTTP Chunks Received,count,p95,501.80
5,1789646488411513856,1789646498411513856,HTTP Chunks Received,count,p99,503.56
5,1789646488411513856,1789646498411513856,HTTP Chunks Received,count,std,15.20
5,1789646488411513856,1789646498411513856,HTTP Chunks Sent,count,avg,1.00
5,1789646488411513856,1789646498411513856,HTTP Chunks Sent,count,min,1.00
5,1789646488411513856,1789646498411513856,HTTP Chunks Sent,count,max,1.00
5,1789646488411513856,1789646498411513856,HTTP Chunks Sent,count,sum,3.00
5,1789646488411513856,1789646498411513856,HTTP Chunks Sent,count,p1,1.00
5,1789646488411513856,1789646498411513856,HTTP Chunks Sent,count,p5,1.00
5,1789646488411513856,1789646498411513856,HTTP Chunks Sent,count,p10,1.00
5,1789646488411513856,1789646498411513856,HTTP Chunks Sent,count,p25,1.00
5,1789646488411513856,1789646498411513856,HTTP Chunks Sent,count,p50,1.00
5,1789646488411513856,1789646498411513856,HTTP Chunks Sent,count,p75,1.00
5,1789646488411513856,1789646498411513856,HTTP Chunks Sent,count,p90,1.00
5,1789646488411513856,1789646498411513856,HTTP Chunks Sent,count,p95,1.00
5,1789646488411513856,1789646498411513856,HTTP Chunks Sent,count,p99,1.00
5,1789646488411513856,1789646498411513856,HTTP Chunks Sent,count,std,0.00
5,1789646488411513856,1789646498411513856,HTTP Connecting,ms,avg,0.00
5,1789646488411513856,1789646498411513856,HTTP Connecting,ms,min,0.00
5,1789646488411513856,1789646498411513856,HTTP Connecting,ms,max,0.00
5,1789646488411513856,1789646498411513856,HTTP Connecting,ms,sum,0.00
5,1789646488411513856,1789646498411513856,HTTP Connecting,ms,p1,0.00
5,1789646488411513856,1789646498411513856,HTTP Connecting,ms,p5,0.00
5,1789646488411513856,1789646498411513856,HTTP Connecting,ms,p10,0.00
5,1789646488411513856,1789646498411513856,HTTP Connecting,ms,p25,0.00
5,1789646488411513856,1789646498411513856,HTTP Connecting,ms,p50,0.00
5,1789646488411513856,1789646498411513856,HTTP Connecting,ms,p75,0.00
5,1789646488411513856,1789646498411513856,HTTP Connecting,ms,p90,0.00
5,1789646488411513856,1789646498411513856,HTTP Connecting,ms,p95,0.00
5,1789646488411513856,1789646498411513856,HTTP Connecting,ms,p99,0.00
5,1789646488411513856,1789646498411513856,HTTP Connecting,ms,std,0.00
5,1789646488411513856,1789646498411513856,HTTP Connection Overhead,ms,avg,0.00
5,1789646488411513856,1789646498411513856,HTTP Connection Overhead,ms,min,0.00
5,1789646488411513856,1789646498411513856,HTTP Connection Overhead,ms,max,0.00
5,1789646488411513856,1789646498411513856,HTTP Connection Overhead,ms,sum,0.00
5,1789646488411513856,1789646498411513856,HTTP Connection Overhead,ms,p1,0.00
5,1789646488411513856,1789646498411513856,HTTP Connection Overhead,ms,p5,0.00
5,1789646488411513856,1789646498411513856,HTTP Connection Overhead,ms,p10,0.00
5,1789646488411513856,1789646498411513856,HTTP Connection Overhead,ms,p25,0.00
5,1789646488411513856,1789646498411513856,HTTP Connection Overhead,ms,p50,0.00
5,1789646488411513856,1789646498411513856,HTTP Connection Overhead,ms,p75,0.00
5,1789646488411513856,1789646498411513856,HTTP Connection Overhead,ms,p90,0.00
5,1789646488411513856,1789646498411513856,HTTP Connection Overhead,ms,p95,0.00
5,1789646488411513856,1789646498411513856,HTTP Connection Overhead,ms,p99,0.00
5,1789646488411513856,1789646498411513856,HTTP Connection Overhead,ms,std,0.00
5,1789646488411513856,1789646498411513856,HTTP Connection Reused,ratio,avg,1.00
5,1789646488411513856,1789646498411513856,HTTP Connection Reused,ratio,min,1.00
5,1789646488411513856,1789646498411513856,HTTP Connection Reused,ratio,max,1.00
5,1789646488411513856,1789646498411513856,HTTP Connection Reused,ratio,sum,3.00
5,1789646488411513856,1789646498411513856,HTTP Connection Reused,ratio,p1,1.00
5,1789646488411513856,1789646498411513856,HTTP Connection Reused,ratio,p5,1.00
5,1789646488411513856,1789646498411513856,HTTP Connection Reused,ratio,p10,1.00
5,1789646488411513856,1789646498411513856,HTTP Connection Reused,ratio,p25,1.00
5,1789646488411513856,1789646498411513856,HTTP Connection Reused,ratio,p50,1.00
5,1789646488411513856,1789646498411513856,HTTP Connection Reused,ratio,p75,1.00
5,1789646488411513856,1789646498411513856,HTTP Connection Reused,ratio,p90,1.00
5,1789646488411513856,1789646498411513856,HTTP Connection Reused,ratio,p95,1.00
5,1789646488411513856,1789646498411513856,HTTP Connection Reused,ratio,p99,1.00
5,1789646488411513856,1789646498411513856,HTTP Connection Reused,ratio,std,0.00
5,1789646488411513856,1789646498411513856,HTTP Data Received,KB,avg,129.10
5,1789646488411513856,1789646498411513856,HTTP Data Received,KB,min,124.51
5,1789646488411513856,1789646498411513856,HTTP Data Received,KB,max,134.28
5,1789646488411513856,1789646498411513856,HTTP Data Received,KB,sum,387.29
5,1789646488411513856,1789646498411513856,HTTP Data Received,KB,p1,124.59
5,1789646488411513856,1789646498411513856,HTTP Data Received,KB,p5,124.91
5,1789646488411513856,1789646498411513856,HTTP Data Received,KB,p10,125.31
5,1789646488411513856,1789646498411513856,HTTP Data Received,KB,p25,126.50
5,1789646488411513856,1789646498411513856,HTTP Data Received,KB,p50,128.50
5,1789646488411513856,1789646498411513856,HTTP Data Received,KB,p75,131.39
5,1789646488411513856,1789646498411513856,HTTP Data Received,KB,p90,133.12
5,1789646488411513856,1789646498411513856,HTTP Data Received,KB,p95,133.70
5,1789646488411513856,1789646498411513856,HTTP Data Received,KB,p99,134.16
5,1789646488411513856,1789646498411513856,HTTP Data Received,KB,std,4.01
5,1789646488411513856,1789646498411513856,HTTP Data Sent,KB,avg,4.61
5,1789646488411513856,1789646498411513856,HTTP Data Sent,KB,min,4.54
5,1789646488411513856,1789646498411513856,HTTP Data Sent,KB,max,4.71
5,1789646488411513856,1789646498411513856,HTTP Data Sent,KB,sum,13.83
5,1789646488411513856,1789646498411513856,HTTP Data Sent,KB,p1,4.54
5,1789646488411513856,1789646498411513856,HTTP Data Sent,KB,p5,4.54
5,1789646488411513856,1789646498411513856,HTTP Data Sent,KB,p10,4.55
5,1789646488411513856,1789646498411513856,HTTP Data Sent,KB,p25,4.56
5,1789646488411513856,1789646498411513856,HTTP Data Sent,KB,p50,4.58
5,1789646488411513856,1789646498411513856,HTTP Data Sent,KB,p75,4.64
5,1789646488411513856,1789646498411513856,HTTP Data Sent,KB,p90,4.68
5,1789646488411513856,1789646498411513856,HTTP Data Sent,KB,p95,4.70
5,1789646488411513856,1789646498411513856,HTTP Data Sent,KB,p99,4.71
5,1789646488411513856,1789646498411513856,HTTP Data Sent,KB,std,0.07
5,1789646488411513856,1789646498411513856,HTTP DNS Lookup,ms,avg,0.00
5,1789646488411513856,1789646498411513856,HTTP DNS Lookup,ms,min,0.00
5,1789646488411513856,1789646498411513856,HTTP DNS Lookup,ms,max,0.00
5,1789646488411513856,1789646498411513856,HTTP DNS Lookup,ms,sum,0.00
5,1789646488411513856,1789646498411513856,HTTP DNS Lookup,ms,p1,0.00
5,1789646488411513856,1789646498411513856,HTTP DNS Lookup,ms,p5,0.00
5,1789646488411513856,1789646498411513856,HTTP DNS Lookup,ms,p10,0.00
5,1789646488411513856,1789646498411513856,HTTP DNS Lookup,ms,p25,0.00
5,1789646488411513856,1789646498411513856,HTTP DNS Lookup,ms,p50,0.00
5,1789646488411513856,1789646498411513856,HTTP DNS Lookup,ms,p75,0.00
5,1789646488411513856,1789646498411513856,HTTP DNS Lookup,ms,p90,0.00
5,1789646488411513856,1789646498411513856,HTTP DNS Lookup,ms,p95,0.00
5,1789646488411513856,1789646498411513856,HTTP DNS Lookup,ms,p99,0.00
5,1789646488411513856,1789646498411513856,HTTP DNS Lookup,ms,std,0.00
5,1789646488411513856,1789646498411513856,HTTP Duration (excl. conn),ms,avg,28737.34
5,1789646488411513856,1789646498411513856,HTTP Duration (excl. conn),ms,min,28737.29
5,1789646488411513856,1789646498411513856,HTTP Duration (excl. conn),ms,max,28737.38
5,1789646488411513856,1789646498411513856,HTTP Duration (excl. conn),ms,sum,86212.02
5,1789646488411513856,1789646498411513856,HTTP Duration (excl. conn),ms,p1,28737.29
5,1789646488411513856,1789646498411513856,HTTP Duration (excl. conn),ms,p5,28737.30
5,1789646488411513856,1789646498411513856,HTTP Duration (excl. conn),ms,p10,28737.30
5,1789646488411513856,1789646498411513856,HTTP Duration (excl. conn),ms,p25,28737.32
5,1789646488411513856,1789646498411513856,HTTP Duration (excl. conn),ms,p50,28737.35
5,1789646488411513856,1789646498411513856,HTTP Duration (excl. conn),ms,p75,28737.36
5,1789646488411513856,1789646498411513856,HTTP Duration (excl. conn),ms,p90,28737.37
5,1789646488411513856,1789646498411513856,HTTP Duration (excl. conn),ms,p95,28737.37
5,1789646488411513856,1789646498411513856,HTTP Duration (excl. conn),ms,p99,28737.38
5,1789646488411513856,1789646498411513856,HTTP Duration (excl. conn),ms,std,0.04
5,1789646488411513856,1789646498411513856,HTTP Receiving,ms,avg,7665.78
5,1789646488411513856,1789646498411513856,HTTP Receiving,ms,min,7665.71
5,1789646488411513856,1789646498411513856,HTTP Receiving,ms,max,7665.89
5,1789646488411513856,1789646498411513856,HTTP Receiving,ms,sum,22997.33
5,1789646488411513856,1789646498411513856,HTTP Receiving,ms,p1,7665.71
5,1789646488411513856,1789646498411513856,HTTP Receiving,ms,p5,7665.71
5,1789646488411513856,1789646498411513856,HTTP Receiving,ms,p10,7665.71
5,1789646488411513856,1789646498411513856,HTTP Receiving,ms,p25,7665.72
5,1789646488411513856,1789646498411513856,HTTP Receiving,ms,p50,7665.73
5,1789646488411513856,1789646498411513856,HTTP Receiving,ms,p75,7665.81
5,1789646488411513856,1789646498411513856,HTTP Receiving,ms,p90,7665.86
5,1789646488411513856,1789646498411513856,HTTP Receiving,ms,p95,7665.87
5,1789646488411513856,1789646498411513856,HTTP Receiving,ms,p99,7665.88
5,1789646488411513856,1789646498411513856,HTTP Receiving,ms,std,0.08
5,1789646488411513856,1789646498411513856,HTTP Sending,ms,avg,0.13
5,1789646488411513856,1789646498411513856,HTTP Sending,ms,min,0.13
5,1789646488411513856,1789646498411513856,HTTP Sending,ms,max,0.14
5,1789646488411513856,1789646498411513856,HTTP Sending,ms,sum,0.40
5,1789646488411513856,1789646498411513856,HTTP Sending,ms,p1,0.13
5,1789646488411513856,1789646498411513856,HTTP Sending,ms,p5,0.13
5,1789646488411513856,1789646498411513856,HTTP Sending,ms,p10,0.13
5,1789646488411513856,1789646498411513856,HTTP Sending,ms,p25,0.13
5,1789646488411513856,1789646498411513856,HTTP Sending,ms,p50,0.13
5,1789646488411513856,1789646498411513856,HTTP Sending,ms,p75,0.14
5,1789646488411513856,1789646498411513856,HTTP Sending,ms,p90,0.14
5,1789646488411513856,1789646498411513856,HTTP Sending,ms,p95,0.14
5,1789646488411513856,1789646498411513856,HTTP Sending,ms,p99,0.14
5,1789646488411513856,1789646498411513856,HTTP Sending,ms,std,0.01
5,1789646488411513856,1789646498411513856,HTTP Total Time,ms,avg,28737.34
5,1789646488411513856,1789646498411513856,HTTP Total Time,ms,min,28737.29
5,1789646488411513856,1789646498411513856,HTTP Total Time,ms,max,28737.38
5,1789646488411513856,1789646498411513856,HTTP Total Time,ms,sum,86212.02
5,1789646488411513856,1789646498411513856,HTTP Total Time,ms,p1,28737.29
5,1789646488411513856,1789646498411513856,HTTP Total Time,ms,p5,28737.30
5,1789646488411513856,1789646498411513856,HTTP Total Time,ms,p10,28737.30
5,1789646488411513856,1789646498411513856,HTTP Total Time,ms,p25,28737.32
5,1789646488411513856,1789646498411513856,HTTP Total Time,ms,p50,28737.35
5,1789646488411513856,1789646498411513856,HTTP Total Time,ms,p75,28737.36
5,1789646488411513856,1789646498411513856,HTTP Total Time,ms,p90,28737.37
5,1789646488411513856,1789646498411513856,HTTP Total Time,ms,p95,28737.37
5,1789646488411513856,1789646498411513856,HTTP Total Time,ms,p99,28737.38
5,1789646488411513856,1789646498411513856,HTTP Total Time,ms,std,0.04
5,1789646488411513856,1789646498411513856,HTTP Waiting (TTFB),ms,avg,21071.43
5,1789646488411513856,1789646498411513856,HTTP Waiting (TTFB),ms,min,21071.28
5,1789646488411513856,1789646498411513856,HTTP Waiting (TTFB),ms,max,21071.51
5,1789646488411513856,1789646498411513856,HTTP Waiting (TTFB),ms,sum,63214.29
5,1789646488411513856,1789646498411513856,HTTP Waiting (TTFB),ms,p1,21071.28
5,1789646488411513856,1789646498411513856,HTTP Waiting (TTFB),ms,p5,21071.30
5,1789646488411513856,1789646498411513856,HTTP Waiting (TTFB),ms,p10,21071.32
5,1789646488411513856,1789646498411513856,HTTP Waiting (TTFB),ms,p25,21071.39
5,1789646488411513856,1789646498411513856,HTTP Waiting (TTFB),ms,p50,21071.50
5,1789646488411513856,1789646498411513856,HTTP Waiting (TTFB),ms,p75,21071.51
5,1789646488411513856,1789646498411513856,HTTP Waiting (TTFB),ms,p90,21071.51
5,1789646488411513856,1789646498411513856,HTTP Waiting (TTFB),ms,p95,21071.51
5,1789646488411513856,1789646498411513856,HTTP Waiting (TTFB),ms,p99,21071.51
5,1789646488411513856,1789646498411513856,HTTP Waiting (TTFB),ms,std,0.11
5,1789646488411513856,1789646498411513856,Input Sequence Length,tokens,avg,1107.00
5,1789646488411513856,1789646498411513856,Input Sequence Length,tokens,min,1107.00
5,1789646488411513856,1789646498411513856,Input Sequence Length,tokens,max,1107.00
5,1789646488411513856,1789646498411513856,Input Sequence Length,tokens,sum,3321.00
5,1789646488411513856,1789646498411513856,Input Sequence Length,tokens,p1,1107.00
5,1789646488411513856,1789646498411513856,Input Sequence Length,tokens,p5,1107.00
5,1789646488411513856,1789646498411513856,Input Sequence Length,tokens,p10,1107.00
5,1789646488411513856,1789646498411513856,Input Sequence Length,tokens,p25,1107.00
5,1789646488411513856,1789646498411513856,Input Sequence Length,tokens,p50,1107.00
5,1789646488411513856,1789646498411513856,Input Sequence Length,tokens,p75,1107.00
5,1789646488411513856,1789646498411513856,Input Sequence Length,tokens,p90,1107.00
5,1789646488411513856,1789646498411513856,Input Sequence Length,tokens,p95,1107.00
5,1789646488411513856,1789646498411513856,Input Sequence Length,tokens,p99,1107.00
5,1789646488411513856,1789646498411513856,Input Sequence Length,tokens,std,0.00
5,1789646488411513856,1789646498411513856,Input Token Throughput,tokens/sec,avg,332.10
5,1789646488411513856,1789646498411513856,Inter Chunk Latency,ms,avg,15.86
5,1789646488411513856,1789646498411513856,Inter Chunk Latency,ms,min,0.94
5,1789646488411513856,1789646498411513856,Inter Chunk Latency,ms,max,167.89
5,1789646488411513856,1789646498411513856,Inter Chunk Latency,ms,sum,22997.31
5,1789646488411513856,1789646498411513856,Inter Chunk Latency,ms,p1,8.76
5,1789646488411513856,1789646498411513856,Inter Chunk Latency,ms,p5,13.62
5,1789646488411513856,1789646498411513856,Inter Chunk Latency,ms,p10,14.19
5,1789646488411513856,1789646498411513856,Inter Chunk Latency,ms,p25,14.63
5,1789646488411513856,1789646498411513856,Inter Chunk Latency,ms,p50,14.97
5,1789646488411513856,1789646498411513856,Inter Chunk Latency,ms,p75,15.29
5,1789646488411513856,1789646498411513856,Inter Chunk Latency,ms,p90,15.58
5,1789646488411513856,1789646498411513856,Inter Chunk Latency,ms,p95,27.64
5,1789646488411513856,1789646498411513856,Inter Chunk Latency,ms,p99,30.81
5,1789646488411513856,1789646498411513856,Inter Chunk Latency,ms,std,7.84
5,1789646488411513856,1789646498411513856,Inter Token Latency,ms,avg,15.00
5,1789646488411513856,1789646498411513856,Inter Token Latency,ms,min,15.00
5,1789646488411513856,1789646498411513856,Inter Token Latency,ms,max,15.00
5,1789646488411513856,1789646498411513856,Inter Token Latency,ms,sum,45.00
5,1789646488411513856,1789646498411513856,Inter Token Latency,ms,p1,15.00
5,1789646488411513856,1789646498411513856,Inter Token Latency,ms,p5,15.00
5,1789646488411513856,1789646498411513856,Inter Token Latency,ms,p10,15.00
5,1789646488411513856,1789646498411513856,Inter Token Latency,ms,p25,15.00
5,1789646488411513856,1789646498411513856,Inter Token Latency,ms,p50,15.00
5,1789646488411513856,1789646498411513856,Inter Token Latency,ms,p75,15.00
5,1789646488411513856,1789646498411513856,Inter Token Latency,ms,p90,15.00
5,1789646488411513856,1789646498411513856,Inter Token Latency,ms,p95,15.00
5,1789646488411513856,1789646498411513856,Inter Token Latency,ms,p99,15.00
5,1789646488411513856,1789646498411513856,Inter Token Latency,ms,std,0.00
5,1789646488411513856,1789646498411513856,OSL Mismatch Count,requests,avg,0.00
5,1789646488411513856,1789646498411513856,OSL Mismatch Diff %,%,avg,0.00
5,1789646488411513856,1789646498411513856,OSL Mismatch Diff %,%,min,0.00
5,1789646488411513856,1789646498411513856,OSL Mismatch Diff %,%,max,0.00
5,1789646488411513856,1789646498411513856,OSL Mismatch Diff %,%,sum,0.00
5,1789646488411513856,1789646498411513856,OSL Mismatch Diff %,%,p1,0.00
5,1789646488411513856,1789646498411513856,OSL Mismatch Diff %,%,p5,0.00
5,1789646488411513856,1789646498411513856,OSL Mismatch Diff %,%,p10,0.00
5,1789646488411513856,1789646498411513856,OSL Mismatch Diff %,%,p25,0.00
5,1789646488411513856,1789646498411513856,OSL Mismatch Diff %,%,p50,0.00
5,1789646488411513856,1789646498411513856,OSL Mismatch Diff %,%,p75,0.00
5,1789646488411513856,1789646498411513856,OSL Mismatch Diff %,%,p90,0.00
5,1789646488411513856,1789646498411513856,OSL Mismatch Diff %,%,p95,0.00
5,1789646488411513856,1789646498411513856,OSL Mismatch Diff %,%,p99,0.00
5,1789646488411513856,1789646498411513856,OSL Mismatch Diff %,%,std,0.00
5,1789646488411513856,1789646498411513856,Output Sequence Length,tokens,avg,512.00
5,1789646488411513856,1789646498411513856,Output Sequence Length,tokens,min,512.00
5,1789646488411513856,1789646498411513856,Output Sequence Length,tokens,max,512.00
5,1789646488411513856,1789646498411513856,Output Sequence Length,tokens,sum,1536.00
5,1789646488411513856,1789646498411513856,Output Sequence Length,tokens,p1,512.00
5,1789646488411513856,1789646498411513856,Output Sequence Length,tokens,p5,512.00
5,1789646488411513856,1789646498411513856,Output Sequence Length,tokens,p10,512.00
5,1789646488411513856,1789646498411513856,Output Sequence Length,tokens,p25,512.00
5,1789646488411513856,1789646498411513856,Output Sequence Length,tokens,p50,512.00
5,1789646488411513856,1789646498411513856,Output Sequence Length,tokens,p75,512.00
5,1789646488411513856,1789646498411513856,Output Sequence Length,tokens,p90,512.00
5,1789646488411513856,1789646498411513856,Output Sequence Length,tokens,p95,512.00
5,1789646488411513856,1789646498411513856,Output Sequence Length,tokens,p99,512.00
5,1789646488411513856,1789646498411513856,Output Sequence Length,tokens,std,0.00
5,1789646488411513856,1789646498411513856,Output Token Throughput,tokens/sec,avg,153.60
5,1789646488411513856,1789646498411513856,Output Token Throughput Per User,tokens/sec/user,avg,66.66
5,1789646488411513856,1789646498411513856,Output Token Throughput Per User,tokens/sec/user,min,66.66
5,1789646488411513856,1789646498411513856,Output Token Throughput Per User,tokens/sec/user,max,66.66
5,1789646488411513856,1789646498411513856,Output Token Throughput Per User,tokens/sec/user,sum,199.98
5,1789646488411513856,1789646498411513856,Output Token Throughput Per User,tokens/sec/user,p1,66.66
5,1789646488411513856,1789646498411513856,Output Token Throughput Per User,tokens/sec/user,p5,66.66
5,1789646488411513856,1789646498411513856,Output Token Throughput Per User,tokens/sec/user,p10,66.66
5,1789646488411513856,1789646498411513856,Output Token Throughput Per User,tokens/sec/user,p25,66.66
5,1789646488411513856,1789646498411513856,Output Token Throughput Per User,tokens/sec/user,p50,66.66
5,1789646488411513856,1789646498411513856,Output Token Throughput Per User,tokens/sec/user,p75,66.66
5,1789646488411513856,1789646498411513856,Output Token Throughput Per User,tokens/sec/user,p90,66.66
5,1789646488411513856,1789646498411513856,Output Token Throughput Per User,tokens/sec/user,p95,66.66
5,1789646488411513856,1789646498411513856,Output Token Throughput Per User,tokens/sec/user,p99,66.66
5,1789646488411513856,1789646498411513856,Output Token Throughput Per User,tokens/sec/user,std,0.00
5,1789646488411513856,1789646498411513856,Overall Usage Prompt Cache Read %,%,avg,92.50
5,1789646488411513856,1789646498411513856,Prefill Throughput Per User,tokens/sec/user,avg,52.54
5,1789646488411513856,1789646498411513856,Prefill Throughput Per User,tokens/sec/user,min,52.53
5,1789646488411513856,1789646498411513856,Prefill Throughput Per User,tokens/sec/user,max,52.54
5,1789646488411513856,1789646498411513856,Prefill Throughput Per User,tokens/sec/user,sum,157.61
5,1789646488411513856,1789646498411513856,Prefill Throughput Per User,tokens/sec/user,p1,52.53
5,1789646488411513856,1789646498411513856,Prefill Throughput Per User,tokens/sec/user,p5,52.53
5,1789646488411513856,1789646498411513856,Prefill Throughput Per User,tokens/sec/user,p10,52.53
5,1789646488411513856,1789646498411513856,Prefill Throughput Per User,tokens/sec/user,p25,52.53
5,1789646488411513856,1789646498411513856,Prefill Throughput Per User,tokens/sec/user,p50,52.53
5,1789646488411513856,1789646498411513856,Prefill Throughput Per User,tokens/sec/user,p75,52.54
5,1789646488411513856,1789646498411513856,Prefill Throughput Per User,tokens/sec/user,p90,52.54
5,1789646488411513856,1789646498411513856,Prefill Throughput Per User,tokens/sec/user,p95,52.54
5,1789646488411513856,1789646498411513856,Prefill Throughput Per User,tokens/sec/user,p99,52.54
5,1789646488411513856,1789646498411513856,Prefill Throughput Per User,tokens/sec/user,std,0.00
5,1789646488411513856,1789646498411513856,Reasoning Token Count,tokens,avg,512.00
5,1789646488411513856,1789646498411513856,Reasoning Token Count,tokens,min,512.00
5,1789646488411513856,1789646498411513856,Reasoning Token Count,tokens,max,512.00
5,1789646488411513856,1789646498411513856,Reasoning Token Count,tokens,sum,1536.00
5,1789646488411513856,1789646498411513856,Reasoning Token Count,tokens,p1,512.00
5,1789646488411513856,1789646498411513856,Reasoning Token Count,tokens,p5,512.00
5,1789646488411513856,1789646498411513856,Reasoning Token Count,tokens,p10,512.00
5,1789646488411513856,1789646498411513856,Reasoning Token Count,tokens,p25,512.00
5,1789646488411513856,1789646498411513856,Reasoning Token Count,tokens,p50,512.00
5,1789646488411513856,1789646498411513856,Reasoning Token Count,tokens,p75,512.00
5,1789646488411513856,1789646498411513856,Reasoning Token Count,tokens,p90,512.00
5,1789646488411513856,1789646498411513856,Reasoning Token Count,tokens,p95,512.00
5,1789646488411513856,1789646498411513856,Reasoning Token Count,tokens,p99,512.00
5,1789646488411513856,1789646498411513856,Reasoning Token Count,tokens,std,0.00
5,1789646488411513856,1789646498411513856,Request Count,requests,avg,3.00
5,1789646488411513856,1789646498411513856,Request Latency,ms,avg,28737.40
5,1789646488411513856,1789646498411513856,Request Latency,ms,min,28737.35
5,1789646488411513856,1789646498411513856,Request Latency,ms,max,28737.44
5,1789646488411513856,1789646498411513856,Request Latency,ms,sum,86212.20
5,1789646488411513856,1789646498411513856,Request Latency,ms,p1,28737.35
5,1789646488411513856,1789646498411513856,Request Latency,ms,p5,28737.35
5,1789646488411513856,1789646498411513856,Request Latency,ms,p10,28737.36
5,1789646488411513856,1789646498411513856,Request Latency,ms,p25,28737.38
5,1789646488411513856,1789646498411513856,Request Latency,ms,p50,28737.41
5,1789646488411513856,1789646498411513856,Request Latency,ms,p75,28737.43
5,1789646488411513856,1789646498411513856,Request Latency,ms,p90,28737.44
5,1789646488411513856,1789646498411513856,Request Latency,ms,p95,28737.44
5,1789646488411513856,1789646498411513856,Request Latency,ms,p99,28737.44
5,1789646488411513856,1789646498411513856,Request Latency,ms,std,0.04
5,1789646488411513856,1789646498411513856,Request Throughput,requests/sec,avg,0.30
5,1789646488411513856,1789646498411513856,Time to First Token,ms,avg,21071.63
5,1789646488411513856,1789646498411513856,Time to First Token,ms,min,21071.47
5,1789646488411513856,1789646498411513856,Time to First Token,ms,max,21071.72
5,1789646488411513856,1789646498411513856,Time to First Token,ms,sum,63214.89
5,1789646488411513856,1789646498411513856,Time to First Token,ms,p1,21071.47
5,1789646488411513856,1789646498411513856,Time to First Token,ms,p5,21071.49
5,1789646488411513856,1789646498411513856,Time to First Token,ms,p10,21071.51
5,1789646488411513856,1789646498411513856,Time to First Token,ms,p25,21071.59
5,1789646488411513856,1789646498411513856,Time to First Token,ms,p50,21071.71
5,1789646488411513856,1789646498411513856,Time to First Token,ms,p75,21071.71
5,1789646488411513856,1789646498411513856,Time to First Token,ms,p90,21071.71
5,1789646488411513856,1789646498411513856,Time to First Token,ms,p95,21071.71
5,1789646488411513856,1789646498411513856,Time to First Token,ms,p99,21071.71
5,1789646488411513856,1789646498411513856,Time to First Token,ms,std,0.12
5,1789646488411513856,1789646498411513856,Time to Second Token,ms,avg,1.00
5,1789646488411513856,1789646498411513856,Time to Second Token,ms,min,0.94
5,1789646488411513856,1789646498411513856,Time to Second Token,ms,max,1.07
5,1789646488411513856,1789646498411513856,Time to Second Token,ms,sum,2.99
5,1789646488411513856,1789646498411513856,Time to Second Token,ms,p1,0.94
5,1789646488411513856,1789646498411513856,Time to Second Token,ms,p5,0.95
5,1789646488411513856,1789646498411513856,Time to Second Token,ms,p10,0.95
5,1789646488411513856,1789646498411513856,Time to Second Token,ms,p25,0.96
5,1789646488411513856,1789646498411513856,Time to Second Token,ms,p50,0.97
5,1789646488411513856,1789646498411513856,Time to Second Token,ms,p75,1.02
5,1789646488411513856,1789646498411513856,Time to Second Token,ms,p90,1.05
5,1789646488411513856,1789646498411513856,Time to Second Token,ms,p95,1.06
5,1789646488411513856,1789646498411513856,Time to Second Token,ms,p99,1.07
5,1789646488411513856,1789646498411513856,Time to Second Token,ms,std,0.06
5,1789646488411513856,1789646498411513856,Tokens In Flight,tokens,avg,36909.46
5,1789646488411513856,1789646498411513856,Tokens In Flight,tokens,min,32104.00
5,1789646488411513856,1789646498411513856,Tokens In Flight,tokens,max,36957.80
5,1789646488411513856,1789646498411513856,Tokens In Flight,tokens,p50,36956.69
5,1789646488411513856,1789646498411513856,Tokens In Flight,tokens,p90,36956.69
5,1789646488411513856,1789646498411513856,Tokens In Flight,tokens,p95,36956.69
5,1789646488411513856,1789646498411513856,Tokens In Flight,tokens,p99,36956.69
5,1789646488411513856,1789646498411513856,Tokens In Flight,tokens,std,274.28
5,1789646488411513856,1789646498411513856,Total Input Sequence Length,tokens,avg,3321.00
5,1789646488411513856,1789646498411513856,Total Output Sequence Length,tokens,avg,1536.00
5,1789646488411513856,1789646498411513856,Total Reasoning Tokens,tokens,avg,1536.00
5,1789646488411513856,1789646498411513856,Total Token Throughput,tokens/sec,avg,485.70
5,1789646488411513856,1789646498411513856,Total Usage Completion Tokens,tokens,avg,1536.00
5,1789646488411513856,1789646498411513856,Total Usage Prompt Cache Read Tokens,tokens,avg,3072.00
5,1789646488411513856,1789646498411513856,Total Usage Prompt Tokens,tokens,avg,3321.00
5,1789646488411513856,1789646498411513856,Total Usage Reasoning Tokens,tokens,avg,1536.00
5,1789646488411513856,1789646498411513856,Total Usage Total Tokens,tokens,avg,4857.00
5,1789646488411513856,1789646498411513856,Usage Completion Tokens,tokens,avg,512.00
5,1789646488411513856,1789646498411513856,Usage Completion Tokens,tokens,min,512.00
5,1789646488411513856,1789646498411513856,Usage Completion Tokens,tokens,max,512.00
5,1789646488411513856,1789646498411513856,Usage Completion Tokens,tokens,sum,1536.00
5,1789646488411513856,1789646498411513856,Usage Completion Tokens,tokens,p1,512.00
5,1789646488411513856,1789646498411513856,Usage Completion Tokens,tokens,p5,512.00
5,1789646488411513856,1789646498411513856,Usage Completion Tokens,tokens,p10,512.00
5,1789646488411513856,1789646498411513856,Usage Completion Tokens,tokens,p25,512.00
5,1789646488411513856,1789646498411513856,Usage Completion Tokens,tokens,p50,512.00
5,1789646488411513856,1789646498411513856,Usage Completion Tokens,tokens,p75,512.00
5,1789646488411513856,1789646498411513856,Usage Completion Tokens,tokens,p90,512.00
5,1789646488411513856,1789646498411513856,Usage Completion Tokens,tokens,p95,512.00
5,1789646488411513856,1789646498411513856,Usage Completion Tokens,tokens,p99,512.00
5,1789646488411513856,1789646498411513856,Usage Completion Tokens,tokens,std,0.00
5,1789646488411513856,1789646498411513856,Usage Prompt Cache Read Tokens,tokens,avg,1024.00
5,1789646488411513856,1789646498411513856,Usage Prompt Cache Read Tokens,tokens,min,1024.00
5,1789646488411513856,1789646498411513856,Usage Prompt Cache Read Tokens,tokens,max,1024.00
5,1789646488411513856,1789646498411513856,Usage Prompt Cache Read Tokens,tokens,sum,3072.00
5,1789646488411513856,1789646498411513856,Usage Prompt Cache Read Tokens,tokens,p1,1024.00
5,1789646488411513856,1789646498411513856,Usage Prompt Cache Read Tokens,tokens,p5,1024.00
5,1789646488411513856,1789646498411513856,Usage Prompt Cache Read Tokens,tokens,p10,1024.00
5,1789646488411513856,1789646498411513856,Usage Prompt Cache Read Tokens,tokens,p25,1024.00
5,1789646488411513856,1789646498411513856,Usage Prompt Cache Read Tokens,tokens,p50,1024.00
5,1789646488411513856,1789646498411513856,Usage Prompt Cache Read Tokens,tokens,p75,1024.00
5,1789646488411513856,1789646498411513856,Usage Prompt Cache Read Tokens,tokens,p90,1024.00
5,1789646488411513856,1789646498411513856,Usage Prompt Cache Read Tokens,tokens,p95,1024.00
5,1789646488411513856,1789646498411513856,Usage Prompt Cache Read Tokens,tokens,p99,1024.00
5,1789646488411513856,1789646498411513856,Usage Prompt Cache Read Tokens,tokens,std,0.00
5,1789646488411513856,1789646498411513856,Usage Prompt Tokens,tokens,avg,1107.00
5,1789646488411513856,1789646498411513856,Usage Prompt Tokens,tokens,min,1107.00
5,1789646488411513856,1789646498411513856,Usage Prompt Tokens,tokens,max,1107.00
5,1789646488411513856,1789646498411513856,Usage Prompt Tokens,tokens,sum,3321.00
5,1789646488411513856,1789646498411513856,Usage Prompt Tokens,tokens,p1,1107.00
5,1789646488411513856,1789646498411513856,Usage Prompt Tokens,tokens,p5,1107.00
5,1789646488411513856,1789646498411513856,Usage Prompt Tokens,tokens,p10,1107.00
5,1789646488411513856,1789646498411513856,Usage Prompt Tokens,tokens,p25,1107.00
5,1789646488411513856,1789646498411513856,Usage Prompt Tokens,tokens,p50,1107.00
5,1789646488411513856,1789646498411513856,Usage Prompt Tokens,tokens,p75,1107.00
5,1789646488411513856,1789646498411513856,Usage Prompt Tokens,tokens,p90,1107.00
5,1789646488411513856,1789646498411513856,Usage Prompt Tokens,tokens,p95,1107.00
5,1789646488411513856,1789646498411513856,Usage Prompt Tokens,tokens,p99,1107.00
5,1789646488411513856,1789646498411513856,Usage Prompt Tokens,tokens,std,0.00
5,1789646488411513856,1789646498411513856,Usage Reasoning Tokens,tokens,avg,512.00
5,1789646488411513856,1789646498411513856,Usage Reasoning Tokens,tokens,min,512.00
5,1789646488411513856,1789646498411513856,Usage Reasoning Tokens,tokens,max,512.00
5,1789646488411513856,1789646498411513856,Usage Reasoning Tokens,tokens,sum,1536.00
5,1789646488411513856,1789646498411513856,Usage Reasoning Tokens,tokens,p1,512.00
5,1789646488411513856,1789646498411513856,Usage Reasoning Tokens,tokens,p5,512.00
5,1789646488411513856,1789646498411513856,Usage Reasoning Tokens,tokens,p10,512.00
5,1789646488411513856,1789646498411513856,Usage Reasoning Tokens,tokens,p25,512.00
5,1789646488411513856,1789646498411513856,Usage Reasoning Tokens,tokens,p50,512.00
5,1789646488411513856,1789646498411513856,Usage Reasoning Tokens,tokens,p75,512.00
5,1789646488411513856,1789646498411513856,Usage Reasoning Tokens,tokens,p90,512.00
5,1789646488411513856,1789646498411513856,Usage Reasoning Tokens,tokens,p95,512.00
5,1789646488411513856,1789646498411513856,Usage Reasoning Tokens,tokens,p99,512.00
5,1789646488411513856,1789646498411513856,Usage Reasoning Tokens,tokens,std,0.00
5,1789646488411513856,1789646498411513856,Usage Total Tokens,tokens,avg,1619.00
5,1789646488411513856,1789646498411513856,Usage Total Tokens,tokens,min,1619.00
5,1789646488411513856,1789646498411513856,Usage Total Tokens,tokens,max,1619.00
5,1789646488411513856,1789646498411513856,Usage Total Tokens,tokens,sum,4857.00
5,1789646488411513856,1789646498411513856,Usage Total Tokens,tokens,p1,1619.00
5,1789646488411513856,1789646498411513856,Usage Total Tokens,tokens,p5,1619.00
5,1789646488411513856,1789646498411513856,Usage Total Tokens,tokens,p10,1619.00
5,1789646488411513856,1789646498411513856,Usage Total Tokens,tokens,p25,1619.00
5,1789646488411513856,1789646498411513856,Usage Total Tokens,tokens,p50,1619.00
5,1789646488411513856,1789646498411513856,Usage Total Tokens,tokens,p75,1619.00
5,1789646488411513856,1789646498411513856,Usage Total Tokens,tokens,p90,1619.00
5,1789646488411513856,1789646498411513856,Usage Total Tokens,tokens,p95,1619.00
5,1789646488411513856,1789646498411513856,Usage Total Tokens,tokens,p99,1619.00
5,1789646488411513856,1789646498411513856,Usage Total Tokens,tokens,std,0.00
6,1789646518411513856,1789646528411513856,Active Decode Throughput,tokens/sec,avg,1932.20
6,1789646518411513856,1789646528411513856,Active Decode Throughput,tokens/sec,min,0.05
6,1789646518411513856,1789646528411513856,Active Decode Throughput,tokens/sec,max,10474.06
6,1789646518411513856,1789646528411513856,Active Decode Throughput,tokens/sec,p50,2143.15
6,1789646518411513856,1789646528411513856,Active Decode Throughput,tokens/sec,p90,2295.89
6,1789646518411513856,1789646528411513856,Active Decode Throughput,tokens/sec,p95,2419.81
6,1789646518411513856,1789646528411513856,Active Decode Throughput,tokens/sec,p99,3688.49
6,1789646518411513856,1789646528411513856,Active Decode Throughput,tokens/sec,std,799.37
6,1789646518411513856,1789646528411513856,Active Decode Throughput Per User,tokens/sec/user,avg,60.80
6,1789646518411513856,1789646528411513856,Active Decode Throughput Per User,tokens/sec/user,min,0.05
6,1789646518411513856,1789646528411513856,Active Decode Throughput Per User,tokens/sec/user,max,361.17
6,1789646518411513856,1789646528411513856,Active Decode Throughput Per User,tokens/sec/user,p50,66.97
6,1789646518411513856,1789646528411513856,Active Decode Throughput Per User,tokens/sec/user,p90,71.75
6,1789646518411513856,1789646528411513856,Active Decode Throughput Per User,tokens/sec/user,p95,75.62
6,1789646518411513856,1789646528411513856,Active Decode Throughput Per User,tokens/sec/user,p99,115.27
6,1789646518411513856,1789646528411513856,Active Decode Throughput Per User,tokens/sec/user,std,24.34
6,1789646518411513856,1789646528411513856,Active Prefill Throughput,tokens/sec,avg,27470.40
6,1789646518411513856,1789646528411513856,Active Prefill Throughput,tokens/sec,min,52.53
6,1789646518411513856,1789646528411513856,Active Prefill Throughput,tokens/sec,max,80737.92
6,1789646518411513856,1789646528411513856,Active Prefill Throughput,tokens/sec,p50,866.52
6,1789646518411513856,1789646528411513856,Active Prefill Throughput,tokens/sec,p90,80737.92
6,1789646518411513856,1789646528411513856,Active Prefill Throughput,tokens/sec,p95,80737.92
6,1789646518411513856,1789646528411513856,Active Prefill Throughput,tokens/sec,p99,80737.92
6,1789646518411513856,1789646528411513856,Active Prefill Throughput,tokens/sec,std,34054.73
6,1789646518411513856,1789646528411513856,Active Prefill Throughput Per User,tokens/sec/user,avg,1119.53
6,1789646518411513856,1789646528411513856,Active Prefill Throughput Per User,tokens/sec/user,min,27.95
6,1789646518411513856,1789646528411513856,Active Prefill Throughput Per User,tokens/sec/user,max,5041.32
6,1789646518411513856,1789646528411513856,Active Prefill Throughput Per User,tokens/sec/user,p50,28.85
6,1789646518411513856,1789646528411513856,Active Prefill Throughput Per User,tokens/sec/user,p90,2604.45
6,1789646518411513856,1789646528411513856,Active Prefill Throughput Per User,tokens/sec/user,p95,2604.45
6,1789646518411513856,1789646528411513856,Active Prefill Throughput Per User,tokens/sec/user,p99,5041.32
6,1789646518411513856,1789646528411513856,Active Prefill Throughput Per User,tokens/sec/user,std,1340.97
6,1789646518411513856,1789646528411513856,Active Total Throughput,tokens/sec,avg,5485.64
6,1789646518411513856,1789646528411513856,Active Total Throughput,tokens/sec,min,884.44
6,1789646518411513856,1789646528411513856,Active Total Throughput,tokens/sec,max,80804.02
6,1789646518411513856,1789646528411513856,Active Total Throughput,tokens/sec,p50,2117.23
6,1789646518411513856,1789646528411513856,Active Total Throughput,tokens/sec,p90,2173.05
6,1789646518411513856,1789646528411513856,Active Total Throughput,tokens/sec,p95,30852.17
6,1789646518411513856,1789646528411513856,Active Total Throughput,tokens/sec,p99,80804.02
6,1789646518411513856,1789646528411513856,Active Total Throughput,tokens/sec,std,15075.48
6,1789646518411513856,1789646528411513856,Benchmark Duration,sec,avg,8.18
6,1789646518411513856,1789646528411513856,Decode Duration,ms,avg,7520.58
6,1789646518411513856,1789646528411513856,Decode Duration,ms,min,7431.65
6,1789646518411513856,1789646528411513856,Decode Duration,ms,max,7715.19
6,1789646518411513856,1789646528411513856,Decode Duration,ms,sum,240658.63
6,1789646518411513856,1789646528411513856,Decode Duration,ms,p1,7431.66
6,1789646518411513856,1789646528411513856,Decode Duration,ms,p5,7431.71
6,1789646518411513856,1789646528411513856,Decode Duration,ms,p10,7473.83
6,1789646518411513856,1789646528411513856,Decode Duration,ms,p25,7473.86
6,1789646518411513856,1789646528411513856,Decode Duration,ms,p50,7473.91
6,1789646518411513856,1789646528411513856,Decode Duration,ms,p75,7586.03
6,1789646518411513856,1789646528411513856,Decode Duration,ms,p90,7635.04
6,1789646518411513856,1789646528411513856,Decode Duration,ms,p95,7640.58
6,1789646518411513856,1789646528411513856,Decode Duration,ms,p99,7692.09
6,1789646518411513856,1789646528411513856,Decode Duration,ms,std,73.77
6,1789646518411513856,1789646528411513856,E2E Output Token Throughput,tokens/sec/user,avg,64.41
6,1789646518411513856,1789646528411513856,E2E Output Token Throughput,tokens/sec/user,min,64.35
6,1789646518411513856,1789646528411513856,E2E Output Token Throughput,tokens/sec/user,max,64.70
6,1789646518411513856,1789646528411513856,E2E Output Token Throughput,tokens/sec/user,sum,2061.07
6,1789646518411513856,1789646528411513856,E2E Output Token Throughput,tokens/sec/user,p1,64.35
6,1789646518411513856,1789646528411513856,E2E Output Token Throughput,tokens/sec/user,p5,64.35
6,1789646518411513856,1789646528411513856,E2E Output Token Throughput,tokens/sec/user,p10,64.36
6,1789646518411513856,1789646528411513856,E2E Output Token Throughput,tokens/sec/user,p25,64.36
6,1789646518411513856,1789646528411513856,E2E Output Token Throughput,tokens/sec/user,p50,64.36
6,1789646518411513856,1789646528411513856,E2E Output Token Throughput,tokens/sec/user,p75,64.39
6,1789646518411513856,1789646528411513856,E2E Output Token Throughput,tokens/sec/user,p90,64.53
6,1789646518411513856,1789646528411513856,E2E Output Token Throughput,tokens/sec/user,p95,64.70
6,1789646518411513856,1789646528411513856,E2E Output Token Throughput,tokens/sec/user,p99,64.70
6,1789646518411513856,1789646528411513856,E2E Output Token Throughput,tokens/sec/user,std,0.10
6,1789646518411513856,1789646528411513856,Effective Concurrency,requests,avg,31.99
6,1789646518411513856,1789646528411513856,Effective Concurrency,requests,min,12.00
6,1789646518411513856,1789646528411513856,Effective Concurrency,requests,max,32.00
6,1789646518411513856,1789646528411513856,Effective Concurrency,requests,p50,32.00
6,1789646518411513856,1789646528411513856,Effective Concurrency,requests,p90,32.00
6,1789646518411513856,1789646528411513856,Effective Concurrency,requests,p95,32.00
6,1789646518411513856,1789646528411513856,Effective Concurrency,requests,p99,32.00
6,1789646518411513856,1789646528411513856,Effective Concurrency,requests,std,0.38
6,1789646518411513856,1789646528411513856,Effective Decode Concurrency,requests,avg,28.35
6,1789646518411513856,1789646528411513856,Effective Decode Concurrency,requests,min,1.00
6,1789646518411513856,1789646528411513856,Effective Decode Concurrency,requests,max,32.00
6,1789646518411513856,1789646528411513856,Effective Decode Concurrency,requests,p50,32.00
6,1789646518411513856,1789646528411513856,Effective Decode Concurrency,requests,p90,32.00
6,1789646518411513856,1789646528411513856,Effective Decode Concurrency,requests,p95,32.00
6,1789646518411513856,1789646528411513856,Effective Decode Concurrency,requests,p99,32.00
6,1789646518411513856,1789646528411513856,Effective Decode Concurrency,requests,std,9.61
6,1789646518411513856,1789646528411513856,Effective Decode Throughput,tokens/sec,avg,1932.20
6,1789646518411513856,1789646528411513856,Effective Decode Throughput,tokens/sec,min,0.05
6,1789646518411513856,1789646528411513856,Effective Decode Throughput,tokens/sec,max,10474.06
6,1789646518411513856,1789646528411513856,Effective Decode Throughput,tokens/sec,p50,2143.15
6,1789646518411513856,1789646528411513856,Effective Decode Throughput,tokens/sec,p90,2295.89
6,1789646518411513856,1789646528411513856,Effective Decode Throughput,tokens/sec,p95,2419.81
6,1789646518411513856,1789646528411513856,Effective Decode Throughput,tokens/sec,p99,3688.49
6,1789646518411513856,1789646528411513856,Effective Decode Throughput,tokens/sec,std,799.37
6,1789646518411513856,1789646528411513856,Effective Decode Throughput Per User,tokens/sec/user,avg,60.80
6,1789646518411513856,1789646528411513856,Effective Decode Throughput Per User,tokens/sec/user,min,0.05
6,1789646518411513856,1789646528411513856,Effective Decode Throughput Per User,tokens/sec/user,max,361.17
6,1789646518411513856,1789646528411513856,Effective Decode Throughput Per User,tokens/sec/user,p50,66.97
6,1789646518411513856,1789646528411513856,Effective Decode Throughput Per User,tokens/sec/user,p90,71.75
6,1789646518411513856,1789646528411513856,Effective Decode Throughput Per User,tokens/sec/user,p95,75.62
6,1789646518411513856,1789646528411513856,Effective Decode Throughput Per User,tokens/sec/user,p99,115.27
6,1789646518411513856,1789646528411513856,Effective Decode Throughput Per User,tokens/sec/user,std,24.34
6,1789646518411513856,1789646528411513856,Effective Prefill Concurrency,requests,avg,3.64
6,1789646518411513856,1789646528411513856,Effective Prefill Concurrency,requests,min,0.00
6,1789646518411513856,1789646528411513856,Effective Prefill Concurrency,requests,max,31.00
6,1789646518411513856,1789646528411513856,Effective Prefill Concurrency,requests,p50,0.00
6,1789646518411513856,1789646528411513856,Effective Prefill Concurrency,requests,p90,23.00
6,1789646518411513856,1789646528411513856,Effective Prefill Concurrency,requests,p95,31.00
6,1789646518411513856,1789646528411513856,Effective Prefill Concurrency,requests,p99,31.00
6,1789646518411513856,1789646528411513856,Effective Prefill Concurrency,requests,std,9.60
6,1789646518411513856,1789646528411513856,Effective Prefill Throughput,tokens/sec,avg,3606.12
6,1789646518411513856,1789646528411513856,Effective Prefill Throughput,tokens/sec,min,0.00
6,1789646518411513856,1789646528411513856,Effective Prefill Throughput,tokens/sec,max,80737.92
6,1789646518411513856,1789646528411513856,Effective Prefill Throughput,tokens/sec,p50,0.00
6,1789646518411513856,1789646528411513856,Effective Prefill Throughput,tokens/sec,p90,866.52
6,1789646518411513856,1789646528411513856,Effective Prefill Throughput,tokens/sec,p95,29289.66
6,1789646518411513856,1789646528411513856,Effective Prefill Throughput,tokens/sec,p99,80737.92
6,1789646518411513856,1789646528411513856,Effective Prefill Throughput,tokens/sec,std,15436.91
6,1789646518411513856,1789646528411513856,Effective Prefill Throughput Per User,tokens/sec/user,avg,146.96
6,1789646518411513856,1789646528411513856,Effective Prefill Throughput Per User,tokens/sec/user,min,0.00
6,1789646518411513856,1789646528411513856,Effective Prefill Throughput Per User,tokens/sec/user,max,5041.32
6,1789646518411513856,1789646528411513856,Effective Prefill Throughput Per User,tokens/sec/user,p50,0.00
6,1789646518411513856,1789646528411513856,Effective Prefill Throughput Per User,tokens/sec/user,p90,27.95
6,1789646518411513856,1789646528411513856,Effective Prefill Throughput Per User,tokens/sec/user,p95,2456.07
6,1789646518411513856,1789646528411513856,Effective Prefill Throughput Per User,tokens/sec/user,p99,2604.45
6,1789646518411513856,1789646528411513856,Effective Prefill Throughput Per User,tokens/sec/user,std,615.62
6,1789646518411513856,1789646528411513856,Effective Total Throughput,tokens/sec,avg,5485.64
6,1789646518411513856,1789646528411513856,Effective Total Throughput,tokens/sec,min,884.44
6,1789646518411513856,1789646528411513856,Effective Total Throughput,tokens/sec,max,80804.02
6,1789646518411513856,1789646528411513856,Effective Total Throughput,tokens/sec,p50,2117.23
6,1789646518411513856,1789646528411513856,Effective Total Throughput,tokens/sec,p90,2173.05
6,1789646518411513856,1789646528411513856,Effective Total Throughput,tokens/sec,p95,30852.17
6,1789646518411513856,1789646528411513856,Effective Total Throughput,tokens/sec,p99,80804.02
6,1789646518411513856,1789646528411513856,Effective Total Throughput,tokens/sec,std,15075.48
6,1789646518411513856,1789646528411513856,HTTP Blocked,ms,avg,0.00
6,1789646518411513856,1789646528411513856,HTTP Blocked,ms,min,0.00
6,1789646518411513856,1789646528411513856,HTTP Blocked,ms,max,0.00
6,1789646518411513856,1789646528411513856,HTTP Blocked,ms,sum,0.00
6,1789646518411513856,1789646528411513856,HTTP Blocked,ms,p1,0.00
6,1789646518411513856,1789646528411513856,HTTP Blocked,ms,p5,0.00
6,1789646518411513856,1789646528411513856,HTTP Blocked,ms,p10,0.00
6,1789646518411513856,1789646528411513856,HTTP Blocked,ms,p25,0.00
6,1789646518411513856,1789646528411513856,HTTP Blocked,ms,p50,0.00
6,1789646518411513856,1789646528411513856,HTTP Blocked,ms,p75,0.00
6,1789646518411513856,1789646528411513856,HTTP Blocked,ms,p90,0.00
6,1789646518411513856,1789646528411513856,HTTP Blocked,ms,p95,0.00
6,1789646518411513856,1789646528411513856,HTTP Blocked,ms,p99,0.00
6,1789646518411513856,1789646528411513856,HTTP Blocked,ms,std,0.00
6,1789646518411513856,1789646528411513856,HTTP Chunks Received,count,avg,472.16
6,1789646518411513856,1789646528411513856,HTTP Chunks Received,count,min,446.00
6,1789646518411513856,1789646528411513856,HTTP Chunks Received,count,max,495.00
6,1789646518411513856,1789646528411513856,HTTP Chunks Received,count,sum,15109.00
6,1789646518411513856,1789646528411513856,HTTP Chunks Received,count,p1,448.48
6,1789646518411513856,1789646528411513856,HTTP Chunks Received,count,p5,455.65
6,1789646518411513856,1789646528411513856,HTTP Chunks Received,count,p10,462.20
6,1789646518411513856,1789646528411513856,HTTP Chunks Received,count,p25,468.00
6,1789646518411513856,1789646528411513856,HTTP Chunks Received,count,p50,471.00
6,1789646518411513856,1789646528411513856,HTTP Chunks Received,count,p75,475.00
6,1789646518411513856,1789646528411513856,HTTP Chunks Received,count,p90,488.30
6,1789646518411513856,1789646528411513856,HTTP Chunks Received,count,p95,493.90
6,1789646518411513856,1789646528411513856,HTTP Chunks Received,count,p99,495.00
6,1789646518411513856,1789646528411513856,HTTP Chunks Received,count,std,10.55
6,1789646518411513856,1789646528411513856,HTTP Chunks Sent,count,avg,1.00
6,1789646518411513856,1789646528411513856,HTTP Chunks Sent,count,min,1.00
6,1789646518411513856,1789646528411513856,HTTP Chunks Sent,count,max,1.00
6,1789646518411513856,1789646528411513856,HTTP Chunks Sent,count,sum,32.00
6,1789646518411513856,1789646528411513856,HTTP Chunks Sent,count,p1,1.00
6,1789646518411513856,1789646528411513856,HTTP Chunks Sent,count,p5,1.00
6,1789646518411513856,1789646528411513856,HTTP Chunks Sent,count,p10,1.00
6,1789646518411513856,1789646528411513856,HTTP Chunks Sent,count,p25,1.00
6,1789646518411513856,1789646528411513856,HTTP Chunks Sent,count,p50,1.00
6,1789646518411513856,1789646528411513856,HTTP Chunks Sent,count,p75,1.00
6,1789646518411513856,1789646528411513856,HTTP Chunks Sent,count,p90,1.00
6,1789646518411513856,1789646528411513856,HTTP Chunks Sent,count,p95,1.00
6,1789646518411513856,1789646528411513856,HTTP Chunks Sent,count,p99,1.00
6,1789646518411513856,1789646528411513856,HTTP Chunks Sent,count,std,0.00
6,1789646518411513856,1789646528411513856,HTTP Connecting,ms,avg,0.00
6,1789646518411513856,1789646528411513856,HTTP Connecting,ms,min,0.00
6,1789646518411513856,1789646528411513856,HTTP Connecting,ms,max,0.00
6,1789646518411513856,1789646528411513856,HTTP Connecting,ms,sum,0.00
6,1789646518411513856,1789646528411513856,HTTP Connecting,ms,p1,0.00
6,1789646518411513856,1789646528411513856,HTTP Connecting,ms,p5,0.00
6,1789646518411513856,1789646528411513856,HTTP Connecting,ms,p10,0.00
6,1789646518411513856,1789646528411513856,HTTP Connecting,ms,p25,0.00
6,1789646518411513856,1789646528411513856,HTTP Connecting,ms,p50,0.00
6,1789646518411513856,1789646528411513856,HTTP Connecting,ms,p75,0.00
6,1789646518411513856,1789646528411513856,HTTP Connecting,ms,p90,0.00
6,1789646518411513856,1789646528411513856,HTTP Connecting,ms,p95,0.00
6,1789646518411513856,1789646528411513856,HTTP Connecting,ms,p99,0.00
6,1789646518411513856,1789646528411513856,HTTP Connecting,ms,std,0.00
6,1789646518411513856,1789646528411513856,HTTP Connection Overhead,ms,avg,0.00
6,1789646518411513856,1789646528411513856,HTTP Connection Overhead,ms,min,0.00
6,1789646518411513856,1789646528411513856,HTTP Connection Overhead,ms,max,0.00
6,1789646518411513856,1789646528411513856,HTTP Connection Overhead,ms,sum,0.00
6,1789646518411513856,1789646528411513856,HTTP Connection Overhead,ms,p1,0.00
6,1789646518411513856,1789646528411513856,HTTP Connection Overhead,ms,p5,0.00
6,1789646518411513856,1789646528411513856,HTTP Connection Overhead,ms,p10,0.00
6,1789646518411513856,1789646528411513856,HTTP Connection Overhead,ms,p25,0.00
6,1789646518411513856,1789646528411513856,HTTP Connection Overhead,ms,p50,0.00
6,1789646518411513856,1789646528411513856,HTTP Connection Overhead,ms,p75,0.00
6,1789646518411513856,1789646528411513856,HTTP Connection Overhead,ms,p90,0.00
6,1789646518411513856,1789646528411513856,HTTP Connection Overhead,ms,p95,0.00
6,1789646518411513856,1789646528411513856,HTTP Connection Overhead,ms,p99,0.00
6,1789646518411513856,1789646528411513856,HTTP Connection Overhead,ms,std,0.00
6,1789646518411513856,1789646528411513856,HTTP Connection Reused,ratio,avg,1.00
6,1789646518411513856,1789646528411513856,HTTP Connection Reused,ratio,min,1.00
6,1789646518411513856,1789646528411513856,HTTP Connection Reused,ratio,max,1.00
6,1789646518411513856,1789646528411513856,HTTP Connection Reused,ratio,sum,32.00
6,1789646518411513856,1789646528411513856,HTTP Connection Reused,ratio,p1,1.00
6,1789646518411513856,1789646528411513856,HTTP Connection Reused,ratio,p5,1.00
6,1789646518411513856,1789646528411513856,HTTP Connection Reused,ratio,p10,1.00
6,1789646518411513856,1789646528411513856,HTTP Connection Reused,ratio,p25,1.00
6,1789646518411513856,1789646528411513856,HTTP Connection Reused,ratio,p50,1.00
6,1789646518411513856,1789646528411513856,HTTP Connection Reused,ratio,p75,1.00
6,1789646518411513856,1789646528411513856,HTTP Connection Reused,ratio,p90,1.00
6,1789646518411513856,1789646528411513856,HTTP Connection Reused,ratio,p95,1.00
6,1789646518411513856,1789646528411513856,HTTP Connection Reused,ratio,p99,1.00
6,1789646518411513856,1789646528411513856,HTTP Connection Reused,ratio,std,0.00
6,1789646518411513856,1789646528411513856,HTTP Data Received,KB,avg,125.91
6,1789646518411513856,1789646528411513856,HTTP Data Received,KB,min,119.02
6,1789646518411513856,1789646528411513856,HTTP Data Received,KB,max,132.00
6,1789646518411513856,1789646528411513856,HTTP Data Received,KB,sum,4029.13
6,1789646518411513856,1789646528411513856,HTTP Data Received,KB,p1,119.66
6,1789646518411513856,1789646528411513856,HTTP Data Received,KB,p5,121.53
6,1789646518411513856,1789646528411513856,HTTP Data Received,KB,p10,123.40
6,1789646518411513856,1789646528411513856,HTTP Data Received,KB,p25,124.85
6,1789646518411513856,1789646528411513856,HTTP Data Received,KB,p50,125.59
6,1789646518411513856,1789646528411513856,HTTP Data Received,KB,p75,126.70
6,1789646518411513856,1789646528411513856,HTTP Data Received,KB,p90,130.05
6,1789646518411513856,1789646528411513856,HTTP Data Received,KB,p95,131.57
6,1789646518411513856,1789646528411513856,HTTP Data Received,KB,p99,131.91
6,1789646518411513856,1789646528411513856,HTTP Data Received,KB,std,2.77
6,1789646518411513856,1789646528411513856,HTTP Data Sent,KB,avg,4.57
6,1789646518411513856,1789646528411513856,HTTP Data Sent,KB,min,4.08
6,1789646518411513856,1789646528411513856,HTTP Data Sent,KB,max,4.96
6,1789646518411513856,1789646528411513856,HTTP Data Sent,KB,sum,146.10
6,1789646518411513856,1789646528411513856,HTTP Data Sent,KB,p1,4.10
6,1789646518411513856,1789646528411513856,HTTP Data Sent,KB,p5,4.28
6,1789646518411513856,1789646528411513856,HTTP Data Sent,KB,p10,4.38
6,1789646518411513856,1789646528411513856,HTTP Data Sent,KB,p25,4.47
6,1789646518411513856,1789646528411513856,HTTP Data Sent,KB,p50,4.54
6,1789646518411513856,1789646528411513856,HTTP Data Sent,KB,p75,4.67
6,1789646518411513856,1789646528411513856,HTTP Data Sent,KB,p90,4.83
6,1789646518411513856,1789646528411513856,HTTP Data Sent,KB,p95,4.86
6,1789646518411513856,1789646528411513856,HTTP Data Sent,KB,p99,4.93
6,1789646518411513856,1789646528411513856,HTTP Data Sent,KB,std,0.19
6,1789646518411513856,1789646528411513856,HTTP DNS Lookup,ms,avg,0.00
6,1789646518411513856,1789646528411513856,HTTP DNS Lookup,ms,min,0.00
6,1789646518411513856,1789646528411513856,HTTP DNS Lookup,ms,max,0.00
6,1789646518411513856,1789646528411513856,HTTP DNS Lookup,ms,sum,0.00
6,1789646518411513856,1789646528411513856,HTTP DNS Lookup,ms,p1,0.00
6,1789646518411513856,1789646528411513856,HTTP DNS Lookup,ms,p5,0.00
6,1789646518411513856,1789646528411513856,HTTP DNS Lookup,ms,p10,0.00
6,1789646518411513856,1789646528411513856,HTTP DNS Lookup,ms,p25,0.00
6,1789646518411513856,1789646528411513856,HTTP DNS Lookup,ms,p50,0.00
6,1789646518411513856,1789646528411513856,HTTP DNS Lookup,ms,p75,0.00
6,1789646518411513856,1789646528411513856,HTTP DNS Lookup,ms,p90,0.00
6,1789646518411513856,1789646528411513856,HTTP DNS Lookup,ms,p95,0.00
6,1789646518411513856,1789646528411513856,HTTP DNS Lookup,ms,p99,0.00
6,1789646518411513856,1789646528411513856,HTTP DNS Lookup,ms,std,0.00
6,1789646518411513856,1789646528411513856,HTTP Duration (excl. conn),ms,avg,7954.22
6,1789646518411513856,1789646528411513856,HTTP Duration (excl. conn),ms,min,7950.61
6,1789646518411513856,1789646528411513856,HTTP Duration (excl. conn),ms,max,7956.91
6,1789646518411513856,1789646528411513856,HTTP Duration (excl. conn),ms,sum,254534.90
6,1789646518411513856,1789646528411513856,HTTP Duration (excl. conn),ms,p1,7950.77
6,1789646518411513856,1789646528411513856,HTTP Duration (excl. conn),ms,p5,7951.14
6,1789646518411513856,1789646528411513856,HTTP Duration (excl. conn),ms,p10,7951.20
6,1789646518411513856,1789646528411513856,HTTP Duration (excl. conn),ms,p25,7951.26
6,1789646518411513856,1789646528411513856,HTTP Duration (excl. conn),ms,p50,7955.19
6,1789646518411513856,1789646528411513856,HTTP Duration (excl. conn),ms,p75,7955.23
6,1789646518411513856,1789646528411513856,HTTP Duration (excl. conn),ms,p90,7955.35
6,1789646518411513856,1789646528411513856,HTTP Duration (excl. conn),ms,p95,7956.84
6,1789646518411513856,1789646528411513856,HTTP Duration (excl. conn),ms,p99,7956.91
6,1789646518411513856,1789646528411513856,HTTP Duration (excl. conn),ms,std,1.99
6,1789646518411513856,1789646528411513856,HTTP Receiving,ms,avg,7525.59
6,1789646518411513856,1789646528411513856,HTTP Receiving,ms,min,7473.83
6,1789646518411513856,1789646528411513856,HTTP Receiving,ms,max,7731.08
6,1789646518411513856,1789646528411513856,HTTP Receiving,ms,sum,240818.76
6,1789646518411513856,1789646528411513856,HTTP Receiving,ms,p1,7473.83
6,1789646518411513856,1789646528411513856,HTTP Receiving,ms,p5,7473.84
6,1789646518411513856,1789646528411513856,HTTP Receiving,ms,p10,7473.85
6,1789646518411513856,1789646528411513856,HTTP Receiving,ms,p25,7473.88
6,1789646518411513856,1789646528411513856,HTTP Receiving,ms,p50,7473.91
6,1789646518411513856,1789646528411513856,HTTP Receiving,ms,p75,7586.04
6,1789646518411513856,1789646528411513856,HTTP Receiving,ms,p90,7635.04
6,1789646518411513856,1789646528411513856,HTTP Receiving,ms,p95,7640.58
6,1789646518411513856,1789646528411513856,HTTP Receiving,ms,p99,7703.05
6,1789646518411513856,1789646528411513856,HTTP Receiving,ms,std,71.72
6,1789646518411513856,1789646528411513856,HTTP Sending,ms,avg,0.14
6,1789646518411513856,1789646528411513856,HTTP Sending,ms,min,0.12
6,1789646518411513856,1789646528411513856,HTTP Sending,ms,max,0.15
6,1789646518411513856,1789646528411513856,HTTP Sending,ms,sum,4.34
6,1789646518411513856,1789646528411513856,HTTP Sending,ms,p1,0.12
6,1789646518411513856,1789646528411513856,HTTP Sending,ms,p5,0.13
6,1789646518411513856,1789646528411513856,HTTP Sending,ms,p10,0.13
6,1789646518411513856,1789646528411513856,HTTP Sending,ms,p25,0.13
6,1789646518411513856,1789646528411513856,HTTP Sending,ms,p50,0.14
6,1789646518411513856,1789646528411513856,HTTP Sending,ms,p75,0.14
6,1789646518411513856,1789646528411513856,HTTP Sending,ms,p90,0.14
6,1789646518411513856,1789646528411513856,HTTP Sending,ms,p95,0.14
6,1789646518411513856,1789646528411513856,HTTP Sending,ms,p99,0.15
6,1789646518411513856,1789646528411513856,HTTP Sending,ms,std,0.01
6,1789646518411513856,1789646528411513856,HTTP Total Time,ms,avg,7954.22
6,1789646518411513856,1789646528411513856,HTTP Total Time,ms,min,7950.61
6,1789646518411513856,1789646528411513856,HTTP Total Time,ms,max,7956.91
6,1789646518411513856,1789646528411513856,HTTP Total Time,ms,sum,254534.90
6,1789646518411513856,1789646528411513856,HTTP Total Time,ms,p1,7950.77
6,1789646518411513856,1789646528411513856,HTTP Total Time,ms,p5,7951.14
6,1789646518411513856,1789646528411513856,HTTP Total Time,ms,p10,7951.20
6,1789646518411513856,1789646528411513856,HTTP Total Time,ms,p25,7951.26
6,1789646518411513856,1789646528411513856,HTTP Total Time,ms,p50,7955.19
6,1789646518411513856,1789646528411513856,HTTP Total Time,ms,p75,7955.23
6,1789646518411513856,1789646528411513856,HTTP Total Time,ms,p90,7955.35
6,1789646518411513856,1789646528411513856,HTTP Total Time,ms,p95,7956.84
6,1789646518411513856,1789646528411513856,HTTP Total Time,ms,p99,7956.91
6,1789646518411513856,1789646528411513856,HTTP Total Time,ms,std,1.99
6,1789646518411513856,1789646528411513856,HTTP Waiting (TTFB),ms,avg,428.49
6,1789646518411513856,1789646528411513856,HTTP Waiting (TTFB),ms,min,219.41
6,1789646518411513856,1789646528411513856,HTTP Waiting (TTFB),ms,max,481.32
6,1789646518411513856,1789646528411513856,HTTP Waiting (TTFB),ms,sum,13711.79
6,1789646518411513856,1789646528411513856,HTTP Waiting (TTFB),ms,p1,249.35
6,1789646518411513856,1789646528411513856,HTTP Waiting (TTFB),ms,p5,316.15
6,1789646518411513856,1789646528411513856,HTTP Waiting (TTFB),ms,p10,321.15
6,1789646518411513856,1789646528411513856,HTTP Waiting (TTFB),ms,p25,365.03
6,1789646518411513856,1789646528411513856,HTTP Waiting (TTFB),ms,p50,481.13
6,1789646518411513856,1789646528411513856,HTTP Waiting (TTFB),ms,p75,481.20
6,1789646518411513856,1789646528411513856,HTTP Waiting (TTFB),ms,p90,481.24
6,1789646518411513856,1789646528411513856,HTTP Waiting (TTFB),ms,p95,481.29
6,1789646518411513856,1789646528411513856,HTTP Waiting (TTFB),ms,p99,481.31
6,1789646518411513856,1789646528411513856,HTTP Waiting (TTFB),ms,std,72.74
6,1789646518411513856,1789646528411513856,Input Sequence Length,tokens,avg,1107.00
6,1789646518411513856,1789646528411513856,Input Sequence Length,tokens,min,1107.00
6,1789646518411513856,1789646528411513856,Input Sequence Length,tokens,max,1107.00
6,1789646518411513856,1789646528411513856,Input Sequence Length,tokens,sum,35424.00
6,1789646518411513856,1789646528411513856,Input Sequence Length,tokens,p1,1107.00
6,1789646518411513856,1789646528411513856,Input Sequence Length,tokens,p5,1107.00
6,1789646518411513856,1789646528411513856,Input Sequence Length,tokens,p10,1107.00
6,1789646518411513856,1789646528411513856,Input Sequence Length,tokens,p25,1107.00
6,1789646518411513856,1789646528411513856,Input Sequence Length,tokens,p50,1107.00
6,1789646518411513856,1789646528411513856,Input Sequence Length,tokens,p75,1107.00
6,1789646518411513856,1789646528411513856,Input Sequence Length,tokens,p90,1107.00
6,1789646518411513856,1789646528411513856,Input Sequence Length,tokens,p95,1107.00
6,1789646518411513856,1789646528411513856,Input Sequence Length,tokens,p99,1107.00
6,1789646518411513856,1789646528411513856,Input Sequence Length,tokens,std,0.00
6,1789646518411513856,1789646528411513856,Input Token Throughput,tokens/sec,avg,3542.40
6,1789646518411513856,1789646528411513856,Inter Chunk Latency,ms,avg,15.97
6,1789646518411513856,1789646528411513856,Inter Chunk Latency,ms,min,0.93
6,1789646518411513856,1789646528411513856,Inter Chunk Latency,ms,max,169.66
6,1789646518411513856,1789646528411513856,Inter Chunk Latency,ms,sum,240658.63
6,1789646518411513856,1789646528411513856,Inter Chunk Latency,ms,p1,8.70
6,1789646518411513856,1789646528411513856,Inter Chunk Latency,ms,p5,12.96
6,1789646518411513856,1789646528411513856,Inter Chunk Latency,ms,p10,14.14
6,1789646518411513856,1789646528411513856,Inter Chunk Latency,ms,p25,14.56
6,1789646518411513856,1789646528411513856,Inter Chunk Latency,ms,p50,14.96
6,1789646518411513856,1789646528411513856,Inter Chunk Latency,ms,p75,15.32
6,1789646518411513856,1789646528411513856,Inter Chunk Latency,ms,p90,15.71
6,1789646518411513856,1789646528411513856,Inter Chunk Latency,ms,p95,29.30
6,1789646518411513856,1789646528411513856,Inter Chunk Latency,ms,p99,30.85
6,1789646518411513856,1789646528411513856,Inter Chunk Latency,ms,std,6.10
6,1789646518411513856,1789646528411513856,Inter Token Latency,ms,avg,14.72
6,1789646518411513856,1789646528411513856,Inter Token Latency,ms,min,14.54
6,1789646518411513856,1789646528411513856,Inter Token Latency,ms,max,15.10
6,1789646518411513856,1789646528411513856,Inter Token Latency,ms,sum,470.96
6,1789646518411513856,1789646528411513856,Inter Token Latency,ms,p1,14.54
6,1789646518411513856,1789646528411513856,Inter Token Latency,ms,p5,14.54
6,1789646518411513856,1789646528411513856,Inter Token Latency,ms,p10,14.63
6,1789646518411513856,1789646528411513856,Inter Token Latency,ms,p25,14.63
6,1789646518411513856,1789646528411513856,Inter Token Latency,ms,p50,14.63
6,1789646518411513856,1789646528411513856,Inter Token Latency,ms,p75,14.85
6,1789646518411513856,1789646528411513856,Inter Token Latency,ms,p90,14.94
6,1789646518411513856,1789646528411513856,Inter Token Latency,ms,p95,14.95
6,1789646518411513856,1789646528411513856,Inter Token Latency,ms,p99,15.05
6,1789646518411513856,1789646528411513856,Inter Token Latency,ms,std,0.14
6,1789646518411513856,1789646528411513856,OSL Mismatch Count,requests,avg,0.00
6,1789646518411513856,1789646528411513856,OSL Mismatch Diff %,%,avg,0.00
6,1789646518411513856,1789646528411513856,OSL Mismatch Diff %,%,min,0.00
6,1789646518411513856,1789646528411513856,OSL Mismatch Diff %,%,max,0.00
6,1789646518411513856,1789646528411513856,OSL Mismatch Diff %,%,sum,0.00
6,1789646518411513856,1789646528411513856,OSL Mismatch Diff %,%,p1,0.00
6,1789646518411513856,1789646528411513856,OSL Mismatch Diff %,%,p5,0.00
6,1789646518411513856,1789646528411513856,OSL Mismatch Diff %,%,p10,0.00
6,1789646518411513856,1789646528411513856,OSL Mismatch Diff %,%,p25,0.00
6,1789646518411513856,1789646528411513856,OSL Mismatch Diff %,%,p50,0.00
6,1789646518411513856,1789646528411513856,OSL Mismatch Diff %,%,p75,0.00
6,1789646518411513856,1789646528411513856,OSL Mismatch Diff %,%,p90,0.00
6,1789646518411513856,1789646528411513856,OSL Mismatch Diff %,%,p95,0.00
6,1789646518411513856,1789646528411513856,OSL Mismatch Diff %,%,p99,0.00
6,1789646518411513856,1789646528411513856,OSL Mismatch Diff %,%,std,0.00
6,1789646518411513856,1789646528411513856,Output Sequence Length,tokens,avg,512.00
6,1789646518411513856,1789646528411513856,Output Sequence Length,tokens,min,512.00
6,1789646518411513856,1789646528411513856,Output Sequence Length,tokens,max,512.00
6,1789646518411513856,1789646528411513856,Output Sequence Length,tokens,sum,16384.00
6,1789646518411513856,1789646528411513856,Output Sequence Length,tokens,p1,512.00
6,1789646518411513856,1789646528411513856,Output Sequence Length,tokens,p5,512.00
6,1789646518411513856,1789646528411513856,Output Sequence Length,tokens,p10,512.00
6,1789646518411513856,1789646528411513856,Output Sequence Length,tokens,p25,512.00
6,1789646518411513856,1789646528411513856,Output Sequence Length,tokens,p50,512.00
6,1789646518411513856,1789646528411513856,Output Sequence Length,tokens,p75,512.00
6,1789646518411513856,1789646528411513856,Output Sequence Length,tokens,p90,512.00
6,1789646518411513856,1789646528411513856,Output Sequence Length,tokens,p95,512.00
6,1789646518411513856,1789646528411513856,Output Sequence Length,tokens,p99,512.00
6,1789646518411513856,1789646528411513856,Output Sequence Length,tokens,std,0.00
6,1789646518411513856,1789646528411513856,Output Token Throughput,tokens/sec,avg,1638.40
6,1789646518411513856,1789646528411513856,Output Token Throughput Per User,tokens/sec/user,avg,67.95
6,1789646518411513856,1789646528411513856,Output Token Throughput Per User,tokens/sec/user,min,66.23
6,1789646518411513856,1789646528411513856,Output Token Throughput Per User,tokens/sec/user,max,68.76
6,1789646518411513856,1789646528411513856,Output Token Throughput Per User,tokens/sec/user,sum,2174.51
6,1789646518411513856,1789646528411513856,Output Token Throughput Per User,tokens/sec/user,p1,66.43
6,1789646518411513856,1789646528411513856,Output Token Throughput Per User,tokens/sec/user,p5,66.88
6,1789646518411513856,1789646528411513856,Output Token Throughput Per User,tokens/sec/user,p10,66.93
6,1789646518411513856,1789646528411513856,Output Token Throughput Per User,tokens/sec/user,p25,67.36
6,1789646518411513856,1789646528411513856,Output Token Throughput Per User,tokens/sec/user,p50,68.37
6,1789646518411513856,1789646528411513856,Output Token Throughput Per User,tokens/sec/user,p75,68.37
6,1789646518411513856,1789646528411513856,Output Token Throughput Per User,tokens/sec/user,p90,68.37
6,1789646518411513856,1789646528411513856,Output Token Throughput Per User,tokens/sec/user,p95,68.76
6,1789646518411513856,1789646528411513856,Output Token Throughput Per User,tokens/sec/user,p99,68.76
6,1789646518411513856,1789646528411513856,Output Token Throughput Per User,tokens/sec/user,std,0.66
6,1789646518411513856,1789646528411513856,Overall Usage Prompt Cache Read %,%,avg,92.50
6,1789646518411513856,1789646528411513856,Prefill Throughput Per User,tokens/sec/user,avg,2680.60
6,1789646518411513856,1789646528411513856,Prefill Throughput Per User,tokens/sec/user,min,2298.99
6,1789646518411513856,1789646528411513856,Prefill Throughput Per User,tokens/sec/user,max,5041.32
6,1789646518411513856,1789646528411513856,Prefill Throughput Per User,tokens/sec/user,sum,85779.24
6,1789646518411513856,1789646528411513856,Prefill Throughput Per User,tokens/sec/user,p1,2299.00
6,1789646518411513856,1789646528411513856,Prefill Throughput Per User,tokens/sec/user,p5,2299.13
6,1789646518411513856,1789646528411513856,Prefill Throughput Per User,tokens/sec/user,p10,2299.36
6,1789646518411513856,1789646528411513856,Prefill Throughput Per User,tokens/sec/user,p25,2299.54
6,1789646518411513856,1789646528411513856,Prefill Throughput Per User,tokens/sec/user,p50,2299.87
6,1789646518411513856,1789646528411513856,Prefill Throughput Per User,tokens/sec/user,p75,3031.02
6,1789646518411513856,1789646528411513856,Prefill Throughput Per User,tokens/sec/user,p90,3451.29
6,1789646518411513856,1789646528411513856,Prefill Throughput Per User,tokens/sec/user,p95,3499.44
6,1789646518411513856,1789646528411513856,Prefill Throughput Per User,tokens/sec/user,p99,4563.83
6,1789646518411513856,1789646528411513856,Prefill Throughput Per User,tokens/sec/user,std,598.64
6,1789646518411513856,1789646528411513856,Reasoning Token Count,tokens,avg,512.00
6,1789646518411513856,1789646528411513856,Reasoning Token Count,tokens,min,512.00
6,1789646518411513856,1789646528411513856,Reasoning Token Count,tokens,max,512.00
6,1789646518411513856,1789646528411513856,Reasoning Token Count,tokens,sum,16384.00
6,1789646518411513856,1789646528411513856,Reasoning Token Count,tokens,p1,512.00
6,1789646518411513856,1789646528411513856,Reasoning Token Count,tokens,p5,512.00
6,1789646518411513856,1789646528411513856,Reasoning Token Count,tokens,p10,512.00
6,1789646518411513856,1789646528411513856,Reasoning Token Count,tokens,p25,512.00
6,1789646518411513856,1789646528411513856,Reasoning Token Count,tokens,p50,512.00
6,1789646518411513856,1789646528411513856,Reasoning Token Count,tokens,p75,512.00
6,1789646518411513856,1789646528411513856,Reasoning Token Count,tokens,p90,512.00
6,1789646518411513856,1789646528411513856,Reasoning Token Count,tokens,p95,512.00
6,1789646518411513856,1789646528411513856,Reasoning Token Count,tokens,p99,512.00
6,1789646518411513856,1789646528411513856,Reasoning Token Count,tokens,std,0.00
6,1789646518411513856,1789646528411513856,Request Count,requests,avg,32.00
6,1789646518411513856,1789646528411513856,Request Latency,ms,avg,7949.27
6,1789646518411513856,1789646528411513856,Request Latency,ms,min,7913.05
6,1789646518411513856,1789646528411513856,Request Latency,ms,max,7956.97
6,1789646518411513856,1789646528411513856,Request Latency,ms,sum,254376.76
6,1789646518411513856,1789646528411513856,Request Latency,ms,p1,7913.05
6,1789646518411513856,1789646528411513856,Request Latency,ms,p5,7913.12
6,1789646518411513856,1789646528411513856,Request Latency,ms,p10,7933.85
6,1789646518411513856,1789646528411513856,Request Latency,ms,p25,7951.25
6,1789646518411513856,1789646528411513856,Request Latency,ms,p50,7955.20
6,1789646518411513856,1789646528411513856,Request Latency,ms,p75,7955.28
6,1789646518411513856,1789646528411513856,Request Latency,ms,p90,7955.36
6,1789646518411513856,1789646528411513856,Request Latency,ms,p95,7956.90
6,1789646518411513856,1789646528411513856,Request Latency,ms,p99,7956.97
6,1789646518411513856,1789646528411513856,Request Latency,ms,std,12.74
6,1789646518411513856,1789646528411513856,Request Throughput,requests/sec,avg,3.20
6,1789646518411513856,1789646528411513856,Time to First Token,ms,avg,428.69
6,1789646518411513856,1789646528411513856,Time to First Token,ms,min,219.59
6,1789646518411513856,1789646528411513856,Time to First Token,ms,max,481.51
6,1789646518411513856,1789646528411513856,Time to First Token,ms,sum,13718.13
6,1789646518411513856,1789646528411513856,Time to First Token,ms,p1,249.53
6,1789646518411513856,1789646528411513856,Time to First Token,ms,p5,316.34
6,1789646518411513856,1789646528411513856,Time to First Token,ms,p10,321.34
6,1789646518411513856,1789646528411513856,Time to First Token,ms,p25,365.22
6,1789646518411513856,1789646528411513856,Time to First Token,ms,p50,481.33
6,1789646518411513856,1789646528411513856,Time to First Token,ms,p75,481.40
6,1789646518411513856,1789646528411513856,Time to First Token,ms,p90,481.44
6,1789646518411513856,1789646528411513856,Time to First Token,ms,p95,481.49
6,1789646518411513856,1789646528411513856,Time to First Token,ms,p99,481.51
6,1789646518411513856,1789646528411513856,Time to First Token,ms,std,72.74
6,1789646518411513856,1789646528411513856,Time to Second Token,ms,avg,45.45
6,1789646518411513856,1789646528411513856,Time to Second Token,ms,min,0.93
6,1789646518411513856,1789646528411513856,Time to Second Token,ms,max,162.40
6,1789646518411513856,1789646528411513856,Time to Second Token,ms,sum,1454.40
6,1789646518411513856,1789646528411513856,Time to Second Token,ms,p1,0.96
6,1789646518411513856,1789646528411513856,Time to Second Token,ms,p5,1.04
6,1789646518411513856,1789646528411513856,Time to Second Token,ms,p10,2.72
6,1789646518411513856,1789646528411513856,Time to Second Token,ms,p25,2.73
6,1789646518411513856,1789646528411513856,Time to Second Token,ms,p50,2.77
6,1789646518411513856,1789646528411513856,Time to Second Token,ms,p75,154.17
6,1789646518411513856,1789646528411513856,Time to Second Token,ms,p90,154.26
6,1789646518411513856,1789646528411513856,Time to Second Token,ms,p95,154.30
6,1789646518411513856,1789646528411513856,Time to Second Token,ms,p99,159.89
6,1789646518411513856,1789646528411513856,Time to Second Token,ms,std,68.64
6,1789646518411513856,1789646528411513856,Tokens In Flight,tokens,avg,41928.74
6,1789646518411513856,1789646528411513856,Tokens In Flight,tokens,min,14816.83
6,1789646518411513856,1789646528411513856,Tokens In Flight,tokens,max,51749.14
6,1789646518411513856,1789646528411513856,Tokens In Flight,tokens,p50,41179.61
6,1789646518411513856,1789646528411513856,Tokens In Flight,tokens,p90,49651.67
6,1789646518411513856,1789646528411513856,Tokens In Flight,tokens,p95,50688.98
6,1789646518411513856,1789646528411513856,Tokens In Flight,tokens,p99,51529.36
6,1789646518411513856,1789646528411513856,Tokens In Flight,tokens,std,5197.84
6,1789646518411513856,1789646528411513856,Total Input Sequence Length,tokens,avg,35424.00
6,1789646518411513856,1789646528411513856,Total Output Sequence Length,tokens,avg,16384.00
6,1789646518411513856,1789646528411513856,Total Reasoning Tokens,tokens,avg,16384.00
6,1789646518411513856,1789646528411513856,Total Token Throughput,tokens/sec,avg,5180.80
6,1789646518411513856,1789646528411513856,Total Usage Completion Tokens,tokens,avg,16384.00
6,1789646518411513856,1789646528411513856,Total Usage Prompt Cache Read Tokens,tokens,avg,32768.00
6,1789646518411513856,1789646528411513856,Total Usage Prompt Tokens,tokens,avg,35424.00
6,1789646518411513856,1789646528411513856,Total Usage Reasoning Tokens,tokens,avg,16384.00
6,1789646518411513856,1789646528411513856,Total Usage Total Tokens,tokens,avg,51808.00
6,1789646518411513856,1789646528411513856,Usage Completion Tokens,tokens,avg,512.00
6,1789646518411513856,1789646528411513856,Usage Completion Tokens,tokens,min,512.00
6,1789646518411513856,1789646528411513856,Usage Completion Tokens,tokens,max,512.00
6,1789646518411513856,1789646528411513856,Usage Completion Tokens,tokens,sum,16384.00
6,1789646518411513856,1789646528411513856,Usage Completion Tokens,tokens,p1,512.00
6,1789646518411513856,1789646528411513856,Usage Completion Tokens,tokens,p5,512.00
6,1789646518411513856,1789646528411513856,Usage Completion Tokens,tokens,p10,512.00
6,1789646518411513856,1789646528411513856,Usage Completion Tokens,tokens,p25,512.00
6,1789646518411513856,1789646528411513856,Usage Completion Tokens,tokens,p50,512.00
6,1789646518411513856,1789646528411513856,Usage Completion Tokens,tokens,p75,512.00
6,1789646518411513856,1789646528411513856,Usage Completion Tokens,tokens,p90,512.00
6,1789646518411513856,1789646528411513856,Usage Completion Tokens,tokens,p95,512.00
6,1789646518411513856,1789646528411513856,Usage Completion Tokens,tokens,p99,512.00
6,1789646518411513856,1789646528411513856,Usage Completion Tokens,tokens,std,0.00
6,1789646518411513856,1789646528411513856,Usage Prompt Cache Read Tokens,tokens,avg,1024.00
6,1789646518411513856,1789646528411513856,Usage Prompt Cache Read Tokens,tokens,min,1024.00
6,1789646518411513856,1789646528411513856,Usage Prompt Cache Read Tokens,tokens,max,1024.00
6,1789646518411513856,1789646528411513856,Usage Prompt Cache Read Tokens,tokens,sum,32768.00
6,1789646518411513856,1789646528411513856,Usage Prompt Cache Read Tokens,tokens,p1,1024.00
6,1789646518411513856,1789646528411513856,Usage Prompt Cache Read Tokens,tokens,p5,1024.00
6,1789646518411513856,1789646528411513856,Usage Prompt Cache Read Tokens,tokens,p10,1024.00
6,1789646518411513856,1789646528411513856,Usage Prompt Cache Read Tokens,tokens,p25,1024.00
6,1789646518411513856,1789646528411513856,Usage Prompt Cache Read Tokens,tokens,p50,1024.00
6,1789646518411513856,1789646528411513856,Usage Prompt Cache Read Tokens,tokens,p75,1024.00
6,1789646518411513856,1789646528411513856,Usage Prompt Cache Read Tokens,tokens,p90,1024.00
6,1789646518411513856,1789646528411513856,Usage Prompt Cache Read Tokens,tokens,p95,1024.00
6,1789646518411513856,1789646528411513856,Usage Prompt Cache Read Tokens,tokens,p99,1024.00
6,1789646518411513856,1789646528411513856,Usage Prompt Cache Read Tokens,tokens,std,0.00
6,1789646518411513856,1789646528411513856,Usage Prompt Tokens,tokens,avg,1107.00
6,1789646518411513856,1789646528411513856,Usage Prompt Tokens,tokens,min,1107.00
6,1789646518411513856,1789646528411513856,Usage Prompt Tokens,tokens,max,1107.00
6,1789646518411513856,1789646528411513856,Usage Prompt Tokens,tokens,sum,35424.00
6,1789646518411513856,1789646528411513856,Usage Prompt Tokens,tokens,p1,1107.00
6,1789646518411513856,1789646528411513856,Usage Prompt Tokens,tokens,p5,1107.00
6,1789646518411513856,1789646528411513856,Usage Prompt Tokens,tokens,p10,1107.00
6,1789646518411513856,1789646528411513856,Usage Prompt Tokens,tokens,p25,1107.00
6,1789646518411513856,1789646528411513856,Usage Prompt Tokens,tokens,p50,1107.00
6,1789646518411513856,1789646528411513856,Usage Prompt Tokens,tokens,p75,1107.00
6,1789646518411513856,1789646528411513856,Usage Prompt Tokens,tokens,p90,1107.00
6,1789646518411513856,1789646528411513856,Usage Prompt Tokens,tokens,p95,1107.00
6,1789646518411513856,1789646528411513856,Usage Prompt Tokens,tokens,p99,1107.00
6,1789646518411513856,1789646528411513856,Usage Prompt Tokens,tokens,std,0.00
6,1789646518411513856,1789646528411513856,Usage Reasoning Tokens,tokens,avg,512.00
6,1789646518411513856,1789646528411513856,Usage Reasoning Tokens,tokens,min,512.00
6,1789646518411513856,1789646528411513856,Usage Reasoning Tokens,tokens,max,512.00
6,1789646518411513856,1789646528411513856,Usage Reasoning Tokens,tokens,sum,16384.00
6,1789646518411513856,1789646528411513856,Usage Reasoning Tokens,tokens,p1,512.00
6,1789646518411513856,1789646528411513856,Usage Reasoning Tokens,tokens,p5,512.00
6,1789646518411513856,1789646528411513856,Usage Reasoning Tokens,tokens,p10,512.00
6,1789646518411513856,1789646528411513856,Usage Reasoning Tokens,tokens,p25,512.00
6,1789646518411513856,1789646528411513856,Usage Reasoning Tokens,tokens,p50,512.00
6,1789646518411513856,1789646528411513856,Usage Reasoning Tokens,tokens,p75,512.00
6,1789646518411513856,1789646528411513856,Usage Reasoning Tokens,tokens,p90,512.00
6,1789646518411513856,1789646528411513856,Usage Reasoning Tokens,tokens,p95,512.00
6,1789646518411513856,1789646528411513856,Usage Reasoning Tokens,tokens,p99,512.00
6,1789646518411513856,1789646528411513856,Usage Reasoning Tokens,tokens,std,0.00
6,1789646518411513856,1789646528411513856,Usage Total Tokens,tokens,avg,1619.00
6,1789646518411513856,1789646528411513856,Usage Total Tokens,tokens,min,1619.00
6,1789646518411513856,1789646528411513856,Usage Total Tokens,tokens,max,1619.00
6,1789646518411513856,1789646528411513856,Usage Total Tokens,tokens,sum,51808.00
6,1789646518411513856,1789646528411513856,Usage Total Tokens,tokens,p1,1619.00
6,1789646518411513856,1789646528411513856,Usage Total Tokens,tokens,p5,1619.00
6,1789646518411513856,1789646528411513856,Usage Total Tokens,tokens,p10,1619.00
6,1789646518411513856,1789646528411513856,Usage Total Tokens,tokens,p25,1619.00
6,1789646518411513856,1789646528411513856,Usage Total Tokens,tokens,p50,1619.00
6,1789646518411513856,1789646528411513856,Usage Total Tokens,tokens,p75,1619.00
6,1789646518411513856,1789646528411513856,Usage Total Tokens,tokens,p90,1619.00
6,1789646518411513856,1789646528411513856,Usage Total Tokens,tokens,p95,1619.00
6,1789646518411513856,1789646528411513856,Usage Total Tokens,tokens,p99,1619.00
6,1789646518411513856,1789646528411513856,Usage Total Tokens,tokens,std,0.00
7,1789646528411513856,1789646538411513856,Active Decode Throughput,tokens/sec,avg,2096.74
7,1789646528411513856,1789646538411513856,Active Decode Throughput,tokens/sec,min,7.19
7,1789646528411513856,1789646538411513856,Active Decode Throughput,tokens/sec,max,10275.50
7,1789646528411513856,1789646538411513856,Active Decode Throughput,tokens/sec,p50,2179.25
7,1789646528411513856,1789646538411513856,Active Decode Throughput,tokens/sec,p90,2313.96
7,1789646528411513856,1789646538411513856,Active Decode Throughput,tokens/sec,p95,2382.77
7,1789646528411513856,1789646538411513856,Active Decode Throughput,tokens/sec,p99,3063.08
7,1789646528411513856,1789646538411513856,Active Decode Throughput,tokens/sec,std,531.81
7,1789646528411513856,1789646538411513856,Active Decode Throughput Per User,tokens/sec/user,avg,65.85
7,1789646528411513856,1789646538411513856,Active Decode Throughput Per User,tokens/sec/user,min,4.27
7,1789646528411513856,1789646538411513856,Active Decode Throughput Per User,tokens/sec/user,max,354.33
7,1789646528411513856,1789646538411513856,Active Decode Throughput Per User,tokens/sec/user,p50,68.10
7,1789646528411513856,1789646538411513856,Active Decode Throughput Per User,tokens/sec/user,p90,72.31
7,1789646528411513856,1789646538411513856,Active Decode Throughput Per User,tokens/sec/user,p95,74.46
7,1789646528411513856,1789646538411513856,Active Decode Throughput Per User,tokens/sec/user,p99,95.72
7,1789646528411513856,1789646538411513856,Active Decode Throughput Per User,tokens/sec/user,std,15.62
7,1789646528411513856,1789646538411513856,Active Prefill Throughput,tokens/sec,avg,65854.54
7,1789646528411513856,1789646538411513856,Active Prefill Throughput,tokens/sec,min,3583.17
7,1789646528411513856,1789646538411513856,Active Prefill Throughput,tokens/sec,max,81730.40
7,1789646528411513856,1789646538411513856,Active Prefill Throughput,tokens/sec,p50,75877.04
7,1789646528411513856,1789646538411513856,Active Prefill Throughput,tokens/sec,p90,81730.40
7,1789646528411513856,1789646538411513856,Active Prefill Throughput,tokens/sec,p95,81730.40
7,1789646528411513856,1789646538411513856,Active Prefill Throughput,tokens/sec,p99,81730.40
7,1789646528411513856,1789646538411513856,Active Prefill Throughput,tokens/sec,std,19077.82
7,1789646528411513856,1789646538411513856,Active Prefill Throughput Per User,tokens/sec/user,avg,2714.87
7,1789646528411513856,1789646538411513856,Active Prefill Throughput Per User,tokens/sec/user,min,2492.55
7,1789646528411513856,1789646538411513856,Active Prefill Throughput Per User,tokens/sec/user,max,4900.83
7,1789646528411513856,1789646538411513856,Active Prefill Throughput Per User,tokens/sec/user,p50,2616.45
7,1789646528411513856,1789646538411513856,Active Prefill Throughput Per User,tokens/sec/user,p90,3255.84
7,1789646528411513856,1789646538411513856,Active Prefill Throughput Per User,tokens/sec/user,p95,3255.84
7,1789646528411513856,1789646538411513856,Active Prefill Throughput Per User,tokens/sec/user,p99,4900.83
7,1789646528411513856,1789646538411513856,Active Prefill Throughput Per User,tokens/sec/user,std,447.04
7,1789646528411513856,1789646538411513856,Active Total Throughput,tokens/sec,avg,5626.73
7,1789646528411513856,1789646538411513856,Active Total Throughput,tokens/sec,min,2106.95
7,1789646528411513856,1789646538411513856,Active Total Throughput,tokens/sec,max,81796.90
7,1789646528411513856,1789646538411513856,Active Total Throughput,tokens/sec,p50,2173.05
7,1789646528411513856,1789646538411513856,Active Total Throughput,tokens/sec,p90,2185.74
7,1789646528411513856,1789646538411513856,Active Total Throughput,tokens/sec,p95,30870.61
7,1789646528411513856,1789646538411513856,Active Total Throughput,tokens/sec,p99,81796.90
7,1789646528411513856,1789646538411513856,Active Total Throughput,tokens/sec,std,15095.49
7,1789646528411513856,1789646538411513856,Benchmark Duration,sec,avg,8.13
7,1789646528411513856,1789646538411513856,Decode Duration,ms,avg,7480.17
7,1789646528411513856,1789646538411513856,Decode Duration,ms,min,7390.88
7,1789646528411513856,1789646538411513856,Decode Duration,ms,max,7683.57
7,1789646528411513856,1789646538411513856,Decode Duration,ms,sum,239365.56
7,1789646528411513856,1789646538411513856,Decode Duration,ms,p1,7402.85
7,1789646528411513856,1789646538411513856,Decode Duration,ms,p5,7429.50
7,1789646528411513856,1789646538411513856,Decode Duration,ms,p10,7429.52
7,1789646528411513856,1789646538411513856,Decode Duration,ms,p25,7429.53
7,1789646528411513856,1789646538411513856,Decode Duration,ms,p50,7429.57
7,1789646528411513856,1789646538411513856,Decode Duration,ms,p75,7545.61
7,1789646528411513856,1789646538411513856,Decode Duration,ms,p90,7588.92
7,1789646528411513856,1789646538411513856,Decode Duration,ms,p95,7593.83
7,1789646528411513856,1789646538411513856,Decode Duration,ms,p99,7655.77
7,1789646528411513856,1789646538411513856,Decode Duration,ms,std,72.70
7,1789646528411513856,1789646538411513856,E2E Output Token Throughput,tokens/sec/user,avg,64.78
7,1789646528411513856,1789646538411513856,E2E Output Token Throughput,tokens/sec/user,min,64.73
7,1789646528411513856,1789646538411513856,E2E Output Token Throughput,tokens/sec/user,max,65.09
7,1789646528411513856,1789646538411513856,E2E Output Token Throughput,tokens/sec/user,sum,2072.87
7,1789646528411513856,1789646538411513856,E2E Output Token Throughput,tokens/sec/user,p1,64.73
7,1789646528411513856,1789646538411513856,E2E Output Token Throughput,tokens/sec/user,p5,64.74
7,1789646528411513856,1789646538411513856,E2E Output Token Throughput,tokens/sec/user,p10,64.74
7,1789646528411513856,1789646538411513856,E2E Output Token Throughput,tokens/sec/user,p25,64.76
7,1789646528411513856,1789646538411513856,E2E Output Token Throughput,tokens/sec/user,p50,64.77
7,1789646528411513856,1789646538411513856,E2E Output Token Throughput,tokens/sec/user,p75,64.77
7,1789646528411513856,1789646538411513856,E2E Output Token Throughput,tokens/sec/user,p90,64.79
7,1789646528411513856,1789646538411513856,E2E Output Token Throughput,tokens/sec/user,p95,64.83
7,1789646528411513856,1789646538411513856,E2E Output Token Throughput,tokens/sec/user,p99,65.02
7,1789646528411513856,1789646538411513856,E2E Output Token Throughput,tokens/sec/user,std,0.06
7,1789646528411513856,1789646538411513856,Effective Concurrency,requests,avg,31.99
7,1789646528411513856,1789646538411513856,Effective Concurrency,requests,min,12.00
7,1789646528411513856,1789646538411513856,Effective Concurrency,requests,max,32.00
7,1789646528411513856,1789646538411513856,Effective Concurrency,requests,p50,32.00
7,1789646528411513856,1789646538411513856,Effective Concurrency,requests,p90,32.00
7,1789646528411513856,1789646538411513856,Effective Concurrency,requests,p95,32.00
7,1789646528411513856,1789646538411513856,Effective Concurrency,requests,p99,32.00
7,1789646528411513856,1789646538411513856,Effective Concurrency,requests,std,0.39
7,1789646528411513856,1789646538411513856,Effective Decode Concurrency,requests,avg,30.63
7,1789646528411513856,1789646538411513856,Effective Decode Concurrency,requests,min,1.00
7,1789646528411513856,1789646538411513856,Effective Decode Concurrency,requests,max,32.00
7,1789646528411513856,1789646538411513856,Effective Decode Concurrency,requests,p50,32.00
7,1789646528411513856,1789646538411513856,Effective Decode Concurrency,requests,p90,32.00
7,1789646528411513856,1789646538411513856,Effective Decode Concurrency,requests,p95,32.00
7,1789646528411513856,1789646538411513856,Effective Decode Concurrency,requests,p99,32.00
7,1789646528411513856,1789646538411513856,Effective Decode Concurrency,requests,std,5.98
7,1789646528411513856,1789646538411513856,Effective Decode Throughput,tokens/sec,avg,2096.74
7,1789646528411513856,1789646538411513856,Effective Decode Throughput,tokens/sec,min,7.19
7,1789646528411513856,1789646538411513856,Effective Decode Throughput,tokens/sec,max,10275.50
7,1789646528411513856,1789646538411513856,Effective Decode Throughput,tokens/sec,p50,2179.25
7,1789646528411513856,1789646538411513856,Effective Decode Throughput,tokens/sec,p90,2313.96
7,1789646528411513856,1789646538411513856,Effective Decode Throughput,tokens/sec,p95,2382.77
7,1789646528411513856,1789646538411513856,Effective Decode Throughput,tokens/sec,p99,3063.08
7,1789646528411513856,1789646538411513856,Effective Decode Throughput,tokens/sec,std,531.81
7,1789646528411513856,1789646538411513856,Effective Decode Throughput Per User,tokens/sec/user,avg,65.85
7,1789646528411513856,1789646538411513856,Effective Decode Throughput Per User,tokens/sec/user,min,4.27
7,1789646528411513856,1789646538411513856,Effective Decode Throughput Per User,tokens/sec/user,max,354.33
7,1789646528411513856,1789646538411513856,Effective Decode Throughput Per User,tokens/sec/user,p50,68.10
7,1789646528411513856,1789646538411513856,Effective Decode Throughput Per User,tokens/sec/user,p90,72.31
7,1789646528411513856,1789646538411513856,Effective Decode Throughput Per User,tokens/sec/user,p95,74.46
7,1789646528411513856,1789646538411513856,Effective Decode Throughput Per User,tokens/sec/user,p99,95.72
7,1789646528411513856,1789646538411513856,Effective Decode Throughput Per User,tokens/sec/user,std,15.62
7,1789646528411513856,1789646538411513856,Effective Prefill Concurrency,requests,avg,1.36
7,1789646528411513856,1789646538411513856,Effective Prefill Concurrency,requests,min,0.00
7,1789646528411513856,1789646538411513856,Effective Prefill Concurrency,requests,max,31.00
7,1789646528411513856,1789646538411513856,Effective Prefill Concurrency,requests,p50,0.00
7,1789646528411513856,1789646538411513856,Effective Prefill Concurrency,requests,p90,0.00
7,1789646528411513856,1789646538411513856,Effective Prefill Concurrency,requests,p95,9.00
7,1789646528411513856,1789646538411513856,Effective Prefill Concurrency,requests,p99,31.00
7,1789646528411513856,1789646538411513856,Effective Prefill Concurrency,requests,std,5.95
7,1789646528411513856,1789646538411513856,Effective Prefill Throughput,tokens/sec,avg,3542.40
7,1789646528411513856,1789646538411513856,Effective Prefill Throughput,tokens/sec,min,0.00
7,1789646528411513856,1789646538411513856,Effective Prefill Throughput,tokens/sec,max,81730.40
7,1789646528411513856,1789646538411513856,Effective Prefill Throughput,tokens/sec,p50,0.00
7,1789646528411513856,1789646538411513856,Effective Prefill Throughput,tokens/sec,p90,0.00
7,1789646528411513856,1789646538411513856,Effective Prefill Throughput,tokens/sec,p95,29302.54
7,1789646528411513856,1789646538411513856,Effective Prefill Throughput,tokens/sec,p99,81730.40
7,1789646528411513856,1789646538411513856,Effective Prefill Throughput,tokens/sec,std,15502.02
7,1789646528411513856,1789646538411513856,Effective Prefill Throughput Per User,tokens/sec/user,avg,146.04
7,1789646528411513856,1789646538411513856,Effective Prefill Throughput Per User,tokens/sec/user,min,0.00
7,1789646528411513856,1789646538411513856,Effective Prefill Throughput Per User,tokens/sec/user,max,4900.83
7,1789646528411513856,1789646538411513856,Effective Prefill Throughput Per User,tokens/sec/user,p50,0.00
7,1789646528411513856,1789646538411513856,Effective Prefill Throughput Per User,tokens/sec/user,p90,0.00
7,1789646528411513856,1789646538411513856,Effective Prefill Throughput Per User,tokens/sec/user,p95,2492.55
7,1789646528411513856,1789646538411513856,Effective Prefill Throughput Per User,tokens/sec/user,p99,2636.46
7,1789646528411513856,1789646538411513856,Effective Prefill Throughput Per User,tokens/sec/user,std,621.20
7,1789646528411513856,1789646538411513856,Effective Total Throughput,tokens/sec,avg,5626.73
7,1789646528411513856,1789646538411513856,Effective Total Throughput,tokens/sec,min,2106.95
7,1789646528411513856,1789646538411513856,Effective Total Throughput,tokens/sec,max,81796.90
7,1789646528411513856,1789646538411513856,Effective Total Throughput,tokens/sec,p50,2173.05
7,1789646528411513856,1789646538411513856,Effective Total Throughput,tokens/sec,p90,2185.74
7,1789646528411513856,1789646538411513856,Effective Total Throughput,tokens/sec,p95,30870.61
7,1789646528411513856,1789646538411513856,Effective Total Throughput,tokens/sec,p99,81796.90
7,1789646528411513856,1789646538411513856,Effective Total Throughput,tokens/sec,std,15095.49
7,1789646528411513856,1789646538411513856,HTTP Blocked,ms,avg,0.00
7,1789646528411513856,1789646538411513856,HTTP Blocked,ms,min,0.00
7,1789646528411513856,1789646538411513856,HTTP Blocked,ms,max,0.00
7,1789646528411513856,1789646538411513856,HTTP Blocked,ms,sum,0.00
7,1789646528411513856,1789646538411513856,HTTP Blocked,ms,p1,0.00
7,1789646528411513856,1789646538411513856,HTTP Blocked,ms,p5,0.00
7,1789646528411513856,1789646538411513856,HTTP Blocked,ms,p10,0.00
7,1789646528411513856,1789646538411513856,HTTP Blocked,ms,p25,0.00
7,1789646528411513856,1789646538411513856,HTTP Blocked,ms,p50,0.00
7,1789646528411513856,1789646538411513856,HTTP Blocked,ms,p75,0.00
7,1789646528411513856,1789646538411513856,HTTP Blocked,ms,p90,0.00
7,1789646528411513856,1789646538411513856,HTTP Blocked,ms,p95,0.00
7,1789646528411513856,1789646538411513856,HTTP Blocked,ms,p99,0.00
7,1789646528411513856,1789646538411513856,HTTP Blocked,ms,std,0.00
7,1789646528411513856,1789646538411513856,HTTP Chunks Received,count,avg,467.50
7,1789646528411513856,1789646538411513856,HTTP Chunks Received,count,min,423.00
7,1789646528411513856,1789646538411513856,HTTP Chunks Received,count,max,498.00
7,1789646528411513856,1789646538411513856,HTTP Chunks Received,count,sum,14960.00
7,1789646528411513856,1789646538411513856,HTTP Chunks Received,count,p1,430.44
7,1789646528411513856,1789646538411513856,HTTP Chunks Received,count,p5,451.40
7,1789646528411513856,1789646538411513856,HTTP Chunks Received,count,p10,456.10
7,1789646528411513856,1789646538411513856,HTTP Chunks Received,count,p25,461.00
7,1789646528411513856,1789646538411513856,HTTP Chunks Received,count,p50,465.00
7,1789646528411513856,1789646538411513856,HTTP Chunks Received,count,p75,476.00
7,1789646528411513856,1789646538411513856,HTTP Chunks Received,count,p90,483.40
7,1789646528411513856,1789646538411513856,HTTP Chunks Received,count,p95,488.90
7,1789646528411513856,1789646538411513856,HTTP Chunks Received,count,p99,495.52
7,1789646528411513856,1789646538411513856,HTTP Chunks Received,count,std,13.56
7,1789646528411513856,1789646538411513856,HTTP Chunks Sent,count,avg,1.00
7,1789646528411513856,1789646538411513856,HTTP Chunks Sent,count,min,1.00
7,1789646528411513856,1789646538411513856,HTTP Chunks Sent,count,max,1.00
7,1789646528411513856,1789646538411513856,HTTP Chunks Sent,count,sum,32.00
7,1789646528411513856,1789646538411513856,HTTP Chunks Sent,count,p1,1.00
7,1789646528411513856,1789646538411513856,HTTP Chunks Sent,count,p5,1.00
7,1789646528411513856,1789646538411513856,HTTP Chunks Sent,count,p10,1.00
7,1789646528411513856,1789646538411513856,HTTP Chunks Sent,count,p25,1.00
7,1789646528411513856,1789646538411513856,HTTP Chunks Sent,count,p50,1.00
7,1789646528411513856,1789646538411513856,HTTP Chunks Sent,count,p75,1.00
7,1789646528411513856,1789646538411513856,HTTP Chunks Sent,count,p90,1.00
7,1789646528411513856,1789646538411513856,HTTP Chunks Sent,count,p95,1.00
7,1789646528411513856,1789646538411513856,HTTP Chunks Sent,count,p99,1.00
7,1789646528411513856,1789646538411513856,HTTP Chunks Sent,count,std,0.00
7,1789646528411513856,1789646538411513856,HTTP Connecting,ms,avg,0.00
7,1789646528411513856,1789646538411513856,HTTP Connecting,ms,min,0.00
7,1789646528411513856,1789646538411513856,HTTP Connecting,ms,max,0.00
7,1789646528411513856,1789646538411513856,HTTP Connecting,ms,sum,0.00
7,1789646528411513856,1789646538411513856,HTTP Connecting,ms,p1,0.00
7,1789646528411513856,1789646538411513856,HTTP Connecting,ms,p5,0.00
7,1789646528411513856,1789646538411513856,HTTP Connecting,ms,p10,0.00
7,1789646528411513856,1789646538411513856,HTTP Connecting,ms,p25,0.00
7,1789646528411513856,1789646538411513856,HTTP Connecting,ms,p50,0.00
7,1789646528411513856,1789646538411513856,HTTP Connecting,ms,p75,0.00
7,1789646528411513856,1789646538411513856,HTTP Connecting,ms,p90,0.00
7,1789646528411513856,1789646538411513856,HTTP Connecting,ms,p95,0.00
7,1789646528411513856,1789646538411513856,HTTP Connecting,ms,p99,0.00
7,1789646528411513856,1789646538411513856,HTTP Connecting,ms,std,0.00
7,1789646528411513856,1789646538411513856,HTTP Connection Overhead,ms,avg,0.00
7,1789646528411513856,1789646538411513856,HTTP Connection Overhead,ms,min,0.00
7,1789646528411513856,1789646538411513856,HTTP Connection Overhead,ms,max,0.00
7,1789646528411513856,1789646538411513856,HTTP Connection Overhead,ms,sum,0.00
7,1789646528411513856,1789646538411513856,HTTP Connection Overhead,ms,p1,0.00
7,1789646528411513856,1789646538411513856,HTTP Connection Overhead,ms,p5,0.00
7,1789646528411513856,1789646538411513856,HTTP Connection Overhead,ms,p10,0.00
7,1789646528411513856,1789646538411513856,HTTP Connection Overhead,ms,p25,0.00
7,1789646528411513856,1789646538411513856,HTTP Connection Overhead,ms,p50,0.00
7,1789646528411513856,1789646538411513856,HTTP Connection Overhead,ms,p75,0.00
7,1789646528411513856,1789646538411513856,HTTP Connection Overhead,ms,p90,0.00
7,1789646528411513856,1789646538411513856,HTTP Connection Overhead,ms,p95,0.00
7,1789646528411513856,1789646538411513856,HTTP Connection Overhead,ms,p99,0.00
7,1789646528411513856,1789646538411513856,HTTP Connection Overhead,ms,std,0.00
7,1789646528411513856,1789646538411513856,HTTP Connection Reused,ratio,avg,1.00
7,1789646528411513856,1789646538411513856,HTTP Connection Reused,ratio,min,1.00
7,1789646528411513856,1789646538411513856,HTTP Connection Reused,ratio,max,1.00
7,1789646528411513856,1789646538411513856,HTTP Connection Reused,ratio,sum,32.00
7,1789646528411513856,1789646538411513856,HTTP Connection Reused,ratio,p1,1.00
7,1789646528411513856,1789646538411513856,HTTP Connection Reused,ratio,p5,1.00
7,1789646528411513856,1789646538411513856,HTTP Connection Reused,ratio,p10,1.00
7,1789646528411513856,1789646538411513856,HTTP Connection Reused,ratio,p25,1.00
7,1789646528411513856,1789646538411513856,HTTP Connection Reused,ratio,p50,1.00
7,1789646528411513856,1789646538411513856,HTTP Connection Reused,ratio,p75,1.00
7,1789646528411513856,1789646538411513856,HTTP Connection Reused,ratio,p90,1.00
7,1789646528411513856,1789646538411513856,HTTP Connection Reused,ratio,p95,1.00
7,1789646528411513856,1789646538411513856,HTTP Connection Reused,ratio,p99,1.00
7,1789646528411513856,1789646538411513856,HTTP Connection Reused,ratio,std,0.00
7,1789646528411513856,1789646538411513856,HTTP Data Received,KB,avg,124.69
7,1789646528411513856,1789646538411513856,HTTP Data Received,KB,min,112.90
7,1789646528411513856,1789646538411513856,HTTP Data Received,KB,max,132.71
7,1789646528411513856,1789646538411513856,HTTP Data Received,KB,sum,3990.10
7,1789646528411513856,1789646538411513856,HTTP Data Received,KB,p1,114.89
7,1789646528411513856,1789646538411513856,HTTP Data Received,KB,p5,120.42
7,1789646528411513856,1789646538411513856,HTTP Data Received,KB,p10,121.74
7,1789646528411513856,1789646538411513856,HTTP Data Received,KB,p25,122.98
7,1789646528411513856,1789646538411513856,HTTP Data Received,KB,p50,124.13
7,1789646528411513856,1789646538411513856,HTTP Data Received,KB,p75,126.90
7,1789646528411513856,1789646538411513856,HTTP Data Received,KB,p90,128.87
7,1789646528411513856,1789646538411513856,HTTP Data Received,KB,p95,130.36
7,1789646528411513856,1789646538411513856,HTTP Data Received,KB,p99,132.07
7,1789646528411513856,1789646538411513856,HTTP Data Received,KB,std,3.58
7,1789646528411513856,1789646538411513856,HTTP Data Sent,KB,avg,4.54
7,1789646528411513856,1789646538411513856,HTTP Data Sent,KB,min,3.99
7,1789646528411513856,1789646538411513856,HTTP Data Sent,KB,max,4.87
7,1789646528411513856,1789646538411513856,HTTP Data Sent,KB,sum,145.33
7,1789646528411513856,1789646538411513856,HTTP Data Sent,KB,p1,4.05
7,1789646528411513856,1789646538411513856,HTTP Data Sent,KB,p5,4.20
7,1789646528411513856,1789646538411513856,HTTP Data Sent,KB,p10,4.26
7,1789646528411513856,1789646538411513856,HTTP Data Sent,KB,p25,4.45
7,1789646528411513856,1789646538411513856,HTTP Data Sent,KB,p50,4.56
7,1789646528411513856,1789646538411513856,HTTP Data Sent,KB,p75,4.66
7,1789646528411513856,1789646538411513856,HTTP Data Sent,KB,p90,4.81
7,1789646528411513856,1789646538411513856,HTTP Data Sent,KB,p95,4.84
7,1789646528411513856,1789646538411513856,HTTP Data Sent,KB,p99,4.86
7,1789646528411513856,1789646538411513856,HTTP Data Sent,KB,std,0.20
7,1789646528411513856,1789646538411513856,HTTP DNS Lookup,ms,avg,0.00
7,1789646528411513856,1789646538411513856,HTTP DNS Lookup,ms,min,0.00
7,1789646528411513856,1789646538411513856,HTTP DNS Lookup,ms,max,0.00
7,1789646528411513856,1789646538411513856,HTTP DNS Lookup,ms,sum,0.00
7,1789646528411513856,1789646538411513856,HTTP DNS Lookup,ms,p1,0.00
7,1789646528411513856,1789646538411513856,HTTP DNS Lookup,ms,p5,0.00
7,1789646528411513856,1789646538411513856,HTTP DNS Lookup,ms,p10,0.00
7,1789646528411513856,1789646538411513856,HTTP DNS Lookup,ms,p25,0.00
7,1789646528411513856,1789646538411513856,HTTP DNS Lookup,ms,p50,0.00
7,1789646528411513856,1789646538411513856,HTTP DNS Lookup,ms,p75,0.00
7,1789646528411513856,1789646538411513856,HTTP DNS Lookup,ms,p90,0.00
7,1789646528411513856,1789646538411513856,HTTP DNS Lookup,ms,p95,0.00
7,1789646528411513856,1789646538411513856,HTTP DNS Lookup,ms,p99,0.00
7,1789646528411513856,1789646538411513856,HTTP DNS Lookup,ms,std,0.00
7,1789646528411513856,1789646538411513856,HTTP Duration (excl. conn),ms,avg,7905.69
7,1789646528411513856,1789646538411513856,HTTP Duration (excl. conn),ms,min,7902.52
7,1789646528411513856,1789646538411513856,HTTP Duration (excl. conn),ms,max,7909.40
7,1789646528411513856,1789646538411513856,HTTP Duration (excl. conn),ms,sum,252981.98
7,1789646528411513856,1789646538411513856,HTTP Duration (excl. conn),ms,p1,7902.52
7,1789646528411513856,1789646538411513856,HTTP Duration (excl. conn),ms,p5,7902.57
7,1789646528411513856,1789646538411513856,HTTP Duration (excl. conn),ms,p10,7904.74
7,1789646528411513856,1789646538411513856,HTTP Duration (excl. conn),ms,p25,7904.82
7,1789646528411513856,1789646538411513856,HTTP Duration (excl. conn),ms,p50,7904.87
7,1789646528411513856,1789646538411513856,HTTP Duration (excl. conn),ms,p75,7908.39
7,1789646528411513856,1789646538411513856,HTTP Duration (excl. conn),ms,p90,7908.51
7,1789646528411513856,1789646538411513856,HTTP Duration (excl. conn),ms,p95,7908.53
7,1789646528411513856,1789646538411513856,HTTP Duration (excl. conn),ms,p99,7909.13
7,1789646528411513856,1789646538411513856,HTTP Duration (excl. conn),ms,std,1.94
7,1789646528411513856,1789646538411513856,HTTP Receiving,ms,avg,7481.91
7,1789646528411513856,1789646538411513856,HTTP Receiving,ms,min,7429.49
7,1789646528411513856,1789646538411513856,HTTP Receiving,ms,max,7683.58
7,1789646528411513856,1789646538411513856,HTTP Receiving,ms,sum,239421.03
7,1789646528411513856,1789646538411513856,HTTP Receiving,ms,p1,7429.50
7,1789646528411513856,1789646538411513856,HTTP Receiving,ms,p5,7429.52
7,1789646528411513856,1789646538411513856,HTTP Receiving,ms,p10,7429.52
7,1789646528411513856,1789646538411513856,HTTP Receiving,ms,p25,7429.54
7,1789646528411513856,1789646538411513856,HTTP Receiving,ms,p50,7429.57
7,1789646528411513856,1789646538411513856,HTTP Receiving,ms,p75,7545.63
7,1789646528411513856,1789646538411513856,HTTP Receiving,ms,p90,7588.92
7,1789646528411513856,1789646538411513856,HTTP Receiving,ms,p95,7593.83
7,1789646528411513856,1789646538411513856,HTTP Receiving,ms,p99,7655.78
7,1789646528411513856,1789646538411513856,HTTP Receiving,ms,std,71.92
7,1789646528411513856,1789646538411513856,HTTP Sending,ms,avg,0.14
7,1789646528411513856,1789646538411513856,HTTP Sending,ms,min,0.13
7,1789646528411513856,1789646538411513856,HTTP Sending,ms,max,0.15
7,1789646528411513856,1789646538411513856,HTTP Sending,ms,sum,4.43
7,1789646528411513856,1789646538411513856,HTTP Sending,ms,p1,0.13
7,1789646528411513856,1789646538411513856,HTTP Sending,ms,p5,0.13
7,1789646528411513856,1789646538411513856,HTTP Sending,ms,p10,0.13
7,1789646528411513856,1789646538411513856,HTTP Sending,ms,p25,0.13
7,1789646528411513856,1789646538411513856,HTTP Sending,ms,p50,0.14
7,1789646528411513856,1789646538411513856,HTTP Sending,ms,p75,0.14
7,1789646528411513856,1789646538411513856,HTTP Sending,ms,p90,0.14
7,1789646528411513856,1789646538411513856,HTTP Sending,ms,p95,0.15
7,1789646528411513856,1789646538411513856,HTTP Sending,ms,p99,0.15
7,1789646528411513856,1789646538411513856,HTTP Sending,ms,std,0.01
7,1789646528411513856,1789646538411513856,HTTP Total Time,ms,avg,7905.69
7,1789646528411513856,1789646538411513856,HTTP Total Time,ms,min,7902.52
7,1789646528411513856,1789646538411513856,HTTP Total Time,ms,max,7909.40
7,1789646528411513856,1789646538411513856,HTTP Total Time,ms,sum,252981.98
7,1789646528411513856,1789646538411513856,HTTP Total Time,ms,p1,7902.52
7,1789646528411513856,1789646538411513856,HTTP Total Time,ms,p5,7902.57
7,1789646528411513856,1789646538411513856,HTTP Total Time,ms,p10,7904.74
7,1789646528411513856,1789646538411513856,HTTP Total Time,ms,p25,7904.82
7,1789646528411513856,1789646538411513856,HTTP Total Time,ms,p50,7904.87
7,1789646528411513856,1789646538411513856,HTTP Total Time,ms,p75,7908.39
7,1789646528411513856,1789646538411513856,HTTP Total Time,ms,p90,7908.51
7,1789646528411513856,1789646538411513856,HTTP Total Time,ms,p95,7908.53
7,1789646528411513856,1789646538411513856,HTTP Total Time,ms,p99,7909.13
7,1789646528411513856,1789646538411513856,HTTP Total Time,ms,std,1.94
7,1789646528411513856,1789646538411513856,HTTP Waiting (TTFB),ms,avg,423.64
7,1789646528411513856,1789646538411513856,HTTP Waiting (TTFB),ms,min,225.70
7,1789646528411513856,1789646538411513856,HTTP Waiting (TTFB),ms,max,475.25
7,1789646528411513856,1789646538411513856,HTTP Waiting (TTFB),ms,sum,13556.52
7,1789646528411513856,1789646538411513856,HTTP Waiting (TTFB),ms,p1,251.37
7,1789646528411513856,1789646538411513856,HTTP Waiting (TTFB),ms,p5,308.56
7,1789646528411513856,1789646538411513856,HTTP Waiting (TTFB),ms,p10,314.14
7,1789646528411513856,1789646538411513856,HTTP Waiting (TTFB),ms,p25,362.73
7,1789646528411513856,1789646538411513856,HTTP Waiting (TTFB),ms,p50,475.10
7,1789646528411513856,1789646538411513856,HTTP Waiting (TTFB),ms,p75,475.20
7,1789646528411513856,1789646538411513856,HTTP Waiting (TTFB),ms,p90,475.22
7,1789646528411513856,1789646538411513856,HTTP Waiting (TTFB),ms,p95,475.24
7,1789646528411513856,1789646538411513856,HTTP Waiting (TTFB),ms,p99,475.24
7,1789646528411513856,1789646538411513856,HTTP Waiting (TTFB),ms,std,71.07
7,1789646528411513856,1789646538411513856,Input Sequence Length,tokens,avg,1107.00
7,1789646528411513856,1789646538411513856,Input Sequence Length,tokens,min,1107.00
7,1789646528411513856,1789646538411513856,Input Sequence Length,tokens,max,1107.00
7,1789646528411513856,1789646538411513856,Input Sequence Length,tokens,sum,35424.00
7,1789646528411513856,1789646538411513856,Input Sequence Length,tokens,p1,1107.00
7,1789646528411513856,1789646538411513856,Input Sequence Length,tokens,p5,1107.00
7,1789646528411513856,1789646538411513856,Input Sequence Length,tokens,p10,1107.00
7,1789646528411513856,1789646538411513856,Input Sequence Length,tokens,p25,1107.00
7,1789646528411513856,1789646538411513856,Input Sequence Length,tokens,p50,1107.00
7,1789646528411513856,1789646538411513856,Input Sequence Length,tokens,p75,1107.00
7,1789646528411513856,1789646538411513856,Input Sequence Length,tokens,p90,1107.00
7,1789646528411513856,1789646538411513856,Input Sequence Length,tokens,p95,1107.00
7,1789646528411513856,1789646538411513856,Input Sequence Length,tokens,p99,1107.00
7,1789646528411513856,1789646538411513856,Input Sequence Length,tokens,std,0.00
7,1789646528411513856,1789646538411513856,Input Token Throughput,tokens/sec,avg,3542.40
7,1789646528411513856,1789646538411513856,Inter Chunk Latency,ms,avg,16.04
7,1789646528411513856,1789646538411513856,Inter Chunk Latency,ms,min,0.98
7,1789646528411513856,1789646538411513856,Inter Chunk Latency,ms,max,167.20
7,1789646528411513856,1789646538411513856,Inter Chunk Latency,ms,sum,239365.56
7,1789646528411513856,1789646538411513856,Inter Chunk Latency,ms,p1,9.28
7,1789646528411513856,1789646538411513856,Inter Chunk Latency,ms,p5,12.92
7,1789646528411513856,1789646538411513856,Inter Chunk Latency,ms,p10,14.01
7,1789646528411513856,1789646538411513856,Inter Chunk Latency,ms,p25,14.47
7,1789646528411513856,1789646538411513856,Inter Chunk Latency,ms,p50,14.87
7,1789646528411513856,1789646538411513856,Inter Chunk Latency,ms,p75,15.20
7,1789646528411513856,1789646538411513856,Inter Chunk Latency,ms,p90,15.73
7,1789646528411513856,1789646538411513856,Inter Chunk Latency,ms,p95,29.46
7,1789646528411513856,1789646538411513856,Inter Chunk Latency,ms,p99,30.86
7,1789646528411513856,1789646538411513856,Inter Chunk Latency,ms,std,6.34
7,1789646528411513856,1789646538411513856,Inter Token Latency,ms,avg,14.64
7,1789646528411513856,1789646538411513856,Inter Token Latency,ms,min,14.46
7,1789646528411513856,1789646538411513856,Inter Token Latency,ms,max,15.04
7,1789646528411513856,1789646538411513856,Inter Token Latency,ms,sum,468.43
7,1789646528411513856,1789646538411513856,Inter Token Latency,ms,p1,14.49
7,1789646528411513856,1789646538411513856,Inter Token Latency,ms,p5,14.54
7,1789646528411513856,1789646538411513856,Inter Token Latency,ms,p10,14.54
7,1789646528411513856,1789646538411513856,Inter Token Latency,ms,p25,14.54
7,1789646528411513856,1789646538411513856,Inter Token Latency,ms,p50,14.54
7,1789646528411513856,1789646538411513856,Inter Token Latency,ms,p75,14.77
7,1789646528411513856,1789646538411513856,Inter Token Latency,ms,p90,14.85
7,1789646528411513856,1789646538411513856,Inter Token Latency,ms,p95,14.86
7,1789646528411513856,1789646538411513856,Inter Token Latency,ms,p99,14.98
7,1789646528411513856,1789646538411513856,Inter Token Latency,ms,std,0.14
7,1789646528411513856,1789646538411513856,OSL Mismatch Count,requests,avg,0.00
7,1789646528411513856,1789646538411513856,OSL Mismatch Diff %,%,avg,0.00
7,1789646528411513856,1789646538411513856,OSL Mismatch Diff %,%,min,0.00
7,1789646528411513856,1789646538411513856,OSL Mismatch Diff %,%,max,0.00
7,1789646528411513856,1789646538411513856,OSL Mismatch Diff %,%,sum,0.00
7,1789646528411513856,1789646538411513856,OSL Mismatch Diff %,%,p1,0.00
7,1789646528411513856,1789646538411513856,OSL Mismatch Diff %,%,p5,0.00
7,1789646528411513856,1789646538411513856,OSL Mismatch Diff %,%,p10,0.00
7,1789646528411513856,1789646538411513856,OSL Mismatch Diff %,%,p25,0.00
7,1789646528411513856,1789646538411513856,OSL Mismatch Diff %,%,p50,0.00
7,1789646528411513856,1789646538411513856,OSL Mismatch Diff %,%,p75,0.00
7,1789646528411513856,1789646538411513856,OSL Mismatch Diff %,%,p90,0.00
7,1789646528411513856,1789646538411513856,OSL Mismatch Diff %,%,p95,0.00
7,1789646528411513856,1789646538411513856,OSL Mismatch Diff %,%,p99,0.00
7,1789646528411513856,1789646538411513856,OSL Mismatch Diff %,%,std,0.00
7,1789646528411513856,1789646538411513856,Output Sequence Length,tokens,avg,512.00
7,1789646528411513856,1789646538411513856,Output Sequence Length,tokens,min,512.00
7,1789646528411513856,1789646538411513856,Output Sequence Length,tokens,max,512.00
7,1789646528411513856,1789646538411513856,Output Sequence Length,tokens,sum,16384.00
7,1789646528411513856,1789646538411513856,Output Sequence Length,tokens,p1,512.00
7,1789646528411513856,1789646538411513856,Output Sequence Length,tokens,p5,512.00
7,1789646528411513856,1789646538411513856,Output Sequence Length,tokens,p10,512.00
7,1789646528411513856,1789646538411513856,Output Sequence Length,tokens,p25,512.00
7,1789646528411513856,1789646538411513856,Output Sequence Length,tokens,p50,512.00
7,1789646528411513856,1789646538411513856,Output Sequence Length,tokens,p75,512.00
7,1789646528411513856,1789646538411513856,Output Sequence Length,tokens,p90,512.00
7,1789646528411513856,1789646538411513856,Output Sequence Length,tokens,p95,512.00
7,1789646528411513856,1789646538411513856,Output Sequence Length,tokens,p99,512.00
7,1789646528411513856,1789646538411513856,Output Sequence Length,tokens,std,0.00
7,1789646528411513856,1789646538411513856,Output Token Throughput,tokens/sec,avg,1638.40
7,1789646528411513856,1789646538411513856,Output Token Throughput Per User,tokens/sec/user,avg,68.32
7,1789646528411513856,1789646538411513856,Output Token Throughput Per User,tokens/sec/user,min,66.51
7,1789646528411513856,1789646538411513856,Output Token Throughput Per User,tokens/sec/user,max,69.14
7,1789646528411513856,1789646538411513856,Output Token Throughput Per User,tokens/sec/user,sum,2186.25
7,1789646528411513856,1789646538411513856,Output Token Throughput Per User,tokens/sec/user,p1,66.75
7,1789646528411513856,1789646538411513856,Output Token Throughput Per User,tokens/sec/user,p5,67.29
7,1789646528411513856,1789646538411513856,Output Token Throughput Per User,tokens/sec/user,p10,67.34
7,1789646528411513856,1789646538411513856,Output Token Throughput Per User,tokens/sec/user,p25,67.72
7,1789646528411513856,1789646538411513856,Output Token Throughput Per User,tokens/sec/user,p50,68.78
7,1789646528411513856,1789646538411513856,Output Token Throughput Per User,tokens/sec/user,p75,68.78
7,1789646528411513856,1789646538411513856,Output Token Throughput Per User,tokens/sec/user,p90,68.78
7,1789646528411513856,1789646538411513856,Output Token Throughput Per User,tokens/sec/user,p95,68.78
7,1789646528411513856,1789646538411513856,Output Token Throughput Per User,tokens/sec/user,p99,69.03
7,1789646528411513856,1789646538411513856,Output Token Throughput Per User,tokens/sec/user,std,0.66
7,1789646528411513856,1789646538411513856,Overall Usage Prompt Cache Read %,%,avg,92.50
7,1789646528411513856,1789646538411513856,Prefill Throughput Per User,tokens/sec/user,avg,2707.23
7,1789646528411513856,1789646538411513856,Prefill Throughput Per User,tokens/sec/user,min,2328.28
7,1789646528411513856,1789646538411513856,Prefill Throughput Per User,tokens/sec/user,max,4900.82
7,1789646528411513856,1789646538411513856,Prefill Throughput Per User,tokens/sec/user,sum,86631.22
7,1789646528411513856,1789646538411513856,Prefill Throughput Per User,tokens/sec/user,p1,2328.30
7,1789646528411513856,1789646538411513856,Prefill Throughput Per User,tokens/sec/user,p5,2328.37
7,1789646528411513856,1789646538411513856,Prefill Throughput Per User,tokens/sec/user,p10,2328.43
7,1789646528411513856,1789646538411513856,Prefill Throughput Per User,tokens/sec/user,p25,2328.55
7,1789646528411513856,1789646538411513856,Prefill Throughput Per User,tokens/sec/user,p50,2329.04
7,1789646528411513856,1789646538411513856,Prefill Throughput Per User,tokens/sec/user,p75,3050.17
7,1789646528411513856,1789646538411513856,Prefill Throughput Per User,tokens/sec/user,p90,3529.94
7,1789646528411513856,1789646538411513856,Prefill Throughput Per User,tokens/sec/user,p95,3585.44
7,1789646528411513856,1789646538411513856,Prefill Throughput Per User,tokens/sec/user,p99,4493.27
7,1789646528411513856,1789646538411513856,Prefill Throughput Per User,tokens/sec/user,std,584.39
7,1789646528411513856,1789646538411513856,Reasoning Token Count,tokens,avg,512.00
7,1789646528411513856,1789646538411513856,Reasoning Token Count,tokens,min,512.00
7,1789646528411513856,1789646538411513856,Reasoning Token Count,tokens,max,512.00
7,1789646528411513856,1789646538411513856,Reasoning Token Count,tokens,sum,16384.00
7,1789646528411513856,1789646538411513856,Reasoning Token Count,tokens,p1,512.00
7,1789646528411513856,1789646538411513856,Reasoning Token Count,tokens,p5,512.00
7,1789646528411513856,1789646538411513856,Reasoning Token Count,tokens,p10,512.00
7,1789646528411513856,1789646538411513856,Reasoning Token Count,tokens,p25,512.00
7,1789646528411513856,1789646538411513856,Reasoning Token Count,tokens,p50,512.00
7,1789646528411513856,1789646538411513856,Reasoning Token Count,tokens,p75,512.00
7,1789646528411513856,1789646538411513856,Reasoning Token Count,tokens,p90,512.00
7,1789646528411513856,1789646538411513856,Reasoning Token Count,tokens,p95,512.00
7,1789646528411513856,1789646538411513856,Reasoning Token Count,tokens,p99,512.00
7,1789646528411513856,1789646538411513856,Reasoning Token Count,tokens,std,0.00
7,1789646528411513856,1789646538411513856,Request Count,requests,avg,32.00
7,1789646528411513856,1789646538411513856,Request Latency,ms,avg,7904.02
7,1789646528411513856,1789646538411513856,Request Latency,ms,min,7866.17
7,1789646528411513856,1789646538411513856,Request Latency,ms,max,7909.45
7,1789646528411513856,1789646538411513856,Request Latency,ms,sum,252928.62
7,1789646528411513856,1789646538411513856,Request Latency,ms,p1,7874.15
7,1789646528411513856,1789646538411513856,Request Latency,ms,p5,7897.78
7,1789646528411513856,1789646538411513856,Request Latency,ms,p10,7902.59
7,1789646528411513856,1789646538411513856,Request Latency,ms,p25,7904.88
7,1789646528411513856,1789646538411513856,Request Latency,ms,p50,7904.93
7,1789646528411513856,1789646538411513856,Request Latency,ms,p75,7905.85
7,1789646528411513856,1789646538411513856,Request Latency,ms,p90,7908.57
7,1789646528411513856,1789646538411513856,Request Latency,ms,p95,7908.60
7,1789646528411513856,1789646538411513856,Request Latency,ms,p99,7909.19
7,1789646528411513856,1789646538411513856,Request Latency,ms,std,7.44
7,1789646528411513856,1789646538411513856,Request Throughput,requests/sec,avg,3.20
7,1789646528411513856,1789646538411513856,Time to First Token,ms,avg,423.85
7,1789646528411513856,1789646538411513856,Time to First Token,ms,min,225.88
7,1789646528411513856,1789646538411513856,Time to First Token,ms,max,475.46
7,1789646528411513856,1789646538411513856,Time to First Token,ms,sum,13563.06
7,1789646528411513856,1789646538411513856,Time to First Token,ms,p1,251.55
7,1789646528411513856,1789646538411513856,Time to First Token,ms,p5,308.75
7,1789646528411513856,1789646538411513856,Time to First Token,ms,p10,314.33
7,1789646528411513856,1789646538411513856,Time to First Token,ms,p25,362.93
7,1789646528411513856,1789646538411513856,Time to First Token,ms,p50,475.30
7,1789646528411513856,1789646538411513856,Time to First Token,ms,p75,475.40
7,1789646528411513856,1789646538411513856,Time to First Token,ms,p90,475.43
7,1789646528411513856,1789646538411513856,Time to First Token,ms,p95,475.44
7,1789646528411513856,1789646538411513856,Time to First Token,ms,p99,475.45
7,1789646528411513856,1789646538411513856,Time to First Token,ms,std,71.08
7,1789646528411513856,1789646538411513856,Time to Second Token,ms,avg,45.31
7,1789646528411513856,1789646538411513856,Time to Second Token,ms,min,0.98
7,1789646528411513856,1789646538411513856,Time to Second Token,ms,max,154.75
7,1789646528411513856,1789646538411513856,Time to Second Token,ms,sum,1450.08
7,1789646528411513856,1789646538411513856,Time to Second Token,ms,p1,1.00
7,1789646528411513856,1789646538411513856,Time to Second Token,ms,p5,1.07
7,1789646528411513856,1789646538411513856,Time to Second Token,ms,p10,2.73
7,1789646528411513856,1789646538411513856,Time to Second Token,ms,p25,2.75
7,1789646528411513856,1789646538411513856,Time to Second Token,ms,p50,2.77
7,1789646528411513856,1789646538411513856,Time to Second Token,ms,p75,154.46
7,1789646528411513856,1789646538411513856,Time to Second Token,ms,p90,154.66
7,1789646528411513856,1789646538411513856,Time to Second Token,ms,p95,154.71
7,1789646528411513856,1789646538411513856,Time to Second Token,ms,p99,154.74
7,1789646528411513856,1789646538411513856,Time to Second Token,ms,std,68.38
7,1789646528411513856,1789646538411513856,Tokens In Flight,tokens,avg,42808.27
7,1789646528411513856,1789646538411513856,Tokens In Flight,tokens,min,14816.68
7,1789646528411513856,1789646538411513856,Tokens In Flight,tokens,max,51752.66
7,1789646528411513856,1789646538411513856,Tokens In Flight,tokens,p50,42082.47
7,1789646528411513856,1789646538411513856,Tokens In Flight,tokens,p90,49632.26
7,1789646528411513856,1789646538411513856,Tokens In Flight,tokens,p95,50714.86
7,1789646528411513856,1789646538411513856,Tokens In Flight,tokens,p99,51526.10
7,1789646528411513856,1789646538411513856,Tokens In Flight,tokens,std,4540.01
7,1789646528411513856,1789646538411513856,Total Input Sequence Length,tokens,avg,35424.00
7,1789646528411513856,1789646538411513856,Total Output Sequence Length,tokens,avg,16384.00
7,1789646528411513856,1789646538411513856,Total Reasoning Tokens,tokens,avg,16384.00
7,1789646528411513856,1789646538411513856,Total Token Throughput,tokens/sec,avg,5180.80
7,1789646528411513856,1789646538411513856,Total Usage Completion Tokens,tokens,avg,16384.00
7,1789646528411513856,1789646538411513856,Total Usage Prompt Cache Read Tokens,tokens,avg,32768.00
7,1789646528411513856,1789646538411513856,Total Usage Prompt Tokens,tokens,avg,35424.00
7,1789646528411513856,1789646538411513856,Total Usage Reasoning Tokens,tokens,avg,16384.00
7,1789646528411513856,1789646538411513856,Total Usage Total Tokens,tokens,avg,51808.00
7,1789646528411513856,1789646538411513856,Usage Completion Tokens,tokens,avg,512.00
7,1789646528411513856,1789646538411513856,Usage Completion Tokens,tokens,min,512.00
7,1789646528411513856,1789646538411513856,Usage Completion Tokens,tokens,max,512.00
7,1789646528411513856,1789646538411513856,Usage Completion Tokens,tokens,sum,16384.00
7,1789646528411513856,1789646538411513856,Usage Completion Tokens,tokens,p1,512.00
7,1789646528411513856,1789646538411513856,Usage Completion Tokens,tokens,p5,512.00
7,1789646528411513856,1789646538411513856,Usage Completion Tokens,tokens,p10,512.00
7,1789646528411513856,1789646538411513856,Usage Completion Tokens,tokens,p25,512.00
7,1789646528411513856,1789646538411513856,Usage Completion Tokens,tokens,p50,512.00
7,1789646528411513856,1789646538411513856,Usage Completion Tokens,tokens,p75,512.00
7,1789646528411513856,1789646538411513856,Usage Completion Tokens,tokens,p90,512.00
7,1789646528411513856,1789646538411513856,Usage Completion Tokens,tokens,p95,512.00
7,1789646528411513856,1789646538411513856,Usage Completion Tokens,tokens,p99,512.00
7,1789646528411513856,1789646538411513856,Usage Completion Tokens,tokens,std,0.00
7,1789646528411513856,1789646538411513856,Usage Prompt Cache Read Tokens,tokens,avg,1024.00
7,1789646528411513856,1789646538411513856,Usage Prompt Cache Read Tokens,tokens,min,1024.00
7,1789646528411513856,1789646538411513856,Usage Prompt Cache Read Tokens,tokens,max,1024.00
7,1789646528411513856,1789646538411513856,Usage Prompt Cache Read Tokens,tokens,sum,32768.00
7,1789646528411513856,1789646538411513856,Usage Prompt Cache Read Tokens,tokens,p1,1024.00
7,1789646528411513856,1789646538411513856,Usage Prompt Cache Read Tokens,tokens,p5,1024.00
7,1789646528411513856,1789646538411513856,Usage Prompt Cache Read Tokens,tokens,p10,1024.00
7,1789646528411513856,1789646538411513856,Usage Prompt Cache Read Tokens,tokens,p25,1024.00
7,1789646528411513856,1789646538411513856,Usage Prompt Cache Read Tokens,tokens,p50,1024.00
7,1789646528411513856,1789646538411513856,Usage Prompt Cache Read Tokens,tokens,p75,1024.00
7,1789646528411513856,1789646538411513856,Usage Prompt Cache Read Tokens,tokens,p90,1024.00
7,1789646528411513856,1789646538411513856,Usage Prompt Cache Read Tokens,tokens,p95,1024.00
7,1789646528411513856,1789646538411513856,Usage Prompt Cache Read Tokens,tokens,p99,1024.00
7,1789646528411513856,1789646538411513856,Usage Prompt Cache Read Tokens,tokens,std,0.00
7,1789646528411513856,1789646538411513856,Usage Prompt Tokens,tokens,avg,1107.00
7,1789646528411513856,1789646538411513856,Usage Prompt Tokens,tokens,min,1107.00
7,1789646528411513856,1789646538411513856,Usage Prompt Tokens,tokens,max,1107.00
7,1789646528411513856,1789646538411513856,Usage Prompt Tokens,tokens,sum,35424.00
7,1789646528411513856,1789646538411513856,Usage Prompt Tokens,tokens,p1,1107.00
7,1789646528411513856,1789646538411513856,Usage Prompt Tokens,tokens,p5,1107.00
7,1789646528411513856,1789646538411513856,Usage Prompt Tokens,tokens,p10,1107.00
7,1789646528411513856,1789646538411513856,Usage Prompt Tokens,tokens,p25,1107.00
7,1789646528411513856,1789646538411513856,Usage Prompt Tokens,tokens,p50,1107.00
7,1789646528411513856,1789646538411513856,Usage Prompt Tokens,tokens,p75,1107.00
7,1789646528411513856,1789646538411513856,Usage Prompt Tokens,tokens,p90,1107.00
7,1789646528411513856,1789646538411513856,Usage Prompt Tokens,tokens,p95,1107.00
7,1789646528411513856,1789646538411513856,Usage Prompt Tokens,tokens,p99,1107.00
7,1789646528411513856,1789646538411513856,Usage Prompt Tokens,tokens,std,0.00
7,1789646528411513856,1789646538411513856,Usage Reasoning Tokens,tokens,avg,512.00
7,1789646528411513856,1789646538411513856,Usage Reasoning Tokens,tokens,min,512.00
7,1789646528411513856,1789646538411513856,Usage Reasoning Tokens,tokens,max,512.00
7,1789646528411513856,1789646538411513856,Usage Reasoning Tokens,tokens,sum,16384.00
7,1789646528411513856,1789646538411513856,Usage Reasoning Tokens,tokens,p1,512.00
7,1789646528411513856,1789646538411513856,Usage Reasoning Tokens,tokens,p5,512.00
7,1789646528411513856,1789646538411513856,Usage Reasoning Tokens,tokens,p10,512.00
7,1789646528411513856,1789646538411513856,Usage Reasoning Tokens,tokens,p25,512.00
7,1789646528411513856,1789646538411513856,Usage Reasoning Tokens,tokens,p50,512.00
7,1789646528411513856,1789646538411513856,Usage Reasoning Tokens,tokens,p75,512.00
7,1789646528411513856,1789646538411513856,Usage Reasoning Tokens,tokens,p90,512.00
7,1789646528411513856,1789646538411513856,Usage Reasoning Tokens,tokens,p95,512.00
7,1789646528411513856,1789646538411513856,Usage Reasoning Tokens,tokens,p99,512.00
7,1789646528411513856,1789646538411513856,Usage Reasoning Tokens,tokens,std,0.00
7,1789646528411513856,1789646538411513856,Usage Total Tokens,tokens,avg,1619.00
7,1789646528411513856,1789646538411513856,Usage Total Tokens,tokens,min,1619.00
7,1789646528411513856,1789646538411513856,Usage Total Tokens,tokens,max,1619.00
7,1789646528411513856,1789646538411513856,Usage Total Tokens,tokens,sum,51808.00
7,1789646528411513856,1789646538411513856,Usage Total Tokens,tokens,p1,1619.00
7,1789646528411513856,1789646538411513856,Usage Total Tokens,tokens,p5,1619.00
7,1789646528411513856,1789646538411513856,Usage Total Tokens,tokens,p10,1619.00
7,1789646528411513856,1789646538411513856,Usage Total Tokens,tokens,p25,1619.00
7,1789646528411513856,1789646538411513856,Usage Total Tokens,tokens,p50,1619.00
7,1789646528411513856,1789646538411513856,Usage Total Tokens,tokens,p75,1619.00
7,1789646528411513856,1789646538411513856,Usage Total Tokens,tokens,p90,1619.00
7,1789646528411513856,1789646538411513856,Usage Total Tokens,tokens,p95,1619.00
7,1789646528411513856,1789646538411513856,Usage Total Tokens,tokens,p99,1619.00
7,1789646528411513856,1789646538411513856,Usage Total Tokens,tokens,std,0.00
8,1789646538411513856,1789646548411513856,Active Decode Throughput,tokens/sec,avg,2084.88
8,1789646538411513856,1789646548411513856,Active Decode Throughput,tokens/sec,min,6.92
8,1789646538411513856,1789646548411513856,Active Decode Throughput,tokens/sec,max,9856.14
8,1789646538411513856,1789646548411513856,Active Decode Throughput,tokens/sec,p50,2164.92
8,1789646538411513856,1789646548411513856,Active Decode Throughput,tokens/sec,p90,2314.05
8,1789646538411513856,1789646548411513856,Active Decode Throughput,tokens/sec,p95,2390.81
8,1789646538411513856,1789646548411513856,Active Decode Throughput,tokens/sec,p99,3060.72
8,1789646538411513856,1789646548411513856,Active Decode Throughput,tokens/sec,std,526.12
8,1789646538411513856,1789646548411513856,Active Decode Throughput Per User,tokens/sec/user,avg,65.47
8,1789646538411513856,1789646548411513856,Active Decode Throughput Per User,tokens/sec/user,min,6.23
8,1789646538411513856,1789646548411513856,Active Decode Throughput Per User,tokens/sec/user,max,328.54
8,1789646538411513856,1789646548411513856,Active Decode Throughput Per User,tokens/sec/user,p50,67.65
8,1789646538411513856,1789646548411513856,Active Decode Throughput Per User,tokens/sec/user,p90,72.31
8,1789646538411513856,1789646548411513856,Active Decode Throughput Per User,tokens/sec/user,p95,74.71
8,1789646538411513856,1789646548411513856,Active Decode Throughput Per User,tokens/sec/user,p99,95.65
8,1789646538411513856,1789646548411513856,Active Decode Throughput Per User,tokens/sec/user,std,15.44
8,1789646538411513856,1789646548411513856,Active Prefill Throughput,tokens/sec,avg,66762.90
8,1789646538411513856,1789646548411513856,Active Prefill Throughput,tokens/sec,min,3589.94
8,1789646538411513856,1789646548411513856,Active Prefill Throughput,tokens/sec,max,82495.29
8,1789646538411513856,1789646548411513856,Active Prefill Throughput,tokens/sec,p50,76774.38
8,1789646538411513856,1789646548411513856,Active Prefill Throughput,tokens/sec,p90,82495.29
8,1789646538411513856,1789646548411513856,Active Prefill Throughput,tokens/sec,p95,82495.29
8,1789646538411513856,1789646548411513856,Active Prefill Throughput,tokens/sec,p99,82495.29
8,1789646538411513856,1789646548411513856,Active Prefill Throughput,tokens/sec,std,19003.96
8,1789646538411513856,1789646548411513856,Active Prefill Throughput Per User,tokens/sec/user,avg,2738.82
8,1789646538411513856,1789646548411513856,Active Prefill Throughput Per User,tokens/sec/user,min,2506.49
8,1789646538411513856,1789646548411513856,Active Prefill Throughput Per User,tokens/sec/user,max,5051.60
8,1789646538411513856,1789646548411513856,Active Prefill Throughput Per User,tokens/sec/user,p50,2647.39
8,1789646538411513856,1789646548411513856,Active Prefill Throughput Per User,tokens/sec/user,p90,3321.97
8,1789646538411513856,1789646548411513856,Active Prefill Throughput Per User,tokens/sec/user,p95,3321.97
8,1789646538411513856,1789646548411513856,Active Prefill Throughput Per User,tokens/sec/user,p99,5051.60
8,1789646538411513856,1789646548411513856,Active Prefill Throughput Per User,tokens/sec/user,std,463.33
8,1789646538411513856,1789646548411513856,Active Total Throughput,tokens/sec,avg,5636.35
8,1789646538411513856,1789646548411513856,Active Total Throughput,tokens/sec,min,2119.23
8,1789646538411513856,1789646548411513856,Active Total Throughput,tokens/sec,max,82561.85
8,1789646538411513856,1789646548411513856,Active Total Throughput,tokens/sec,p50,2187.30
8,1789646538411513856,1789646548411513856,Active Total Throughput,tokens/sec,p90,2187.30
8,1789646538411513856,1789646548411513856,Active Total Throughput,tokens/sec,p95,31475.15
8,1789646538411513856,1789646548411513856,Active Total Throughput,tokens/sec,p99,82561.85
8,1789646538411513856,1789646548411513856,Active Total Throughput,tokens/sec,std,15185.32
8,1789646538411513856,1789646548411513856,Benchmark Duration,sec,avg,8.12
8,1789646538411513856,1789646548411513856,Decode Duration,ms,avg,7467.88
8,1789646538411513856,1789646548411513856,Decode Duration,ms,min,7385.41
8,1789646538411513856,1789646548411513856,Decode Duration,ms,max,7677.08
8,1789646538411513856,1789646548411513856,Decode Duration,ms,sum,238972.01
8,1789646538411513856,1789646548411513856,Decode Duration,ms,p1,7385.44
8,1789646538411513856,1789646548411513856,Decode Duration,ms,p5,7405.14
8,1789646538411513856,1789646548411513856,Decode Duration,ms,p10,7424.17
8,1789646538411513856,1789646548411513856,Decode Duration,ms,p25,7424.20
8,1789646538411513856,1789646548411513856,Decode Duration,ms,p50,7424.24
8,1789646538411513856,1789646548411513856,Decode Duration,ms,p75,7540.01
8,1789646538411513856,1789646548411513856,Decode Duration,ms,p90,7540.06
8,1789646538411513856,1789646548411513856,Decode Duration,ms,p95,7589.49
8,1789646538411513856,1789646548411513856,Decode Duration,ms,p99,7649.95
8,1789646538411513856,1789646548411513856,Decode Duration,ms,std,71.03
8,1789646538411513856,1789646548411513856,E2E Output Token Throughput,tokens/sec/user,avg,64.91
8,1789646538411513856,1789646548411513856,E2E Output Token Throughput,tokens/sec/user,min,64.83
8,1789646538411513856,1789646548411513856,E2E Output Token Throughput,tokens/sec/user,max,66.24
8,1789646538411513856,1789646548411513856,E2E Output Token Throughput,tokens/sec/user,sum,2077.13
8,1789646538411513856,1789646548411513856,E2E Output Token Throughput,tokens/sec/user,p1,64.83
8,1789646538411513856,1789646548411513856,E2E Output Token Throughput,tokens/sec/user,p5,64.83
8,1789646538411513856,1789646548411513856,E2E Output Token Throughput,tokens/sec/user,p10,64.84
8,1789646538411513856,1789646548411513856,E2E Output Token Throughput,tokens/sec/user,p25,64.84
8,1789646538411513856,1789646548411513856,E2E Output Token Throughput,tokens/sec/user,p50,64.84
8,1789646538411513856,1789646548411513856,E2E Output Token Throughput,tokens/sec/user,p75,64.84
8,1789646538411513856,1789646548411513856,E2E Output Token Throughput,tokens/sec/user,p90,65.08
8,1789646538411513856,1789646548411513856,E2E Output Token Throughput,tokens/sec/user,p95,65.16
8,1789646538411513856,1789646548411513856,E2E Output Token Throughput,tokens/sec/user,p99,65.90
8,1789646538411513856,1789646548411513856,E2E Output Token Throughput,tokens/sec/user,std,0.25
8,1789646538411513856,1789646548411513856,Effective Concurrency,requests,avg,31.99
8,1789646538411513856,1789646548411513856,Effective Concurrency,requests,min,12.00
8,1789646538411513856,1789646548411513856,Effective Concurrency,requests,max,32.00
8,1789646538411513856,1789646548411513856,Effective Concurrency,requests,p50,32.00
8,1789646538411513856,1789646548411513856,Effective Concurrency,requests,p90,32.00
8,1789646538411513856,1789646548411513856,Effective Concurrency,requests,p95,32.00
8,1789646538411513856,1789646548411513856,Effective Concurrency,requests,p99,32.00
8,1789646538411513856,1789646548411513856,Effective Concurrency,requests,std,0.38
8,1789646538411513856,1789646548411513856,Effective Decode Concurrency,requests,avg,30.65
8,1789646538411513856,1789646548411513856,Effective Decode Concurrency,requests,min,1.00
8,1789646538411513856,1789646548411513856,Effective Decode Concurrency,requests,max,32.00
8,1789646538411513856,1789646548411513856,Effective Decode Concurrency,requests,p50,32.00
8,1789646538411513856,1789646548411513856,Effective Decode Concurrency,requests,p90,32.00
8,1789646538411513856,1789646548411513856,Effective Decode Concurrency,requests,p95,32.00
8,1789646538411513856,1789646548411513856,Effective Decode Concurrency,requests,p99,32.00
8,1789646538411513856,1789646548411513856,Effective Decode Concurrency,requests,std,5.96
8,1789646538411513856,1789646548411513856,Effective Decode Throughput,tokens/sec,avg,2084.88
8,1789646538411513856,1789646548411513856,Effective Decode Throughput,tokens/sec,min,6.92
8,1789646538411513856,1789646548411513856,Effective Decode Throughput,tokens/sec,max,9856.14
8,1789646538411513856,1789646548411513856,Effective Decode Throughput,tokens/sec,p50,2164.92
8,1789646538411513856,1789646548411513856,Effective Decode Throughput,tokens/sec,p90,2314.05
8,1789646538411513856,1789646548411513856,Effective Decode Throughput,tokens/sec,p95,2390.81
8,1789646538411513856,1789646548411513856,Effective Decode Throughput,tokens/sec,p99,3060.72
8,1789646538411513856,1789646548411513856,Effective Decode Throughput,tokens/sec,std,526.12
8,1789646538411513856,1789646548411513856,Effective Decode Throughput Per User,tokens/sec/user,avg,65.47
8,1789646538411513856,1789646548411513856,Effective Decode Throughput Per User,tokens/sec/user,min,6.23
8,1789646538411513856,1789646548411513856,Effective Decode Throughput Per User,tokens/sec/user,max,328.54
8,1789646538411513856,1789646548411513856,Effective Decode Throughput Per User,tokens/sec/user,p50,67.65
8,1789646538411513856,1789646548411513856,Effective Decode Throughput Per User,tokens/sec/user,p90,72.31
8,1789646538411513856,1789646548411513856,Effective Decode Throughput Per User,tokens/sec/user,p95,74.71
8,1789646538411513856,1789646548411513856,Effective Decode Throughput Per User,tokens/sec/user,p99,95.65
8,1789646538411513856,1789646548411513856,Effective Decode Throughput Per User,tokens/sec/user,std,15.44
8,1789646538411513856,1789646548411513856,Effective Prefill Concurrency,requests,avg,1.34
8,1789646538411513856,1789646548411513856,Effective Prefill Concurrency,requests,min,0.00
8,1789646538411513856,1789646548411513856,Effective Prefill Concurrency,requests,max,31.00
8,1789646538411513856,1789646548411513856,Effective Prefill Concurrency,requests,p50,0.00
8,1789646538411513856,1789646548411513856,Effective Prefill Concurrency,requests,p90,0.00
8,1789646538411513856,1789646548411513856,Effective Prefill Concurrency,requests,p95,9.00
8,1789646538411513856,1789646548411513856,Effective Prefill Concurrency,requests,p99,31.00
8,1789646538411513856,1789646548411513856,Effective Prefill Concurrency,requests,std,5.93
8,1789646538411513856,1789646548411513856,Effective Prefill Throughput,tokens/sec,avg,3542.40
8,1789646538411513856,1789646548411513856,Effective Prefill Throughput,tokens/sec,min,0.00
8,1789646538411513856,1789646548411513856,Effective Prefill Throughput,tokens/sec,max,82495.29
8,1789646538411513856,1789646548411513856,Effective Prefill Throughput,tokens/sec,p50,0.00
8,1789646538411513856,1789646548411513856,Effective Prefill Throughput,tokens/sec,p90,0.00
8,1789646538411513856,1789646548411513856,Effective Prefill Throughput,tokens/sec,p95,29897.69
8,1789646538411513856,1789646548411513856,Effective Prefill Throughput,tokens/sec,p99,82495.29
8,1789646538411513856,1789646548411513856,Effective Prefill Throughput,tokens/sec,std,15592.14
8,1789646538411513856,1789646548411513856,Effective Prefill Throughput Per User,tokens/sec/user,avg,145.32
8,1789646538411513856,1789646548411513856,Effective Prefill Throughput Per User,tokens/sec/user,min,0.00
8,1789646538411513856,1789646548411513856,Effective Prefill Throughput Per User,tokens/sec/user,max,5051.60
8,1789646538411513856,1789646548411513856,Effective Prefill Throughput Per User,tokens/sec/user,p50,0.00
8,1789646538411513856,1789646548411513856,Effective Prefill Throughput Per User,tokens/sec/user,p90,0.00
8,1789646538411513856,1789646548411513856,Effective Prefill Throughput Per User,tokens/sec/user,p95,2506.49
8,1789646538411513856,1789646548411513856,Effective Prefill Throughput Per User,tokens/sec/user,p99,2661.14
8,1789646538411513856,1789646548411513856,Effective Prefill Throughput Per User,tokens/sec/user,std,623.12
8,1789646538411513856,1789646548411513856,Effective Total Throughput,tokens/sec,avg,5636.35
8,1789646538411513856,1789646548411513856,Effective Total Throughput,tokens/sec,min,2119.23
8,1789646538411513856,1789646548411513856,Effective Total Throughput,tokens/sec,max,82561.85
8,1789646538411513856,1789646548411513856,Effective Total Throughput,tokens/sec,p50,2187.30
8,1789646538411513856,1789646548411513856,Effective Total Throughput,tokens/sec,p90,2187.30
8,1789646538411513856,1789646548411513856,Effective Total Throughput,tokens/sec,p95,31475.15
8,1789646538411513856,1789646548411513856,Effective Total Throughput,tokens/sec,p99,82561.85
8,1789646538411513856,1789646548411513856,Effective Total Throughput,tokens/sec,std,15185.32
8,1789646538411513856,1789646548411513856,HTTP Blocked,ms,avg,0.00
8,1789646538411513856,1789646548411513856,HTTP Blocked,ms,min,0.00
8,1789646538411513856,1789646548411513856,HTTP Blocked,ms,max,0.00
8,1789646538411513856,1789646548411513856,HTTP Blocked,ms,sum,0.00
8,1789646538411513856,1789646548411513856,HTTP Blocked,ms,p1,0.00
8,1789646538411513856,1789646548411513856,HTTP Blocked,ms,p5,0.00
8,1789646538411513856,1789646548411513856,HTTP Blocked,ms,p10,0.00
8,1789646538411513856,1789646548411513856,HTTP Blocked,ms,p25,0.00
8,1789646538411513856,1789646548411513856,HTTP Blocked,ms,p50,0.00
8,1789646538411513856,1789646548411513856,HTTP Blocked,ms,p75,0.00
8,1789646538411513856,1789646548411513856,HTTP Blocked,ms,p90,0.00
8,1789646538411513856,1789646548411513856,HTTP Blocked,ms,p95,0.00
8,1789646538411513856,1789646548411513856,HTTP Blocked,ms,p99,0.00
8,1789646538411513856,1789646548411513856,HTTP Blocked,ms,std,0.00
8,1789646538411513856,1789646548411513856,HTTP Chunks Received,count,avg,468.56
8,1789646538411513856,1789646548411513856,HTTP Chunks Received,count,min,429.00
8,1789646538411513856,1789646548411513856,HTTP Chunks Received,count,max,493.00
8,1789646538411513856,1789646548411513856,HTTP Chunks Received,count,sum,14994.00
8,1789646538411513856,1789646548411513856,HTTP Chunks Received,count,p1,433.34
8,1789646538411513856,1789646548411513856,HTTP Chunks Received,count,p5,446.30
8,1789646538411513856,1789646548411513856,HTTP Chunks Received,count,p10,449.20
8,1789646538411513856,1789646548411513856,HTTP Chunks Received,count,p25,455.00
8,1789646538411513856,1789646548411513856,HTTP Chunks Received,count,p50,471.50
8,1789646538411513856,1789646548411513856,HTTP Chunks Received,count,p75,479.25
8,1789646538411513856,1789646548411513856,HTTP Chunks Received,count,p90,485.90
8,1789646538411513856,1789646548411513856,HTTP Chunks Received,count,p95,488.45
8,1789646538411513856,1789646548411513856,HTTP Chunks Received,count,p99,491.76
8,1789646538411513856,1789646548411513856,HTTP Chunks Received,count,std,15.03
8,1789646538411513856,1789646548411513856,HTTP Chunks Sent,count,avg,1.00
8,1789646538411513856,1789646548411513856,HTTP Chunks Sent,count,min,1.00
8,1789646538411513856,1789646548411513856,HTTP Chunks Sent,count,max,1.00
8,1789646538411513856,1789646548411513856,HTTP Chunks Sent,count,sum,32.00
8,1789646538411513856,1789646548411513856,HTTP Chunks Sent,count,p1,1.00
8,1789646538411513856,1789646548411513856,HTTP Chunks Sent,count,p5,1.00
8,1789646538411513856,1789646548411513856,HTTP Chunks Sent,count,p10,1.00
8,1789646538411513856,1789646548411513856,HTTP Chunks Sent,count,p25,1.00
8,1789646538411513856,1789646548411513856,HTTP Chunks Sent,count,p50,1.00
8,1789646538411513856,1789646548411513856,HTTP Chunks Sent,count,p75,1.00
8,1789646538411513856,1789646548411513856,HTTP Chunks Sent,count,p90,1.00
8,1789646538411513856,1789646548411513856,HTTP Chunks Sent,count,p95,1.00
8,1789646538411513856,1789646548411513856,HTTP Chunks Sent,count,p99,1.00
8,1789646538411513856,1789646548411513856,HTTP Chunks Sent,count,std,0.00
8,1789646538411513856,1789646548411513856,HTTP Connecting,ms,avg,0.00
8,1789646538411513856,1789646548411513856,HTTP Connecting,ms,min,0.00
8,1789646538411513856,1789646548411513856,HTTP Connecting,ms,max,0.00
8,1789646538411513856,1789646548411513856,HTTP Connecting,ms,sum,0.00
8,1789646538411513856,1789646548411513856,HTTP Connecting,ms,p1,0.00
8,1789646538411513856,1789646548411513856,HTTP Connecting,ms,p5,0.00
8,1789646538411513856,1789646548411513856,HTTP Connecting,ms,p10,0.00
8,1789646538411513856,1789646548411513856,HTTP Connecting,ms,p25,0.00
8,1789646538411513856,1789646548411513856,HTTP Connecting,ms,p50,0.00
8,1789646538411513856,1789646548411513856,HTTP Connecting,ms,p75,0.00
8,1789646538411513856,1789646548411513856,HTTP Connecting,ms,p90,0.00
8,1789646538411513856,1789646548411513856,HTTP Connecting,ms,p95,0.00
8,1789646538411513856,1789646548411513856,HTTP Connecting,ms,p99,0.00
8,1789646538411513856,1789646548411513856,HTTP Connecting,ms,std,0.00
8,1789646538411513856,1789646548411513856,HTTP Connection Overhead,ms,avg,0.00
8,1789646538411513856,1789646548411513856,HTTP Connection Overhead,ms,min,0.00
8,1789646538411513856,1789646548411513856,HTTP Connection Overhead,ms,max,0.00
8,1789646538411513856,1789646548411513856,HTTP Connection Overhead,ms,sum,0.00
8,1789646538411513856,1789646548411513856,HTTP Connection Overhead,ms,p1,0.00
8,1789646538411513856,1789646548411513856,HTTP Connection Overhead,ms,p5,0.00
8,1789646538411513856,1789646548411513856,HTTP Connection Overhead,ms,p10,0.00
8,1789646538411513856,1789646548411513856,HTTP Connection Overhead,ms,p25,0.00
8,1789646538411513856,1789646548411513856,HTTP Connection Overhead,ms,p50,0.00
8,1789646538411513856,1789646548411513856,HTTP Connection Overhead,ms,p75,0.00
8,1789646538411513856,1789646548411513856,HTTP Connection Overhead,ms,p90,0.00
8,1789646538411513856,1789646548411513856,HTTP Connection Overhead,ms,p95,0.00
8,1789646538411513856,1789646548411513856,HTTP Connection Overhead,ms,p99,0.00
8,1789646538411513856,1789646548411513856,HTTP Connection Overhead,ms,std,0.00
8,1789646538411513856,1789646548411513856,HTTP Connection Reused,ratio,avg,1.00
8,1789646538411513856,1789646548411513856,HTTP Connection Reused,ratio,min,1.00
8,1789646538411513856,1789646548411513856,HTTP Connection Reused,ratio,max,1.00
8,1789646538411513856,1789646548411513856,HTTP Connection Reused,ratio,sum,32.00
8,1789646538411513856,1789646548411513856,HTTP Connection Reused,ratio,p1,1.00
8,1789646538411513856,1789646548411513856,HTTP Connection Reused,ratio,p5,1.00
8,1789646538411513856,1789646548411513856,HTTP Connection Reused,ratio,p10,1.00
8,1789646538411513856,1789646548411513856,HTTP Connection Reused,ratio,p25,1.00
8,1789646538411513856,1789646548411513856,HTTP Connection Reused,ratio,p50,1.00
8,1789646538411513856,1789646548411513856,HTTP Connection Reused,ratio,p75,1.00
8,1789646538411513856,1789646548411513856,HTTP Connection Reused,ratio,p90,1.00
8,1789646538411513856,1789646548411513856,HTTP Connection Reused,ratio,p95,1.00
8,1789646538411513856,1789646548411513856,HTTP Connection Reused,ratio,p99,1.00
8,1789646538411513856,1789646548411513856,HTTP Connection Reused,ratio,std,0.00
8,1789646538411513856,1789646548411513856,HTTP Data Received,KB,avg,124.97
8,1789646538411513856,1789646548411513856,HTTP Data Received,KB,min,114.59
8,1789646538411513856,1789646548411513856,HTTP Data Received,KB,max,131.42
8,1789646538411513856,1789646548411513856,HTTP Data Received,KB,sum,3999.11
8,1789646538411513856,1789646548411513856,HTTP Data Received,KB,p1,115.71
8,1789646538411513856,1789646548411513856,HTTP Data Received,KB,p5,119.04
8,1789646538411513856,1789646548411513856,HTTP Data Received,KB,p10,119.93
8,1789646538411513856,1789646548411513856,HTTP Data Received,KB,p25,121.42
8,1789646538411513856,1789646548411513856,HTTP Data Received,KB,p50,125.81
8,1789646538411513856,1789646548411513856,HTTP Data Received,KB,p75,127.78
8,1789646538411513856,1789646548411513856,HTTP Data Received,KB,p90,129.59
8,1789646538411513856,1789646548411513856,HTTP Data Received,KB,p95,130.24
8,1789646538411513856,1789646548411513856,HTTP Data Received,KB,p99,131.10
8,1789646538411513856,1789646548411513856,HTTP Data Received,KB,std,3.97
8,1789646538411513856,1789646548411513856,HTTP Data Sent,KB,avg,4.55
8,1789646538411513856,1789646548411513856,HTTP Data Sent,KB,min,4.06
8,1789646538411513856,1789646548411513856,HTTP Data Sent,KB,max,4.96
8,1789646538411513856,1789646548411513856,HTTP Data Sent,KB,sum,145.76
8,1789646538411513856,1789646548411513856,HTTP Data Sent,KB,p1,4.13
8,1789646538411513856,1789646548411513856,HTTP Data Sent,KB,p5,4.26
8,1789646538411513856,1789646548411513856,HTTP Data Sent,KB,p10,4.30
8,1789646538411513856,1789646548411513856,HTTP Data Sent,KB,p25,4.45
8,1789646538411513856,1789646548411513856,HTTP Data Sent,KB,p50,4.52
8,1789646538411513856,1789646548411513856,HTTP Data Sent,KB,p75,4.71
8,1789646538411513856,1789646548411513856,HTTP Data Sent,KB,p90,4.82
8,1789646538411513856,1789646548411513856,HTTP Data Sent,KB,p95,4.90
8,1789646538411513856,1789646548411513856,HTTP Data Sent,KB,p99,4.96
8,1789646538411513856,1789646548411513856,HTTP Data Sent,KB,std,0.20
8,1789646538411513856,1789646548411513856,HTTP DNS Lookup,ms,avg,0.00
8,1789646538411513856,1789646548411513856,HTTP DNS Lookup,ms,min,0.00
8,1789646538411513856,1789646548411513856,HTTP DNS Lookup,ms,max,0.00
8,1789646538411513856,1789646548411513856,HTTP DNS Lookup,ms,sum,0.00
8,1789646538411513856,1789646548411513856,HTTP DNS Lookup,ms,p1,0.00
8,1789646538411513856,1789646548411513856,HTTP DNS Lookup,ms,p5,0.00
8,1789646538411513856,1789646548411513856,HTTP DNS Lookup,ms,p10,0.00
8,1789646538411513856,1789646548411513856,HTTP DNS Lookup,ms,p25,0.00
8,1789646538411513856,1789646548411513856,HTTP DNS Lookup,ms,p50,0.00
8,1789646538411513856,1789646548411513856,HTTP DNS Lookup,ms,p75,0.00
8,1789646538411513856,1789646548411513856,HTTP DNS Lookup,ms,p90,0.00
8,1789646538411513856,1789646548411513856,HTTP DNS Lookup,ms,p95,0.00
8,1789646538411513856,1789646548411513856,HTTP DNS Lookup,ms,p99,0.00
8,1789646538411513856,1789646548411513856,HTTP DNS Lookup,ms,std,0.00
8,1789646538411513856,1789646548411513856,HTTP Duration (excl. conn),ms,avg,7896.55
8,1789646538411513856,1789646548411513856,HTTP Duration (excl. conn),ms,min,7896.16
8,1789646538411513856,1789646548411513856,HTTP Duration (excl. conn),ms,max,7897.70
8,1789646538411513856,1789646548411513856,HTTP Duration (excl. conn),ms,sum,252689.73
8,1789646538411513856,1789646548411513856,HTTP Duration (excl. conn),ms,p1,7896.21
8,1789646538411513856,1789646548411513856,HTTP Duration (excl. conn),ms,p5,7896.33
8,1789646538411513856,1789646548411513856,HTTP Duration (excl. conn),ms,p10,7896.36
8,1789646538411513856,1789646548411513856,HTTP Duration (excl. conn),ms,p25,7896.38
8,1789646538411513856,1789646548411513856,HTTP Duration (excl. conn),ms,p50,7896.45
8,1789646538411513856,1789646548411513856,HTTP Duration (excl. conn),ms,p75,7896.51
8,1789646538411513856,1789646548411513856,HTTP Duration (excl. conn),ms,p90,7896.68
8,1789646538411513856,1789646548411513856,HTTP Duration (excl. conn),ms,p95,7897.68
8,1789646538411513856,1789646548411513856,HTTP Duration (excl. conn),ms,p99,7897.69
8,1789646538411513856,1789646548411513856,HTTP Duration (excl. conn),ms,std,0.37
8,1789646538411513856,1789646548411513856,HTTP Receiving,ms,avg,7476.57
8,1789646538411513856,1789646548411513856,HTTP Receiving,ms,min,7424.18
8,1789646538411513856,1789646548411513856,HTTP Receiving,ms,max,7677.08
8,1789646538411513856,1789646548411513856,HTTP Receiving,ms,sum,239250.16
8,1789646538411513856,1789646548411513856,HTTP Receiving,ms,p1,7424.18
8,1789646538411513856,1789646548411513856,HTTP Receiving,ms,p5,7424.19
8,1789646538411513856,1789646548411513856,HTTP Receiving,ms,p10,7424.19
8,1789646538411513856,1789646548411513856,HTTP Receiving,ms,p25,7424.21
8,1789646538411513856,1789646548411513856,HTTP Receiving,ms,p50,7424.25
8,1789646538411513856,1789646548411513856,HTTP Receiving,ms,p75,7540.03
8,1789646538411513856,1789646548411513856,HTTP Receiving,ms,p90,7584.45
8,1789646538411513856,1789646548411513856,HTTP Receiving,ms,p95,7589.49
8,1789646538411513856,1789646548411513856,HTTP Receiving,ms,p99,7649.95
8,1789646538411513856,1789646548411513856,HTTP Receiving,ms,std,71.91
8,1789646538411513856,1789646548411513856,HTTP Sending,ms,avg,0.13
8,1789646538411513856,1789646548411513856,HTTP Sending,ms,min,0.12
8,1789646538411513856,1789646548411513856,HTTP Sending,ms,max,0.14
8,1789646538411513856,1789646548411513856,HTTP Sending,ms,sum,4.24
8,1789646538411513856,1789646548411513856,HTTP Sending,ms,p1,0.12
8,1789646538411513856,1789646548411513856,HTTP Sending,ms,p5,0.13
8,1789646538411513856,1789646548411513856,HTTP Sending,ms,p10,0.13
8,1789646538411513856,1789646548411513856,HTTP Sending,ms,p25,0.13
8,1789646538411513856,1789646548411513856,HTTP Sending,ms,p50,0.13
8,1789646538411513856,1789646548411513856,HTTP Sending,ms,p75,0.14
8,1789646538411513856,1789646548411513856,HTTP Sending,ms,p90,0.14
8,1789646538411513856,1789646548411513856,HTTP Sending,ms,p95,0.14
8,1789646538411513856,1789646548411513856,HTTP Sending,ms,p99,0.14
8,1789646538411513856,1789646548411513856,HTTP Sending,ms,std,0.00
8,1789646538411513856,1789646548411513856,HTTP Total Time,ms,avg,7896.55
8,1789646538411513856,1789646548411513856,HTTP Total Time,ms,min,7896.16
8,1789646538411513856,1789646548411513856,HTTP Total Time,ms,max,7897.70
8,1789646538411513856,1789646548411513856,HTTP Total Time,ms,sum,252689.73
8,1789646538411513856,1789646548411513856,HTTP Total Time,ms,p1,7896.21
8,1789646538411513856,1789646548411513856,HTTP Total Time,ms,p5,7896.33
8,1789646538411513856,1789646548411513856,HTTP Total Time,ms,p10,7896.36
8,1789646538411513856,1789646548411513856,HTTP Total Time,ms,p25,7896.38
8,1789646538411513856,1789646548411513856,HTTP Total Time,ms,p50,7896.45
8,1789646538411513856,1789646548411513856,HTTP Total Time,ms,p75,7896.51
8,1789646538411513856,1789646548411513856,HTTP Total Time,ms,p90,7896.68
8,1789646538411513856,1789646548411513856,HTTP Total Time,ms,p95,7897.68
8,1789646538411513856,1789646548411513856,HTTP Total Time,ms,p99,7897.69
8,1789646538411513856,1789646548411513856,HTTP Total Time,ms,std,0.37
8,1789646538411513856,1789646548411513856,HTTP Waiting (TTFB),ms,avg,419.85
8,1789646538411513856,1789646548411513856,HTTP Waiting (TTFB),ms,min,218.96
8,1789646538411513856,1789646548411513856,HTTP Waiting (TTFB),ms,max,472.35
8,1789646538411513856,1789646548411513856,HTTP Waiting (TTFB),ms,sum,13435.33
8,1789646538411513856,1789646548411513856,HTTP Waiting (TTFB),ms,p1,246.55
8,1789646538411513856,1789646548411513856,HTTP Waiting (TTFB),ms,p5,308.07
8,1789646538411513856,1789646548411513856,HTTP Waiting (TTFB),ms,p10,312.98
8,1789646538411513856,1789646548411513856,HTTP Waiting (TTFB),ms,p25,356.23
8,1789646538411513856,1789646548411513856,HTTP Waiting (TTFB),ms,p50,472.04
8,1789646538411513856,1789646548411513856,HTTP Waiting (TTFB),ms,p75,472.11
8,1789646538411513856,1789646548411513856,HTTP Waiting (TTFB),ms,p90,472.18
8,1789646538411513856,1789646548411513856,HTTP Waiting (TTFB),ms,p95,472.20
8,1789646538411513856,1789646548411513856,HTTP Waiting (TTFB),ms,p99,472.30
8,1789646538411513856,1789646548411513856,HTTP Waiting (TTFB),ms,std,71.76
8,1789646538411513856,1789646548411513856,Input Sequence Length,tokens,avg,1107.00
8,1789646538411513856,1789646548411513856,Input Sequence Length,tokens,min,1107.00
8,1789646538411513856,1789646548411513856,Input Sequence Length,tokens,max,1107.00
8,1789646538411513856,1789646548411513856,Input Sequence Length,tokens,sum,35424.00
8,1789646538411513856,1789646548411513856,Input Sequence Length,tokens,p1,1107.00
8,1789646538411513856,1789646548411513856,Input Sequence Length,tokens,p5,1107.00
8,1789646538411513856,1789646548411513856,Input Sequence Length,tokens,p10,1107.00
8,1789646538411513856,1789646548411513856,Input Sequence Length,tokens,p25,1107.00
8,1789646538411513856,1789646548411513856,Input Sequence Length,tokens,p50,1107.00
8,1789646538411513856,1789646548411513856,Input Sequence Length,tokens,p75,1107.00
8,1789646538411513856,1789646548411513856,Input Sequence Length,tokens,p90,1107.00
8,1789646538411513856,1789646548411513856,Input Sequence Length,tokens,p95,1107.00
8,1789646538411513856,1789646548411513856,Input Sequence Length,tokens,p99,1107.00
8,1789646538411513856,1789646548411513856,Input Sequence Length,tokens,std,0.00
8,1789646538411513856,1789646548411513856,Input Token Throughput,tokens/sec,avg,3542.40
8,1789646538411513856,1789646548411513856,Inter Chunk Latency,ms,avg,15.98
8,1789646538411513856,1789646548411513856,Inter Chunk Latency,ms,min,1.10
8,1789646538411513856,1789646548411513856,Inter Chunk Latency,ms,max,206.96
8,1789646538411513856,1789646548411513856,Inter Chunk Latency,ms,sum,238972.01
8,1789646538411513856,1789646548411513856,Inter Chunk Latency,ms,p1,8.86
8,1789646538411513856,1789646548411513856,Inter Chunk Latency,ms,p5,12.90
8,1789646538411513856,1789646548411513856,Inter Chunk Latency,ms,p10,13.99
8,1789646538411513856,1789646548411513856,Inter Chunk Latency,ms,p25,14.41
8,1789646538411513856,1789646548411513856,Inter Chunk Latency,ms,p50,14.90
8,1789646538411513856,1789646548411513856,Inter Chunk Latency,ms,p75,15.23
8,1789646538411513856,1789646548411513856,Inter Chunk Latency,ms,p90,15.62
8,1789646538411513856,1789646548411513856,Inter Chunk Latency,ms,p95,29.24
8,1789646538411513856,1789646548411513856,Inter Chunk Latency,ms,p99,30.89
8,1789646538411513856,1789646548411513856,Inter Chunk Latency,ms,std,6.26
8,1789646538411513856,1789646548411513856,Inter Token Latency,ms,avg,14.61
8,1789646538411513856,1789646548411513856,Inter Token Latency,ms,min,14.45
8,1789646538411513856,1789646548411513856,Inter Token Latency,ms,max,15.02
8,1789646538411513856,1789646548411513856,Inter Token Latency,ms,sum,467.66
8,1789646538411513856,1789646548411513856,Inter Token Latency,ms,p1,14.45
8,1789646538411513856,1789646548411513856,Inter Token Latency,ms,p5,14.49
8,1789646538411513856,1789646548411513856,Inter Token Latency,ms,p10,14.53
8,1789646538411513856,1789646548411513856,Inter Token Latency,ms,p25,14.53
8,1789646538411513856,1789646548411513856,Inter Token Latency,ms,p50,14.53
8,1789646538411513856,1789646548411513856,Inter Token Latency,ms,p75,14.76
8,1789646538411513856,1789646548411513856,Inter Token Latency,ms,p90,14.76
8,1789646538411513856,1789646548411513856,Inter Token Latency,ms,p95,14.85
8,1789646538411513856,1789646548411513856,Inter Token Latency,ms,p99,14.97
8,1789646538411513856,1789646548411513856,Inter Token Latency,ms,std,0.14
8,1789646538411513856,1789646548411513856,OSL Mismatch Count,requests,avg,0.00
8,1789646538411513856,1789646548411513856,OSL Mismatch Diff %,%,avg,0.00
8,1789646538411513856,1789646548411513856,OSL Mismatch Diff %,%,min,0.00
8,1789646538411513856,1789646548411513856,OSL Mismatch Diff %,%,max,0.00
8,1789646538411513856,1789646548411513856,OSL Mismatch Diff %,%,sum,0.00
8,1789646538411513856,1789646548411513856,OSL Mismatch Diff %,%,p1,0.00
8,1789646538411513856,1789646548411513856,OSL Mismatch Diff %,%,p5,0.00
8,1789646538411513856,1789646548411513856,OSL Mismatch Diff %,%,p10,0.00
8,1789646538411513856,1789646548411513856,OSL Mismatch Diff %,%,p25,0.00
8,1789646538411513856,1789646548411513856,OSL Mismatch Diff %,%,p50,0.00
8,1789646538411513856,1789646548411513856,OSL Mismatch Diff %,%,p75,0.00
8,1789646538411513856,1789646548411513856,OSL Mismatch Diff %,%,p90,0.00
8,1789646538411513856,1789646548411513856,OSL Mismatch Diff %,%,p95,0.00
8,1789646538411513856,1789646548411513856,OSL Mismatch Diff %,%,p99,0.00
8,1789646538411513856,1789646548411513856,OSL Mismatch Diff %,%,std,0.00
8,1789646538411513856,1789646548411513856,Output Sequence Length,tokens,avg,512.00
8,1789646538411513856,1789646548411513856,Output Sequence Length,tokens,min,512.00
8,1789646538411513856,1789646548411513856,Output Sequence Length,tokens,max,512.00
8,1789646538411513856,1789646548411513856,Output Sequence Length,tokens,sum,16384.00
8,1789646538411513856,1789646548411513856,Output Sequence Length,tokens,p1,512.00
8,1789646538411513856,1789646548411513856,Output Sequence Length,tokens,p5,512.00
8,1789646538411513856,1789646548411513856,Output Sequence Length,tokens,p10,512.00
8,1789646538411513856,1789646548411513856,Output Sequence Length,tokens,p25,512.00
8,1789646538411513856,1789646548411513856,Output Sequence Length,tokens,p50,512.00
8,1789646538411513856,1789646548411513856,Output Sequence Length,tokens,p75,512.00
8,1789646538411513856,1789646548411513856,Output Sequence Length,tokens,p90,512.00
8,1789646538411513856,1789646548411513856,Output Sequence Length,tokens,p95,512.00
8,1789646538411513856,1789646548411513856,Output Sequence Length,tokens,p99,512.00
8,1789646538411513856,1789646548411513856,Output Sequence Length,tokens,std,0.00
8,1789646538411513856,1789646548411513856,Output Token Throughput,tokens/sec,avg,1638.40
8,1789646538411513856,1789646548411513856,Output Token Throughput Per User,tokens/sec/user,avg,68.43
8,1789646538411513856,1789646548411513856,Output Token Throughput Per User,tokens/sec/user,min,66.56
8,1789646538411513856,1789646548411513856,Output Token Throughput Per User,tokens/sec/user,max,69.19
8,1789646538411513856,1789646548411513856,Output Token Throughput Per User,tokens/sec/user,sum,2189.84
8,1789646538411513856,1789646548411513856,Output Token Throughput Per User,tokens/sec/user,p1,66.80
8,1789646538411513856,1789646548411513856,Output Token Throughput Per User,tokens/sec/user,p5,67.33
8,1789646538411513856,1789646548411513856,Output Token Throughput Per User,tokens/sec/user,p10,67.77
8,1789646538411513856,1789646548411513856,Output Token Throughput Per User,tokens/sec/user,p25,67.77
8,1789646538411513856,1789646548411513856,Output Token Throughput Per User,tokens/sec/user,p50,68.83
8,1789646538411513856,1789646548411513856,Output Token Throughput Per User,tokens/sec/user,p75,68.83
8,1789646538411513856,1789646548411513856,Output Token Throughput Per User,tokens/sec/user,p90,68.83
8,1789646538411513856,1789646548411513856,Output Token Throughput Per User,tokens/sec/user,p95,69.01
8,1789646538411513856,1789646548411513856,Output Token Throughput Per User,tokens/sec/user,p99,69.19
8,1789646538411513856,1789646548411513856,Output Token Throughput Per User,tokens/sec/user,std,0.64
8,1789646538411513856,1789646548411513856,Overall Usage Prompt Cache Read %,%,avg,92.50
8,1789646538411513856,1789646548411513856,Prefill Throughput Per User,tokens/sec/user,avg,2735.84
8,1789646538411513856,1789646548411513856,Prefill Throughput Per User,tokens/sec/user,min,2342.65
8,1789646538411513856,1789646548411513856,Prefill Throughput Per User,tokens/sec/user,max,5051.60
8,1789646538411513856,1789646548411513856,Prefill Throughput Per User,tokens/sec/user,sum,87546.89
8,1789646538411513856,1789646548411513856,Prefill Throughput Per User,tokens/sec/user,p1,2342.88
8,1789646538411513856,1789646548411513856,Prefill Throughput Per User,tokens/sec/user,p5,2343.40
8,1789646538411513856,1789646548411513856,Prefill Throughput Per User,tokens/sec/user,p10,2343.48
8,1789646538411513856,1789646548411513856,Prefill Throughput Per User,tokens/sec/user,p25,2343.85
8,1789646538411513856,1789646548411513856,Prefill Throughput Per User,tokens/sec/user,p50,2344.15
8,1789646538411513856,1789646548411513856,Prefill Throughput Per User,tokens/sec/user,p75,3105.85
8,1789646538411513856,1789646548411513856,Prefill Throughput Per User,tokens/sec/user,p90,3541.62
8,1789646538411513856,1789646548411513856,Prefill Throughput Per User,tokens/sec/user,p95,3591.18
8,1789646538411513856,1789646548411513856,Prefill Throughput Per User,tokens/sec/user,p99,4599.23
8,1789646538411513856,1789646548411513856,Prefill Throughput Per User,tokens/sec/user,std,605.29
8,1789646538411513856,1789646548411513856,Reasoning Token Count,tokens,avg,512.00
8,1789646538411513856,1789646548411513856,Reasoning Token Count,tokens,min,512.00
8,1789646538411513856,1789646548411513856,Reasoning Token Count,tokens,max,512.00
8,1789646538411513856,1789646548411513856,Reasoning Token Count,tokens,sum,16384.00
8,1789646538411513856,1789646548411513856,Reasoning Token Count,tokens,p1,512.00
8,1789646538411513856,1789646548411513856,Reasoning Token Count,tokens,p5,512.00
8,1789646538411513856,1789646548411513856,Reasoning Token Count,tokens,p10,512.00
8,1789646538411513856,1789646548411513856,Reasoning Token Count,tokens,p25,512.00
8,1789646538411513856,1789646548411513856,Reasoning Token Count,tokens,p50,512.00
8,1789646538411513856,1789646548411513856,Reasoning Token Count,tokens,p75,512.00
8,1789646538411513856,1789646548411513856,Reasoning Token Count,tokens,p90,512.00
8,1789646538411513856,1789646548411513856,Reasoning Token Count,tokens,p95,512.00
8,1789646538411513856,1789646548411513856,Reasoning Token Count,tokens,p99,512.00
8,1789646538411513856,1789646548411513856,Reasoning Token Count,tokens,std,0.00
8,1789646538411513856,1789646548411513856,Request Count,requests,avg,32.00
8,1789646538411513856,1789646548411513856,Request Latency,ms,avg,7887.92
8,1789646538411513856,1789646548411513856,Request Latency,ms,min,7729.57
8,1789646538411513856,1789646548411513856,Request Latency,ms,max,7897.75
8,1789646538411513856,1789646548411513856,Request Latency,ms,sum,252413.53
8,1789646538411513856,1789646548411513856,Request Latency,ms,p1,7769.30
8,1789646538411513856,1789646548411513856,Request Latency,ms,p5,7857.76
8,1789646538411513856,1789646548411513856,Request Latency,ms,p10,7867.27
8,1789646538411513856,1789646548411513856,Request Latency,ms,p25,7896.43
8,1789646538411513856,1789646548411513856,Request Latency,ms,p50,7896.48
8,1789646538411513856,1789646548411513856,Request Latency,ms,p75,7896.56
8,1789646538411513856,1789646548411513856,Request Latency,ms,p90,7896.62
8,1789646538411513856,1789646548411513856,Request Latency,ms,p95,7897.19
8,1789646538411513856,1789646548411513856,Request Latency,ms,p99,7897.74
8,1789646538411513856,1789646548411513856,Request Latency,ms,std,30.40
8,1789646538411513856,1789646548411513856,Request Throughput,requests/sec,avg,3.20
8,1789646538411513856,1789646548411513856,Time to First Token,ms,avg,420.05
8,1789646538411513856,1789646548411513856,Time to First Token,ms,min,219.14
8,1789646538411513856,1789646548411513856,Time to First Token,ms,max,472.54
8,1789646538411513856,1789646548411513856,Time to First Token,ms,sum,13441.53
8,1789646538411513856,1789646548411513856,Time to First Token,ms,p1,246.73
8,1789646538411513856,1789646548411513856,Time to First Token,ms,p5,308.25
8,1789646538411513856,1789646548411513856,Time to First Token,ms,p10,313.16
8,1789646538411513856,1789646548411513856,Time to First Token,ms,p25,356.42
8,1789646538411513856,1789646548411513856,Time to First Token,ms,p50,472.24
8,1789646538411513856,1789646548411513856,Time to First Token,ms,p75,472.30
8,1789646538411513856,1789646548411513856,Time to First Token,ms,p90,472.37
8,1789646538411513856,1789646548411513856,Time to First Token,ms,p95,472.39
8,1789646538411513856,1789646548411513856,Time to First Token,ms,p99,472.49
8,1789646538411513856,1789646548411513856,Time to First Token,ms,std,71.77
8,1789646538411513856,1789646548411513856,Time to Second Token,ms,avg,45.39
8,1789646538411513856,1789646548411513856,Time to Second Token,ms,min,1.10
8,1789646538411513856,1789646548411513856,Time to Second Token,ms,max,154.54
8,1789646538411513856,1789646548411513856,Time to Second Token,ms,sum,1452.48
8,1789646538411513856,1789646548411513856,Time to Second Token,ms,p1,1.12
8,1789646538411513856,1789646548411513856,Time to Second Token,ms,p5,1.20
8,1789646538411513856,1789646548411513856,Time to Second Token,ms,p10,2.93
8,1789646538411513856,1789646548411513856,Time to Second Token,ms,p25,2.95
8,1789646538411513856,1789646548411513856,Time to Second Token,ms,p50,2.98
8,1789646538411513856,1789646548411513856,Time to Second Token,ms,p75,153.97
8,1789646538411513856,1789646548411513856,Time to Second Token,ms,p90,154.50
8,1789646538411513856,1789646548411513856,Time to Second Token,ms,p95,154.52
8,1789646538411513856,1789646548411513856,Time to Second Token,ms,p99,154.54
8,1789646538411513856,1789646548411513856,Time to Second Token,ms,std,68.20
8,1789646538411513856,1789646548411513856,Tokens In Flight,tokens,avg,43771.33
8,1789646538411513856,1789646548411513856,Tokens In Flight,tokens,min,14816.74
8,1789646538411513856,1789646548411513856,Tokens In Flight,tokens,max,51752.13
8,1789646538411513856,1789646548411513856,Tokens In Flight,tokens,p50,44368.77
8,1789646538411513856,1789646548411513856,Tokens In Flight,tokens,p90,49668.60
8,1789646538411513856,1789646548411513856,Tokens In Flight,tokens,p95,50717.59
8,1789646538411513856,1789646548411513856,Tokens In Flight,tokens,p99,51533.98
8,1789646538411513856,1789646548411513856,Tokens In Flight,tokens,std,4472.57
8,1789646538411513856,1789646548411513856,Total Input Sequence Length,tokens,avg,35424.00
8,1789646538411513856,1789646548411513856,Total Output Sequence Length,tokens,avg,16384.00
8,1789646538411513856,1789646548411513856,Total Reasoning Tokens,tokens,avg,16384.00
8,1789646538411513856,1789646548411513856,Total Token Throughput,tokens/sec,avg,5180.80
8,1789646538411513856,1789646548411513856,Total Usage Completion Tokens,tokens,avg,16384.00
8,1789646538411513856,1789646548411513856,Total Usage Prompt Cache Read Tokens,tokens,avg,32768.00
8,1789646538411513856,1789646548411513856,Total Usage Prompt Tokens,tokens,avg,35424.00
8,1789646538411513856,1789646548411513856,Total Usage Reasoning Tokens,tokens,avg,16384.00
8,1789646538411513856,1789646548411513856,Total Usage Total Tokens,tokens,avg,51808.00
8,1789646538411513856,1789646548411513856,Usage Completion Tokens,tokens,avg,512.00
8,1789646538411513856,1789646548411513856,Usage Completion Tokens,tokens,min,512.00
8,1789646538411513856,1789646548411513856,Usage Completion Tokens,tokens,max,512.00
8,1789646538411513856,1789646548411513856,Usage Completion Tokens,tokens,sum,16384.00
8,1789646538411513856,1789646548411513856,Usage Completion Tokens,tokens,p1,512.00
8,1789646538411513856,1789646548411513856,Usage Completion Tokens,tokens,p5,512.00
8,1789646538411513856,1789646548411513856,Usage Completion Tokens,tokens,p10,512.00
8,1789646538411513856,1789646548411513856,Usage Completion Tokens,tokens,p25,512.00
8,1789646538411513856,1789646548411513856,Usage Completion Tokens,tokens,p50,512.00
8,1789646538411513856,1789646548411513856,Usage Completion Tokens,tokens,p75,512.00
8,1789646538411513856,1789646548411513856,Usage Completion Tokens,tokens,p90,512.00
8,1789646538411513856,1789646548411513856,Usage Completion Tokens,tokens,p95,512.00
8,1789646538411513856,1789646548411513856,Usage Completion Tokens,tokens,p99,512.00
8,1789646538411513856,1789646548411513856,Usage Completion Tokens,tokens,std,0.00
8,1789646538411513856,1789646548411513856,Usage Prompt Cache Read Tokens,tokens,avg,1024.00
8,1789646538411513856,1789646548411513856,Usage Prompt Cache Read Tokens,tokens,min,1024.00
8,1789646538411513856,1789646548411513856,Usage Prompt Cache Read Tokens,tokens,max,1024.00
8,1789646538411513856,1789646548411513856,Usage Prompt Cache Read Tokens,tokens,sum,32768.00
8,1789646538411513856,1789646548411513856,Usage Prompt Cache Read Tokens,tokens,p1,1024.00
8,1789646538411513856,1789646548411513856,Usage Prompt Cache Read Tokens,tokens,p5,1024.00
8,1789646538411513856,1789646548411513856,Usage Prompt Cache Read Tokens,tokens,p10,1024.00
8,1789646538411513856,1789646548411513856,Usage Prompt Cache Read Tokens,tokens,p25,1024.00
8,1789646538411513856,1789646548411513856,Usage Prompt Cache Read Tokens,tokens,p50,1024.00
8,1789646538411513856,1789646548411513856,Usage Prompt Cache Read Tokens,tokens,p75,1024.00
8,1789646538411513856,1789646548411513856,Usage Prompt Cache Read Tokens,tokens,p90,1024.00
8,1789646538411513856,1789646548411513856,Usage Prompt Cache Read Tokens,tokens,p95,1024.00
8,1789646538411513856,1789646548411513856,Usage Prompt Cache Read Tokens,tokens,p99,1024.00
8,1789646538411513856,1789646548411513856,Usage Prompt Cache Read Tokens,tokens,std,0.00
8,1789646538411513856,1789646548411513856,Usage Prompt Tokens,tokens,avg,1107.00
8,1789646538411513856,1789646548411513856,Usage Prompt Tokens,tokens,min,1107.00
8,1789646538411513856,1789646548411513856,Usage Prompt Tokens,tokens,max,1107.00
8,1789646538411513856,1789646548411513856,Usage Prompt Tokens,tokens,sum,35424.00
8,1789646538411513856,1789646548411513856,Usage Prompt Tokens,tokens,p1,1107.00
8,1789646538411513856,1789646548411513856,Usage Prompt Tokens,tokens,p5,1107.00
8,1789646538411513856,1789646548411513856,Usage Prompt Tokens,tokens,p10,1107.00
8,1789646538411513856,1789646548411513856,Usage Prompt Tokens,tokens,p25,1107.00
8,1789646538411513856,1789646548411513856,Usage Prompt Tokens,tokens,p50,1107.00
8,1789646538411513856,1789646548411513856,Usage Prompt Tokens,tokens,p75,1107.00
8,1789646538411513856,1789646548411513856,Usage Prompt Tokens,tokens,p90,1107.00
8,1789646538411513856,1789646548411513856,Usage Prompt Tokens,tokens,p95,1107.00
8,1789646538411513856,1789646548411513856,Usage Prompt Tokens,tokens,p99,1107.00
8,1789646538411513856,1789646548411513856,Usage Prompt Tokens,tokens,std,0.00
8,1789646538411513856,1789646548411513856,Usage Reasoning Tokens,tokens,avg,512.00
8,1789646538411513856,1789646548411513856,Usage Reasoning Tokens,tokens,min,512.00
8,1789646538411513856,1789646548411513856,Usage Reasoning Tokens,tokens,max,512.00
8,1789646538411513856,1789646548411513856,Usage Reasoning Tokens,tokens,sum,16384.00
8,1789646538411513856,1789646548411513856,Usage Reasoning Tokens,tokens,p1,512.00
8,1789646538411513856,1789646548411513856,Usage Reasoning Tokens,tokens,p5,512.00
8,1789646538411513856,1789646548411513856,Usage Reasoning Tokens,tokens,p10,512.00
8,1789646538411513856,1789646548411513856,Usage Reasoning Tokens,tokens,p25,512.00
8,1789646538411513856,1789646548411513856,Usage Reasoning Tokens,tokens,p50,512.00
8,1789646538411513856,1789646548411513856,Usage Reasoning Tokens,tokens,p75,512.00
8,1789646538411513856,1789646548411513856,Usage Reasoning Tokens,tokens,p90,512.00
8,1789646538411513856,1789646548411513856,Usage Reasoning Tokens,tokens,p95,512.00
8,1789646538411513856,1789646548411513856,Usage Reasoning Tokens,tokens,p99,512.00
8,1789646538411513856,1789646548411513856,Usage Reasoning Tokens,tokens,std,0.00
8,1789646538411513856,1789646548411513856,Usage Total Tokens,tokens,avg,1619.00
8,1789646538411513856,1789646548411513856,Usage Total Tokens,tokens,min,1619.00
8,1789646538411513856,1789646548411513856,Usage Total Tokens,tokens,max,1619.00
8,1789646538411513856,1789646548411513856,Usage Total Tokens,tokens,sum,51808.00
8,1789646538411513856,1789646548411513856,Usage Total Tokens,tokens,p1,1619.00
8,1789646538411513856,1789646548411513856,Usage Total Tokens,tokens,p5,1619.00
8,1789646538411513856,1789646548411513856,Usage Total Tokens,tokens,p10,1619.00
8,1789646538411513856,1789646548411513856,Usage Total Tokens,tokens,p25,1619.00
8,1789646538411513856,1789646548411513856,Usage Total Tokens,tokens,p50,1619.00
8,1789646538411513856,1789646548411513856,Usage Total Tokens,tokens,p75,1619.00
8,1789646538411513856,1789646548411513856,Usage Total Tokens,tokens,p90,1619.00
8,1789646538411513856,1789646548411513856,Usage Total Tokens,tokens,p95,1619.00
8,1789646538411513856,1789646548411513856,Usage Total Tokens,tokens,p99,1619.00
8,1789646538411513856,1789646548411513856,Usage Total Tokens,tokens,std,0.00
9,1789646548411513856,1789646558411513856,Active Decode Throughput,tokens/sec,avg,2061.82
9,1789646548411513856,1789646558411513856,Active Decode Throughput,tokens/sec,min,6.95
9,1789646548411513856,1789646558411513856,Active Decode Throughput,tokens/sec,max,9440.20
9,1789646548411513856,1789646558411513856,Active Decode Throughput,tokens/sec,p50,2155.84
9,1789646548411513856,1789646558411513856,Active Decode Throughput,tokens/sec,p90,2284.51
9,1789646548411513856,1789646558411513856,Active Decode Throughput,tokens/sec,p95,2334.71
9,1789646548411513856,1789646558411513856,Active Decode Throughput,tokens/sec,p99,2924.30
9,1789646548411513856,1789646558411513856,Active Decode Throughput,tokens/sec,std,546.38
9,1789646548411513856,1789646558411513856,Active Decode Throughput Per User,tokens/sec/user,avg,64.77
9,1789646548411513856,1789646558411513856,Active Decode Throughput Per User,tokens/sec/user,min,3.97
9,1789646548411513856,1789646558411513856,Active Decode Throughput Per User,tokens/sec/user,max,319.12
9,1789646548411513856,1789646558411513856,Active Decode Throughput Per User,tokens/sec/user,p50,67.37
9,1789646548411513856,1789646558411513856,Active Decode Throughput Per User,tokens/sec/user,p90,71.39
9,1789646548411513856,1789646558411513856,Active Decode Throughput Per User,tokens/sec/user,p95,72.96
9,1789646548411513856,1789646558411513856,Active Decode Throughput Per User,tokens/sec/user,p99,91.38
9,1789646548411513856,1789646558411513856,Active Decode Throughput Per User,tokens/sec/user,std,16.09
9,1789646548411513856,1789646558411513856,Active Prefill Throughput,tokens/sec,avg,62720.78
9,1789646548411513856,1789646558411513856,Active Prefill Throughput,tokens/sec,min,3535.47
9,1789646548411513856,1789646558411513856,Active Prefill Throughput,tokens/sec,max,81559.62
9,1789646548411513856,1789646558411513856,Active Prefill Throughput,tokens/sec,p50,75969.70
9,1789646548411513856,1789646558411513856,Active Prefill Throughput,tokens/sec,p90,81559.62
9,1789646548411513856,1789646558411513856,Active Prefill Throughput,tokens/sec,p95,81559.62
9,1789646548411513856,1789646558411513856,Active Prefill Throughput,tokens/sec,p99,81559.62
9,1789646548411513856,1789646558411513856,Active Prefill Throughput,tokens/sec,std,21833.88
9,1789646548411513856,1789646558411513856,Active Prefill Throughput Per User,tokens/sec/user,avg,2802.35
9,1789646548411513856,1789646558411513856,Active Prefill Throughput Per User,tokens/sec/user,min,2474.30
9,1789646548411513856,1789646558411513856,Active Prefill Throughput Per User,tokens/sec/user,max,5030.33
9,1789646548411513856,1789646558411513856,Active Prefill Throughput Per User,tokens/sec/user,p50,2619.64
9,1789646548411513856,1789646558411513856,Active Prefill Throughput Per User,tokens/sec/user,p90,3302.14
9,1789646548411513856,1789646558411513856,Active Prefill Throughput Per User,tokens/sec/user,p95,5018.49
9,1789646548411513856,1789646558411513856,Active Prefill Throughput Per User,tokens/sec/user,p99,5030.33
9,1789646548411513856,1789646558411513856,Active Prefill Throughput Per User,tokens/sec/user,std,583.87
9,1789646548411513856,1789646558411513856,Active Total Throughput,tokens/sec,avg,6008.25
9,1789646548411513856,1789646558411513856,Active Total Throughput,tokens/sec,min,2115.10
9,1789646548411513856,1789646558411513856,Active Total Throughput,tokens/sec,max,81625.97
9,1789646548411513856,1789646558411513856,Active Total Throughput,tokens/sec,p50,2181.45
9,1789646548411513856,1789646558411513856,Active Total Throughput,tokens/sec,p90,2187.30
9,1789646548411513856,1789646558411513856,Active Total Throughput,tokens/sec,p95,57515.81
9,1789646548411513856,1789646558411513856,Active Total Throughput,tokens/sec,p99,81625.97
9,1789646548411513856,1789646558411513856,Active Total Throughput,tokens/sec,std,15726.53
9,1789646548411513856,1789646558411513856,Benchmark Duration,sec,avg,16.00
9,1789646548411513856,1789646558411513856,Decode Duration,ms,avg,7537.46
9,1789646548411513856,1789646558411513856,Decode Duration,ms,min,7405.05
9,1789646548411513856,1789646558411513856,Decode Duration,ms,max,7800.90
9,1789646548411513856,1789646558411513856,Decode Duration,ms,sum,459785.36
9,1789646548411513856,1789646558411513856,Decode Duration,ms,p1,7405.05
9,1789646548411513856,1789646558411513856,Decode Duration,ms,p5,7443.12
9,1789646548411513856,1789646558411513856,Decode Duration,ms,p10,7443.14
9,1789646548411513856,1789646558411513856,Decode Duration,ms,p25,7443.20
9,1789646548411513856,1789646558411513856,Decode Duration,ms,p50,7547.15
9,1789646548411513856,1789646558411513856,Decode Duration,ms,p75,7562.77
9,1789646548411513856,1789646558411513856,Decode Duration,ms,p90,7662.75
9,1789646548411513856,1789646558411513856,Decode Duration,ms,p95,7662.78
9,1789646548411513856,1789646558411513856,Decode Duration,ms,p99,7741.15
9,1789646548411513856,1789646558411513856,Decode Duration,ms,std,84.98
9,1789646548411513856,1789646558411513856,E2E Output Token Throughput,tokens/sec/user,avg,64.27
9,1789646548411513856,1789646558411513856,E2E Output Token Throughput,tokens/sec/user,min,63.83
9,1789646548411513856,1789646558411513856,E2E Output Token Throughput,tokens/sec/user,max,64.95
9,1789646548411513856,1789646558411513856,E2E Output Token Throughput,tokens/sec/user,sum,3920.54
9,1789646548411513856,1789646558411513856,E2E Output Token Throughput,tokens/sec/user,p1,63.83
9,1789646548411513856,1789646558411513856,E2E Output Token Throughput,tokens/sec/user,p5,63.83
9,1789646548411513856,1789646558411513856,E2E Output Token Throughput,tokens/sec/user,p10,63.83
9,1789646548411513856,1789646558411513856,E2E Output Token Throughput,tokens/sec/user,p25,63.83
9,1789646548411513856,1789646558411513856,E2E Output Token Throughput,tokens/sec/user,p50,64.63
9,1789646548411513856,1789646558411513856,E2E Output Token Throughput,tokens/sec/user,p75,64.64
9,1789646548411513856,1789646558411513856,E2E Output Token Throughput,tokens/sec/user,p90,64.64
9,1789646548411513856,1789646558411513856,E2E Output Token Throughput,tokens/sec/user,p95,64.64
9,1789646548411513856,1789646558411513856,E2E Output Token Throughput,tokens/sec/user,p99,64.95
9,1789646548411513856,1789646558411513856,E2E Output Token Throughput,tokens/sec/user,std,0.41
9,1789646548411513856,1789646558411513856,Effective Concurrency,requests,avg,31.98
9,1789646548411513856,1789646558411513856,Effective Concurrency,requests,min,12.00
9,1789646548411513856,1789646558411513856,Effective Concurrency,requests,max,32.00
9,1789646548411513856,1789646558411513856,Effective Concurrency,requests,p50,32.00
9,1789646548411513856,1789646558411513856,Effective Concurrency,requests,p90,32.00
9,1789646548411513856,1789646558411513856,Effective Concurrency,requests,p95,32.00
9,1789646548411513856,1789646558411513856,Effective Concurrency,requests,p99,32.00
9,1789646548411513856,1789646558411513856,Effective Concurrency,requests,std,0.54
9,1789646548411513856,1789646558411513856,Effective Decode Concurrency,requests,avg,30.48
9,1789646548411513856,1789646558411513856,Effective Decode Concurrency,requests,min,1.00
9,1789646548411513856,1789646558411513856,Effective Decode Concurrency,requests,max,32.00
9,1789646548411513856,1789646558411513856,Effective Decode Concurrency,requests,p50,32.00
9,1789646548411513856,1789646558411513856,Effective Decode Concurrency,requests,p90,32.00
9,1789646548411513856,1789646558411513856,Effective Decode Concurrency,requests,p95,32.00
9,1789646548411513856,1789646558411513856,Effective Decode Concurrency,requests,p99,32.00
9,1789646548411513856,1789646558411513856,Effective Decode Concurrency,requests,std,6.24
9,1789646548411513856,1789646558411513856,Effective Decode Throughput,tokens/sec,avg,2061.82
9,1789646548411513856,1789646558411513856,Effective Decode Throughput,tokens/sec,min,6.95
9,1789646548411513856,1789646558411513856,Effective Decode Throughput,tokens/sec,max,9440.20
9,1789646548411513856,1789646558411513856,Effective Decode Throughput,tokens/sec,p50,2155.84
9,1789646548411513856,1789646558411513856,Effective Decode Throughput,tokens/sec,p90,2284.51
9,1789646548411513856,1789646558411513856,Effective Decode Throughput,tokens/sec,p95,2334.71
9,1789646548411513856,1789646558411513856,Effective Decode Throughput,tokens/sec,p99,2924.30
9,1789646548411513856,1789646558411513856,Effective Decode Throughput,tokens/sec,std,546.38
9,1789646548411513856,1789646558411513856,Effective Decode Throughput Per User,tokens/sec/user,avg,64.77
9,1789646548411513856,1789646558411513856,Effective Decode Throughput Per User,tokens/sec/user,min,3.97
9,1789646548411513856,1789646558411513856,Effective Decode Throughput Per User,tokens/sec/user,max,319.12
9,1789646548411513856,1789646558411513856,Effective Decode Throughput Per User,tokens/sec/user,p50,67.37
9,1789646548411513856,1789646558411513856,Effective Decode Throughput Per User,tokens/sec/user,p90,71.39
9,1789646548411513856,1789646558411513856,Effective Decode Throughput Per User,tokens/sec/user,p95,72.96
9,1789646548411513856,1789646558411513856,Effective Decode Throughput Per User,tokens/sec/user,p99,91.38
9,1789646548411513856,1789646558411513856,Effective Decode Throughput Per User,tokens/sec/user,std,16.09
9,1789646548411513856,1789646558411513856,Effective Prefill Concurrency,requests,avg,1.50
9,1789646548411513856,1789646558411513856,Effective Prefill Concurrency,requests,min,0.00
9,1789646548411513856,1789646558411513856,Effective Prefill Concurrency,requests,max,31.00
9,1789646548411513856,1789646558411513856,Effective Prefill Concurrency,requests,p50,0.00
9,1789646548411513856,1789646558411513856,Effective Prefill Concurrency,requests,p90,0.00
9,1789646548411513856,1789646558411513856,Effective Prefill Concurrency,requests,p95,23.00
9,1789646548411513856,1789646558411513856,Effective Prefill Concurrency,requests,p99,31.00
9,1789646548411513856,1789646558411513856,Effective Prefill Concurrency,requests,std,6.20
9,1789646548411513856,1789646558411513856,Effective Prefill Throughput,tokens/sec,avg,3929.05
9,1789646548411513856,1789646558411513856,Effective Prefill Throughput,tokens/sec,min,0.00
9,1789646548411513856,1789646558411513856,Effective Prefill Throughput,tokens/sec,max,81559.62
9,1789646548411513856,1789646558411513856,Effective Prefill Throughput,tokens/sec,p50,0.00
9,1789646548411513856,1789646558411513856,Effective Prefill Throughput,tokens/sec,p90,0.00
9,1789646548411513856,1789646558411513856,Effective Prefill Throughput,tokens/sec,p95,56908.92
9,1789646548411513856,1789646558411513856,Effective Prefill Throughput,tokens/sec,p99,81559.62
9,1789646548411513856,1789646558411513856,Effective Prefill Throughput,tokens/sec,std,16151.13
9,1789646548411513856,1789646558411513856,Effective Prefill Throughput Per User,tokens/sec/user,avg,175.55
9,1789646548411513856,1789646558411513856,Effective Prefill Throughput Per User,tokens/sec/user,min,0.00
9,1789646548411513856,1789646558411513856,Effective Prefill Throughput Per User,tokens/sec/user,max,5030.33
9,1789646548411513856,1789646558411513856,Effective Prefill Throughput Per User,tokens/sec/user,p50,0.00
9,1789646548411513856,1789646558411513856,Effective Prefill Throughput Per User,tokens/sec/user,p90,0.00
9,1789646548411513856,1789646558411513856,Effective Prefill Throughput Per User,tokens/sec/user,p95,2474.30
9,1789646548411513856,1789646558411513856,Effective Prefill Throughput Per User,tokens/sec/user,p99,3296.58
9,1789646548411513856,1789646558411513856,Effective Prefill Throughput Per User,tokens/sec/user,std,694.61
9,1789646548411513856,1789646558411513856,Effective Total Throughput,tokens/sec,avg,6008.25
9,1789646548411513856,1789646558411513856,Effective Total Throughput,tokens/sec,min,2115.10
9,1789646548411513856,1789646558411513856,Effective Total Throughput,tokens/sec,max,81625.97
9,1789646548411513856,1789646558411513856,Effective Total Throughput,tokens/sec,p50,2181.45
9,1789646548411513856,1789646558411513856,Effective Total Throughput,tokens/sec,p90,2187.30
9,1789646548411513856,1789646558411513856,Effective Total Throughput,tokens/sec,p95,57515.81
9,1789646548411513856,1789646558411513856,Effective Total Throughput,tokens/sec,p99,81625.97
9,1789646548411513856,1789646558411513856,Effective Total Throughput,tokens/sec,std,15726.53
9,1789646548411513856,1789646558411513856,HTTP Blocked,ms,avg,0.00
9,1789646548411513856,1789646558411513856,HTTP Blocked,ms,min,0.00
9,1789646548411513856,1789646558411513856,HTTP Blocked,ms,max,0.00
9,1789646548411513856,1789646558411513856,HTTP Blocked,ms,sum,0.00
9,1789646548411513856,1789646558411513856,HTTP Blocked,ms,p1,0.00
9,1789646548411513856,1789646558411513856,HTTP Blocked,ms,p5,0.00
9,1789646548411513856,1789646558411513856,HTTP Blocked,ms,p10,0.00
9,1789646548411513856,1789646558411513856,HTTP Blocked,ms,p25,0.00
9,1789646548411513856,1789646558411513856,HTTP Blocked,ms,p50,0.00
9,1789646548411513856,1789646558411513856,HTTP Blocked,ms,p75,0.00
9,1789646548411513856,1789646558411513856,HTTP Blocked,ms,p90,0.00
9,1789646548411513856,1789646558411513856,HTTP Blocked,ms,p95,0.00
9,1789646548411513856,1789646558411513856,HTTP Blocked,ms,p99,0.00
9,1789646548411513856,1789646558411513856,HTTP Blocked,ms,std,0.00
9,1789646548411513856,1789646558411513856,HTTP Chunks Received,count,avg,472.18
9,1789646548411513856,1789646558411513856,HTTP Chunks Received,count,min,440.00
9,1789646548411513856,1789646558411513856,HTTP Chunks Received,count,max,510.00
9,1789646548411513856,1789646558411513856,HTTP Chunks Received,count,sum,28803.00
9,1789646548411513856,1789646558411513856,HTTP Chunks Received,count,p1,442.40
9,1789646548411513856,1789646558411513856,HTTP Chunks Received,count,p5,449.00
9,1789646548411513856,1789646558411513856,HTTP Chunks Received,count,p10,456.00
9,1789646548411513856,1789646558411513856,HTTP Chunks Received,count,p25,462.00
9,1789646548411513856,1789646558411513856,HTTP Chunks Received,count,p50,472.00
9,1789646548411513856,1789646558411513856,HTTP Chunks Received,count,p75,478.00
9,1789646548411513856,1789646558411513856,HTTP Chunks Received,count,p90,494.00
9,1789646548411513856,1789646558411513856,HTTP Chunks Received,count,p95,498.00
9,1789646548411513856,1789646558411513856,HTTP Chunks Received,count,p99,508.20
9,1789646548411513856,1789646558411513856,HTTP Chunks Received,count,std,14.94
9,1789646548411513856,1789646558411513856,HTTP Chunks Sent,count,avg,1.00
9,1789646548411513856,1789646558411513856,HTTP Chunks Sent,count,min,1.00
9,1789646548411513856,1789646558411513856,HTTP Chunks Sent,count,max,1.00
9,1789646548411513856,1789646558411513856,HTTP Chunks Sent,count,sum,61.00
9,1789646548411513856,1789646558411513856,HTTP Chunks Sent,count,p1,1.00
9,1789646548411513856,1789646558411513856,HTTP Chunks Sent,count,p5,1.00
9,1789646548411513856,1789646558411513856,HTTP Chunks Sent,count,p10,1.00
9,1789646548411513856,1789646558411513856,HTTP Chunks Sent,count,p25,1.00
9,1789646548411513856,1789646558411513856,HTTP Chunks Sent,count,p50,1.00
9,1789646548411513856,1789646558411513856,HTTP Chunks Sent,count,p75,1.00
9,1789646548411513856,1789646558411513856,HTTP Chunks Sent,count,p90,1.00
9,1789646548411513856,1789646558411513856,HTTP Chunks Sent,count,p95,1.00
9,1789646548411513856,1789646558411513856,HTTP Chunks Sent,count,p99,1.00
9,1789646548411513856,1789646558411513856,HTTP Chunks Sent,count,std,0.00
9,1789646548411513856,1789646558411513856,HTTP Connecting,ms,avg,0.00
9,1789646548411513856,1789646558411513856,HTTP Connecting,ms,min,0.00
9,1789646548411513856,1789646558411513856,HTTP Connecting,ms,max,0.00
9,1789646548411513856,1789646558411513856,HTTP Connecting,ms,sum,0.00
9,1789646548411513856,1789646558411513856,HTTP Connecting,ms,p1,0.00
9,1789646548411513856,1789646558411513856,HTTP Connecting,ms,p5,0.00
9,1789646548411513856,1789646558411513856,HTTP Connecting,ms,p10,0.00
9,1789646548411513856,1789646558411513856,HTTP Connecting,ms,p25,0.00
9,1789646548411513856,1789646558411513856,HTTP Connecting,ms,p50,0.00
9,1789646548411513856,1789646558411513856,HTTP Connecting,ms,p75,0.00
9,1789646548411513856,1789646558411513856,HTTP Connecting,ms,p90,0.00
9,1789646548411513856,1789646558411513856,HTTP Connecting,ms,p95,0.00
9,1789646548411513856,1789646558411513856,HTTP Connecting,ms,p99,0.00
9,1789646548411513856,1789646558411513856,HTTP Connecting,ms,std,0.00
9,1789646548411513856,1789646558411513856,HTTP Connection Overhead,ms,avg,0.00
9,1789646548411513856,1789646558411513856,HTTP Connection Overhead,ms,min,0.00
9,1789646548411513856,1789646558411513856,HTTP Connection Overhead,ms,max,0.00
9,1789646548411513856,1789646558411513856,HTTP Connection Overhead,ms,sum,0.00
9,1789646548411513856,1789646558411513856,HTTP Connection Overhead,ms,p1,0.00
9,1789646548411513856,1789646558411513856,HTTP Connection Overhead,ms,p5,0.00
9,1789646548411513856,1789646558411513856,HTTP Connection Overhead,ms,p10,0.00
9,1789646548411513856,1789646558411513856,HTTP Connection Overhead,ms,p25,0.00
9,1789646548411513856,1789646558411513856,HTTP Connection Overhead,ms,p50,0.00
9,1789646548411513856,1789646558411513856,HTTP Connection Overhead,ms,p75,0.00
9,1789646548411513856,1789646558411513856,HTTP Connection Overhead,ms,p90,0.00
9,1789646548411513856,1789646558411513856,HTTP Connection Overhead,ms,p95,0.00
9,1789646548411513856,1789646558411513856,HTTP Connection Overhead,ms,p99,0.00
9,1789646548411513856,1789646558411513856,HTTP Connection Overhead,ms,std,0.00
9,1789646548411513856,1789646558411513856,HTTP Connection Reused,ratio,avg,1.00
9,1789646548411513856,1789646558411513856,HTTP Connection Reused,ratio,min,1.00
9,1789646548411513856,1789646558411513856,HTTP Connection Reused,ratio,max,1.00
9,1789646548411513856,1789646558411513856,HTTP Connection Reused,ratio,sum,61.00
9,1789646548411513856,1789646558411513856,HTTP Connection Reused,ratio,p1,1.00
9,1789646548411513856,1789646558411513856,HTTP Connection Reused,ratio,p5,1.00
9,1789646548411513856,1789646558411513856,HTTP Connection Reused,ratio,p10,1.00
9,1789646548411513856,1789646558411513856,HTTP Connection Reused,ratio,p25,1.00
9,1789646548411513856,1789646558411513856,HTTP Connection Reused,ratio,p50,1.00
9,1789646548411513856,1789646558411513856,HTTP Connection Reused,ratio,p75,1.00
9,1789646548411513856,1789646558411513856,HTTP Connection Reused,ratio,p90,1.00
9,1789646548411513856,1789646558411513856,HTTP Connection Reused,ratio,p95,1.00
9,1789646548411513856,1789646558411513856,HTTP Connection Reused,ratio,p99,1.00
9,1789646548411513856,1789646558411513856,HTTP Connection Reused,ratio,std,0.00
9,1789646548411513856,1789646558411513856,HTTP Data Received,KB,avg,125.92
9,1789646548411513856,1789646558411513856,HTTP Data Received,KB,min,117.27
9,1789646548411513856,1789646558411513856,HTTP Data Received,KB,max,135.89
9,1789646548411513856,1789646558411513856,HTTP Data Received,KB,sum,7681.08
9,1789646548411513856,1789646558411513856,HTTP Data Received,KB,p1,118.07
9,1789646548411513856,1789646558411513856,HTTP Data Received,KB,p5,119.67
9,1789646548411513856,1789646558411513856,HTTP Data Received,KB,p10,121.76
9,1789646548411513856,1789646558411513856,HTTP Data Received,KB,p25,123.22
9,1789646548411513856,1789646558411513856,HTTP Data Received,KB,p50,125.82
9,1789646548411513856,1789646558411513856,HTTP Data Received,KB,p75,127.52
9,1789646548411513856,1789646558411513856,HTTP Data Received,KB,p90,131.70
9,1789646548411513856,1789646558411513856,HTTP Data Received,KB,p95,132.86
9,1789646548411513856,1789646558411513856,HTTP Data Received,KB,p99,135.43
9,1789646548411513856,1789646558411513856,HTTP Data Received,KB,std,3.96
9,1789646548411513856,1789646558411513856,HTTP Data Sent,KB,avg,4.55
9,1789646548411513856,1789646558411513856,HTTP Data Sent,KB,min,3.99
9,1789646548411513856,1789646558411513856,HTTP Data Sent,KB,max,4.96
9,1789646548411513856,1789646558411513856,HTTP Data Sent,KB,sum,277.76
9,1789646548411513856,1789646558411513856,HTTP Data Sent,KB,p1,4.04
9,1789646548411513856,1789646558411513856,HTTP Data Sent,KB,p5,4.16
9,1789646548411513856,1789646558411513856,HTTP Data Sent,KB,p10,4.35
9,1789646548411513856,1789646558411513856,HTTP Data Sent,KB,p25,4.45
9,1789646548411513856,1789646558411513856,HTTP Data Sent,KB,p50,4.55
9,1789646548411513856,1789646558411513856,HTTP Data Sent,KB,p75,4.67
9,1789646548411513856,1789646558411513856,HTTP Data Sent,KB,p90,4.82
9,1789646548411513856,1789646558411513856,HTTP Data Sent,KB,p95,4.86
9,1789646548411513856,1789646558411513856,HTTP Data Sent,KB,p99,4.91
9,1789646548411513856,1789646558411513856,HTTP Data Sent,KB,std,0.20
9,1789646548411513856,1789646558411513856,HTTP DNS Lookup,ms,avg,0.00
9,1789646548411513856,1789646558411513856,HTTP DNS Lookup,ms,min,0.00
9,1789646548411513856,1789646558411513856,HTTP DNS Lookup,ms,max,0.00
9,1789646548411513856,1789646558411513856,HTTP DNS Lookup,ms,sum,0.00
9,1789646548411513856,1789646558411513856,HTTP DNS Lookup,ms,p1,0.00
9,1789646548411513856,1789646558411513856,HTTP DNS Lookup,ms,p5,0.00
9,1789646548411513856,1789646558411513856,HTTP DNS Lookup,ms,p10,0.00
9,1789646548411513856,1789646558411513856,HTTP DNS Lookup,ms,p25,0.00
9,1789646548411513856,1789646558411513856,HTTP DNS Lookup,ms,p50,0.00
9,1789646548411513856,1789646558411513856,HTTP DNS Lookup,ms,p75,0.00
9,1789646548411513856,1789646558411513856,HTTP DNS Lookup,ms,p90,0.00
9,1789646548411513856,1789646558411513856,HTTP DNS Lookup,ms,p95,0.00
9,1789646548411513856,1789646558411513856,HTTP DNS Lookup,ms,p99,0.00
9,1789646548411513856,1789646558411513856,HTTP DNS Lookup,ms,std,0.00
9,1789646548411513856,1789646558411513856,HTTP Duration (excl. conn),ms,avg,7969.03
9,1789646548411513856,1789646558411513856,HTTP Duration (excl. conn),ms,min,7921.14
9,1789646548411513856,1789646558411513856,HTTP Duration (excl. conn),ms,max,8021.69
9,1789646548411513856,1789646558411513856,HTTP Duration (excl. conn),ms,sum,486110.83
9,1789646548411513856,1789646558411513856,HTTP Duration (excl. conn),ms,p1,7921.18
9,1789646548411513856,1789646558411513856,HTTP Duration (excl. conn),ms,p5,7921.21
9,1789646548411513856,1789646558411513856,HTTP Duration (excl. conn),ms,p10,7921.26
9,1789646548411513856,1789646558411513856,HTTP Duration (excl. conn),ms,p25,7921.32
9,1789646548411513856,1789646558411513856,HTTP Duration (excl. conn),ms,p50,7922.01
9,1789646548411513856,1789646558411513856,HTTP Duration (excl. conn),ms,p75,8021.49
9,1789646548411513856,1789646558411513856,HTTP Duration (excl. conn),ms,p90,8021.60
9,1789646548411513856,1789646558411513856,HTTP Duration (excl. conn),ms,p95,8021.61
9,1789646548411513856,1789646558411513856,HTTP Duration (excl. conn),ms,p99,8021.68
9,1789646548411513856,1789646558411513856,HTTP Duration (excl. conn),ms,std,49.94
9,1789646548411513856,1789646558411513856,HTTP Receiving,ms,avg,7539.98
9,1789646548411513856,1789646558411513856,HTTP Receiving,ms,min,7443.12
9,1789646548411513856,1789646558411513856,HTTP Receiving,ms,max,7800.90
9,1789646548411513856,1789646558411513856,HTTP Receiving,ms,sum,459938.70
9,1789646548411513856,1789646558411513856,HTTP Receiving,ms,p1,7443.12
9,1789646548411513856,1789646558411513856,HTTP Receiving,ms,p5,7443.14
9,1789646548411513856,1789646558411513856,HTTP Receiving,ms,p10,7443.16
9,1789646548411513856,1789646558411513856,HTTP Receiving,ms,p25,7443.21
9,1789646548411513856,1789646558411513856,HTTP Receiving,ms,p50,7547.18
9,1789646548411513856,1789646558411513856,HTTP Receiving,ms,p75,7562.78
9,1789646548411513856,1789646558411513856,HTTP Receiving,ms,p90,7662.76
9,1789646548411513856,1789646558411513856,HTTP Receiving,ms,p95,7662.79
9,1789646548411513856,1789646558411513856,HTTP Receiving,ms,p99,7741.15
9,1789646548411513856,1789646558411513856,HTTP Receiving,ms,std,83.11
9,1789646548411513856,1789646558411513856,HTTP Sending,ms,avg,0.13
9,1789646548411513856,1789646558411513856,HTTP Sending,ms,min,0.12
9,1789646548411513856,1789646558411513856,HTTP Sending,ms,max,0.15
9,1789646548411513856,1789646558411513856,HTTP Sending,ms,sum,8.19
9,1789646548411513856,1789646558411513856,HTTP Sending,ms,p1,0.12
9,1789646548411513856,1789646558411513856,HTTP Sending,ms,p5,0.13
9,1789646548411513856,1789646558411513856,HTTP Sending,ms,p10,0.13
9,1789646548411513856,1789646558411513856,HTTP Sending,ms,p25,0.13
9,1789646548411513856,1789646558411513856,HTTP Sending,ms,p50,0.13
9,1789646548411513856,1789646558411513856,HTTP Sending,ms,p75,0.14
9,1789646548411513856,1789646558411513856,HTTP Sending,ms,p90,0.14
9,1789646548411513856,1789646558411513856,HTTP Sending,ms,p95,0.15
9,1789646548411513856,1789646558411513856,HTTP Sending,ms,p99,0.15
9,1789646548411513856,1789646558411513856,HTTP Sending,ms,std,0.01
9,1789646548411513856,1789646558411513856,HTTP Total Time,ms,avg,7969.03
9,1789646548411513856,1789646558411513856,HTTP Total Time,ms,min,7921.14
9,1789646548411513856,1789646558411513856,HTTP Total Time,ms,max,8021.69
9,1789646548411513856,1789646558411513856,HTTP Total Time,ms,sum,486110.83
9,1789646548411513856,1789646558411513856,HTTP Total Time,ms,p1,7921.18
9,1789646548411513856,1789646558411513856,HTTP Total Time,ms,p5,7921.21
9,1789646548411513856,1789646558411513856,HTTP Total Time,ms,p10,7921.26
9,1789646548411513856,1789646558411513856,HTTP Total Time,ms,p25,7921.32
9,1789646548411513856,1789646558411513856,HTTP Total Time,ms,p50,7922.01
9,1789646548411513856,1789646558411513856,HTTP Total Time,ms,p75,8021.49
9,1789646548411513856,1789646558411513856,HTTP Total Time,ms,p90,8021.60
9,1789646548411513856,1789646558411513856,HTTP Total Time,ms,p95,8021.61
9,1789646548411513856,1789646558411513856,HTTP Total Time,ms,p99,8021.68
9,1789646548411513856,1789646558411513856,HTTP Total Time,ms,std,49.94
9,1789646548411513856,1789646558411513856,HTTP Waiting (TTFB),ms,avg,428.92
9,1789646548411513856,1789646558411513856,HTTP Waiting (TTFB),ms,min,219.89
9,1789646548411513856,1789646558411513856,HTTP Waiting (TTFB),ms,max,478.20
9,1789646548411513856,1789646558411513856,HTTP Waiting (TTFB),ms,sum,26163.94
9,1789646548411513856,1789646558411513856,HTTP Waiting (TTFB),ms,p1,220.20
9,1789646548411513856,1789646558411513856,HTTP Waiting (TTFB),ms,p5,312.93
9,1789646548411513856,1789646558411513856,HTTP Waiting (TTFB),ms,p10,358.50
9,1789646548411513856,1789646558411513856,HTTP Waiting (TTFB),ms,p25,359.02
9,1789646548411513856,1789646558411513856,HTTP Waiting (TTFB),ms,p50,474.25
9,1789646548411513856,1789646558411513856,HTTP Waiting (TTFB),ms,p75,477.91
9,1789646548411513856,1789646558411513856,HTTP Waiting (TTFB),ms,p90,478.01
9,1789646548411513856,1789646558411513856,HTTP Waiting (TTFB),ms,p95,478.04
9,1789646548411513856,1789646558411513856,HTTP Waiting (TTFB),ms,p99,478.12
9,1789646548411513856,1789646558411513856,HTTP Waiting (TTFB),ms,std,69.60
9,1789646548411513856,1789646558411513856,Input Sequence Length,tokens,avg,1107.00
9,1789646548411513856,1789646558411513856,Input Sequence Length,tokens,min,1107.00
9,1789646548411513856,1789646558411513856,Input Sequence Length,tokens,max,1107.00
9,1789646548411513856,1789646558411513856,Input Sequence Length,tokens,sum,67527.00
9,1789646548411513856,1789646558411513856,Input Sequence Length,tokens,p1,1107.00
9,1789646548411513856,1789646558411513856,Input Sequence Length,tokens,p5,1107.00
9,1789646548411513856,1789646558411513856,Input Sequence Length,tokens,p10,1107.00
9,1789646548411513856,1789646558411513856,Input Sequence Length,tokens,p25,1107.00
9,1789646548411513856,1789646558411513856,Input Sequence Length,tokens,p50,1107.00
9,1789646548411513856,1789646558411513856,Input Sequence Length,tokens,p75,1107.00
9,1789646548411513856,1789646558411513856,Input Sequence Length,tokens,p90,1107.00
9,1789646548411513856,1789646558411513856,Input Sequence Length,tokens,p95,1107.00
9,1789646548411513856,1789646558411513856,Input Sequence Length,tokens,p99,1107.00
9,1789646548411513856,1789646558411513856,Input Sequence Length,tokens,std,0.00
9,1789646548411513856,1789646558411513856,Input Token Throughput,tokens/sec,avg,6752.70
9,1789646548411513856,1789646558411513856,Inter Chunk Latency,ms,avg,16.00
9,1789646548411513856,1789646558411513856,Inter Chunk Latency,ms,min,1.13
9,1789646548411513856,1789646558411513856,Inter Chunk Latency,ms,max,168.44
9,1789646548411513856,1789646558411513856,Inter Chunk Latency,ms,sum,459785.36
9,1789646548411513856,1789646558411513856,Inter Chunk Latency,ms,p1,9.03
9,1789646548411513856,1789646558411513856,Inter Chunk Latency,ms,p5,13.33
9,1789646548411513856,1789646558411513856,Inter Chunk Latency,ms,p10,14.08
9,1789646548411513856,1789646558411513856,Inter Chunk Latency,ms,p25,14.56
9,1789646548411513856,1789646558411513856,Inter Chunk Latency,ms,p50,14.99
9,1789646548411513856,1789646558411513856,Inter Chunk Latency,ms,p75,15.30
9,1789646548411513856,1789646558411513856,Inter Chunk Latency,ms,p90,15.75
9,1789646548411513856,1789646558411513856,Inter Chunk Latency,ms,p95,29.30
9,1789646548411513856,1789646558411513856,Inter Chunk Latency,ms,p99,30.99
9,1789646548411513856,1789646558411513856,Inter Chunk Latency,ms,std,6.00
9,1789646548411513856,1789646558411513856,Inter Token Latency,ms,avg,14.75
9,1789646548411513856,1789646558411513856,Inter Token Latency,ms,min,14.49
9,1789646548411513856,1789646558411513856,Inter Token Latency,ms,max,15.27
9,1789646548411513856,1789646558411513856,Inter Token Latency,ms,sum,899.78
9,1789646548411513856,1789646558411513856,Inter Token Latency,ms,p1,14.49
9,1789646548411513856,1789646558411513856,Inter Token Latency,ms,p5,14.57
9,1789646548411513856,1789646558411513856,Inter Token Latency,ms,p10,14.57
9,1789646548411513856,1789646558411513856,Inter Token Latency,ms,p25,14.57
9,1789646548411513856,1789646558411513856,Inter Token Latency,ms,p50,14.77
9,1789646548411513856,1789646558411513856,Inter Token Latency,ms,p75,14.80
9,1789646548411513856,1789646558411513856,Inter Token Latency,ms,p90,15.00
9,1789646548411513856,1789646558411513856,Inter Token Latency,ms,p95,15.00
9,1789646548411513856,1789646558411513856,Inter Token Latency,ms,p99,15.15
9,1789646548411513856,1789646558411513856,Inter Token Latency,ms,std,0.17
9,1789646548411513856,1789646558411513856,OSL Mismatch Count,requests,avg,0.00
9,1789646548411513856,1789646558411513856,OSL Mismatch Diff %,%,avg,0.00
9,1789646548411513856,1789646558411513856,OSL Mismatch Diff %,%,min,0.00
9,1789646548411513856,1789646558411513856,OSL Mismatch Diff %,%,max,0.00
9,1789646548411513856,1789646558411513856,OSL Mismatch Diff %,%,sum,0.00
9,1789646548411513856,1789646558411513856,OSL Mismatch Diff %,%,p1,0.00
9,1789646548411513856,1789646558411513856,OSL Mismatch Diff %,%,p5,0.00
9,1789646548411513856,1789646558411513856,OSL Mismatch Diff %,%,p10,0.00
9,1789646548411513856,1789646558411513856,OSL Mismatch Diff %,%,p25,0.00
9,1789646548411513856,1789646558411513856,OSL Mismatch Diff %,%,p50,0.00
9,1789646548411513856,1789646558411513856,OSL Mismatch Diff %,%,p75,0.00
9,1789646548411513856,1789646558411513856,OSL Mismatch Diff %,%,p90,0.00
9,1789646548411513856,1789646558411513856,OSL Mismatch Diff %,%,p95,0.00
9,1789646548411513856,1789646558411513856,OSL Mismatch Diff %,%,p99,0.00
9,1789646548411513856,1789646558411513856,OSL Mismatch Diff %,%,std,0.00
9,1789646548411513856,1789646558411513856,Output Sequence Length,tokens,avg,512.00
9,1789646548411513856,1789646558411513856,Output Sequence Length,tokens,min,512.00
9,1789646548411513856,1789646558411513856,Output Sequence Length,tokens,max,512.00
9,1789646548411513856,1789646558411513856,Output Sequence Length,tokens,sum,31232.00
9,1789646548411513856,1789646558411513856,Output Sequence Length,tokens,p1,512.00
9,1789646548411513856,1789646558411513856,Output Sequence Length,tokens,p5,512.00
9,1789646548411513856,1789646558411513856,Output Sequence Length,tokens,p10,512.00
9,1789646548411513856,1789646558411513856,Output Sequence Length,tokens,p25,512.00
9,1789646548411513856,1789646558411513856,Output Sequence Length,tokens,p50,512.00
9,1789646548411513856,1789646558411513856,Output Sequence Length,tokens,p75,512.00
9,1789646548411513856,1789646558411513856,Output Sequence Length,tokens,p90,512.00
9,1789646548411513856,1789646558411513856,Output Sequence Length,tokens,p95,512.00
9,1789646548411513856,1789646558411513856,Output Sequence Length,tokens,p99,512.00
9,1789646548411513856,1789646558411513856,Output Sequence Length,tokens,std,0.00
9,1789646548411513856,1789646558411513856,Output Token Throughput,tokens/sec,avg,3123.20
9,1789646548411513856,1789646558411513856,Output Token Throughput Per User,tokens/sec/user,avg,67.80
9,1789646548411513856,1789646558411513856,Output Token Throughput Per User,tokens/sec/user,min,65.51
9,1789646548411513856,1789646558411513856,Output Token Throughput Per User,tokens/sec/user,max,69.01
9,1789646548411513856,1789646558411513856,Output Token Throughput Per User,tokens/sec/user,sum,4136.00
9,1789646548411513856,1789646558411513856,Output Token Throughput Per User,tokens/sec/user,p1,66.01
9,1789646548411513856,1789646558411513856,Output Token Throughput Per User,tokens/sec/user,p5,66.69
9,1789646548411513856,1789646558411513856,Output Token Throughput Per User,tokens/sec/user,p10,66.69
9,1789646548411513856,1789646558411513856,Output Token Throughput Per User,tokens/sec/user,p25,67.57
9,1789646548411513856,1789646558411513856,Output Token Throughput Per User,tokens/sec/user,p50,67.71
9,1789646548411513856,1789646558411513856,Output Token Throughput Per User,tokens/sec/user,p75,68.65
9,1789646548411513856,1789646558411513856,Output Token Throughput Per User,tokens/sec/user,p90,68.65
9,1789646548411513856,1789646558411513856,Output Token Throughput Per User,tokens/sec/user,p95,68.65
9,1789646548411513856,1789646558411513856,Output Token Throughput Per User,tokens/sec/user,p99,69.01
9,1789646548411513856,1789646558411513856,Output Token Throughput Per User,tokens/sec/user,std,0.76
9,1789646548411513856,1789646558411513856,Overall Usage Prompt Cache Read %,%,avg,92.50
9,1789646548411513856,1789646558411513856,Prefill Throughput Per User,tokens/sec/user,avg,2671.52
9,1789646548411513856,1789646558411513856,Prefill Throughput Per User,tokens/sec/user,min,2313.89
9,1789646548411513856,1789646558411513856,Prefill Throughput Per User,tokens/sec/user,max,5030.33
9,1789646548411513856,1789646558411513856,Prefill Throughput Per User,tokens/sec/user,sum,162962.80
9,1789646548411513856,1789646558411513856,Prefill Throughput Per User,tokens/sec/user,p1,2314.28
9,1789646548411513856,1789646558411513856,Prefill Throughput Per User,tokens/sec/user,p5,2314.76
9,1789646548411513856,1789646558411513856,Prefill Throughput Per User,tokens/sec/user,p10,2314.86
9,1789646548411513856,1789646558411513856,Prefill Throughput Per User,tokens/sec/user,p25,2315.38
9,1789646548411513856,1789646558411513856,Prefill Throughput Per User,tokens/sec/user,p50,2333.28
9,1789646548411513856,1789646558411513856,Prefill Throughput Per User,tokens/sec/user,p75,3081.75
9,1789646548411513856,1789646558411513856,Prefill Throughput Per User,tokens/sec/user,p90,3086.22
9,1789646548411513856,1789646558411513856,Prefill Throughput Per User,tokens/sec/user,p95,3535.47
9,1789646548411513856,1789646558411513856,Prefill Throughput Per User,tokens/sec/user,p99,5023.22
9,1789646548411513856,1789646558411513856,Prefill Throughput Per User,tokens/sec/user,std,584.83
9,1789646548411513856,1789646558411513856,Reasoning Token Count,tokens,avg,512.00
9,1789646548411513856,1789646558411513856,Reasoning Token Count,tokens,min,512.00
9,1789646548411513856,1789646558411513856,Reasoning Token Count,tokens,max,512.00
9,1789646548411513856,1789646558411513856,Reasoning Token Count,tokens,sum,31232.00
9,1789646548411513856,1789646558411513856,Reasoning Token Count,tokens,p1,512.00
9,1789646548411513856,1789646558411513856,Reasoning Token Count,tokens,p5,512.00
9,1789646548411513856,1789646558411513856,Reasoning Token Count,tokens,p10,512.00
9,1789646548411513856,1789646558411513856,Reasoning Token Count,tokens,p25,512.00
9,1789646548411513856,1789646558411513856,Reasoning Token Count,tokens,p50,512.00
9,1789646548411513856,1789646558411513856,Reasoning Token Count,tokens,p75,512.00
9,1789646548411513856,1789646558411513856,Reasoning Token Count,tokens,p90,512.00
9,1789646548411513856,1789646558411513856,Reasoning Token Count,tokens,p95,512.00
9,1789646548411513856,1789646558411513856,Reasoning Token Count,tokens,p99,512.00
9,1789646548411513856,1789646558411513856,Reasoning Token Count,tokens,std,0.00
9,1789646548411513856,1789646558411513856,Request Count,requests,avg,61.00
9,1789646548411513856,1789646558411513856,Request Latency,ms,avg,7966.58
9,1789646548411513856,1789646558411513856,Request Latency,ms,min,7883.15
9,1789646548411513856,1789646558411513856,Request Latency,ms,max,8021.73
9,1789646548411513856,1789646558411513856,Request Latency,ms,sum,485961.31
9,1789646548411513856,1789646558411513856,Request Latency,ms,p1,7883.19
9,1789646548411513856,1789646558411513856,Request Latency,ms,p5,7921.25
9,1789646548411513856,1789646558411513856,Request Latency,ms,p10,7921.31
9,1789646548411513856,1789646558411513856,Request Latency,ms,p25,7921.38
9,1789646548411513856,1789646558411513856,Request Latency,ms,p50,7922.07
9,1789646548411513856,1789646558411513856,Request Latency,ms,p75,8021.52
9,1789646548411513856,1789646558411513856,Request Latency,ms,p90,8021.63
9,1789646548411513856,1789646558411513856,Request Latency,ms,p95,8021.66
9,1789646548411513856,1789646558411513856,Request Latency,ms,p99,8021.71
9,1789646548411513856,1789646558411513856,Request Latency,ms,std,50.70
9,1789646548411513856,1789646558411513856,Request Throughput,requests/sec,avg,6.10
9,1789646548411513856,1789646558411513856,Time to First Token,ms,avg,429.11
9,1789646548411513856,1789646558411513856,Time to First Token,ms,min,220.07
9,1789646548411513856,1789646558411513856,Time to First Token,ms,max,478.42
9,1789646548411513856,1789646558411513856,Time to First Token,ms,sum,26175.94
9,1789646548411513856,1789646558411513856,Time to First Token,ms,p1,220.38
9,1789646548411513856,1789646558411513856,Time to First Token,ms,p5,313.11
9,1789646548411513856,1789646558411513856,Time to First Token,ms,p10,358.69
9,1789646548411513856,1789646558411513856,Time to First Token,ms,p25,359.21
9,1789646548411513856,1789646558411513856,Time to First Token,ms,p50,474.44
9,1789646548411513856,1789646558411513856,Time to First Token,ms,p75,478.11
9,1789646548411513856,1789646558411513856,Time to First Token,ms,p90,478.21
9,1789646548411513856,1789646558411513856,Time to First Token,ms,p95,478.24
9,1789646548411513856,1789646558411513856,Time to First Token,ms,p99,478.33
9,1789646548411513856,1789646558411513856,Time to First Token,ms,std,69.60
9,1789646548411513856,1789646558411513856,Time to Second Token,ms,avg,47.97
9,1789646548411513856,1789646558411513856,Time to Second Token,ms,min,1.13
9,1789646548411513856,1789646558411513856,Time to Second Token,ms,max,157.68
9,1789646548411513856,1789646558411513856,Time to Second Token,ms,sum,2925.92
9,1789646548411513856,1789646558411513856,Time to Second Token,ms,p1,1.17
9,1789646548411513856,1789646558411513856,Time to Second Token,ms,p5,2.91
9,1789646548411513856,1789646558411513856,Time to Second Token,ms,p10,2.96
9,1789646548411513856,1789646558411513856,Time to Second Token,ms,p25,2.98
9,1789646548411513856,1789646558411513856,Time to Second Token,ms,p50,2.99
9,1789646548411513856,1789646558411513856,Time to Second Token,ms,p75,153.84
9,1789646548411513856,1789646558411513856,Time to Second Token,ms,p90,157.57
9,1789646548411513856,1789646558411513856,Time to Second Token,ms,p95,157.64
9,1789646548411513856,1789646558411513856,Time to Second Token,ms,p99,157.67
9,1789646548411513856,1789646558411513856,Time to Second Token,ms,std,69.72
9,1789646548411513856,1789646558411513856,Tokens In Flight,tokens,avg,44559.26
9,1789646548411513856,1789646558411513856,Tokens In Flight,tokens,min,14816.68
9,1789646548411513856,1789646558411513856,Tokens In Flight,tokens,max,51753.27
9,1789646548411513856,1789646558411513856,Tokens In Flight,tokens,p50,45474.11
9,1789646548411513856,1789646558411513856,Tokens In Flight,tokens,p90,50692.80
9,1789646548411513856,1789646558411513856,Tokens In Flight,tokens,p95,51223.88
9,1789646548411513856,1789646558411513856,Tokens In Flight,tokens,p99,51627.48
9,1789646548411513856,1789646558411513856,Tokens In Flight,tokens,std,5121.82
9,1789646548411513856,1789646558411513856,Total Input Sequence Length,tokens,avg,67527.00
9,1789646548411513856,1789646558411513856,Total Output Sequence Length,tokens,avg,31232.00
9,1789646548411513856,1789646558411513856,Total Reasoning Tokens,tokens,avg,31232.00
9,1789646548411513856,1789646558411513856,Total Token Throughput,tokens/sec,avg,9875.90
9,1789646548411513856,1789646558411513856,Total Usage Completion Tokens,tokens,avg,31232.00
9,1789646548411513856,1789646558411513856,Total Usage Prompt Cache Read Tokens,tokens,avg,62464.00
9,1789646548411513856,1789646558411513856,Total Usage Prompt Tokens,tokens,avg,67527.00
9,1789646548411513856,1789646558411513856,Total Usage Reasoning Tokens,tokens,avg,31232.00
9,1789646548411513856,1789646558411513856,Total Usage Total Tokens,tokens,avg,98759.00
9,1789646548411513856,1789646558411513856,Usage Completion Tokens,tokens,avg,512.00
9,1789646548411513856,1789646558411513856,Usage Completion Tokens,tokens,min,512.00
9,1789646548411513856,1789646558411513856,Usage Completion Tokens,tokens,max,512.00
9,1789646548411513856,1789646558411513856,Usage Completion Tokens,tokens,sum,31232.00
9,1789646548411513856,1789646558411513856,Usage Completion Tokens,tokens,p1,512.00
9,1789646548411513856,1789646558411513856,Usage Completion Tokens,tokens,p5,512.00
9,1789646548411513856,1789646558411513856,Usage Completion Tokens,tokens,p10,512.00
9,1789646548411513856,1789646558411513856,Usage Completion Tokens,tokens,p25,512.00
9,1789646548411513856,1789646558411513856,Usage Completion Tokens,tokens,p50,512.00
9,1789646548411513856,1789646558411513856,Usage Completion Tokens,tokens,p75,512.00
9,1789646548411513856,1789646558411513856,Usage Completion Tokens,tokens,p90,512.00
9,1789646548411513856,1789646558411513856,Usage Completion Tokens,tokens,p95,512.00
9,1789646548411513856,1789646558411513856,Usage Completion Tokens,tokens,p99,512.00
9,1789646548411513856,1789646558411513856,Usage Completion Tokens,tokens,std,0.00
9,1789646548411513856,1789646558411513856,Usage Prompt Cache Read Tokens,tokens,avg,1024.00
9,1789646548411513856,1789646558411513856,Usage Prompt Cache Read Tokens,tokens,min,1024.00
9,1789646548411513856,1789646558411513856,Usage Prompt Cache Read Tokens,tokens,max,1024.00
9,1789646548411513856,1789646558411513856,Usage Prompt Cache Read Tokens,tokens,sum,62464.00
9,1789646548411513856,1789646558411513856,Usage Prompt Cache Read Tokens,tokens,p1,1024.00
9,1789646548411513856,1789646558411513856,Usage Prompt Cache Read Tokens,tokens,p5,1024.00
9,1789646548411513856,1789646558411513856,Usage Prompt Cache Read Tokens,tokens,p10,1024.00
9,1789646548411513856,1789646558411513856,Usage Prompt Cache Read Tokens,tokens,p25,1024.00
9,1789646548411513856,1789646558411513856,Usage Prompt Cache Read Tokens,tokens,p50,1024.00
9,1789646548411513856,1789646558411513856,Usage Prompt Cache Read Tokens,tokens,p75,1024.00
9,1789646548411513856,1789646558411513856,Usage Prompt Cache Read Tokens,tokens,p90,1024.00
9,1789646548411513856,1789646558411513856,Usage Prompt Cache Read Tokens,tokens,p95,1024.00
9,1789646548411513856,1789646558411513856,Usage Prompt Cache Read Tokens,tokens,p99,1024.00
9,1789646548411513856,1789646558411513856,Usage Prompt Cache Read Tokens,tokens,std,0.00
9,1789646548411513856,1789646558411513856,Usage Prompt Tokens,tokens,avg,1107.00
9,1789646548411513856,1789646558411513856,Usage Prompt Tokens,tokens,min,1107.00
9,1789646548411513856,1789646558411513856,Usage Prompt Tokens,tokens,max,1107.00
9,1789646548411513856,1789646558411513856,Usage Prompt Tokens,tokens,sum,67527.00
9,1789646548411513856,1789646558411513856,Usage Prompt Tokens,tokens,p1,1107.00
9,1789646548411513856,1789646558411513856,Usage Prompt Tokens,tokens,p5,1107.00
9,1789646548411513856,1789646558411513856,Usage Prompt Tokens,tokens,p10,1107.00
9,1789646548411513856,1789646558411513856,Usage Prompt Tokens,tokens,p25,1107.00
9,1789646548411513856,1789646558411513856,Usage Prompt Tokens,tokens,p50,1107.00
9,1789646548411513856,1789646558411513856,Usage Prompt Tokens,tokens,p75,1107.00
9,1789646548411513856,1789646558411513856,Usage Prompt Tokens,tokens,p90,1107.00
9,1789646548411513856,1789646558411513856,Usage Prompt Tokens,tokens,p95,1107.00
9,1789646548411513856,1789646558411513856,Usage Prompt Tokens,tokens,p99,1107.00
9,1789646548411513856,1789646558411513856,Usage Prompt Tokens,tokens,std,0.00
9,1789646548411513856,1789646558411513856,Usage Reasoning Tokens,tokens,avg,512.00
9,1789646548411513856,1789646558411513856,Usage Reasoning Tokens,tokens,min,512.00
9,1789646548411513856,1789646558411513856,Usage Reasoning Tokens,tokens,max,512.00
9,1789646548411513856,1789646558411513856,Usage Reasoning Tokens,tokens,sum,31232.00
9,1789646548411513856,1789646558411513856,Usage Reasoning Tokens,tokens,p1,512.00
9,1789646548411513856,1789646558411513856,Usage Reasoning Tokens,tokens,p5,512.00
9,1789646548411513856,1789646558411513856,Usage Reasoning Tokens,tokens,p10,512.00
9,1789646548411513856,1789646558411513856,Usage Reasoning Tokens,tokens,p25,512.00
9,1789646548411513856,1789646558411513856,Usage Reasoning Tokens,tokens,p50,512.00
9,1789646548411513856,1789646558411513856,Usage Reasoning Tokens,tokens,p75,512.00
9,1789646548411513856,1789646558411513856,Usage Reasoning Tokens,tokens,p90,512.00
9,1789646548411513856,1789646558411513856,Usage Reasoning Tokens,tokens,p95,512.00
9,1789646548411513856,1789646558411513856,Usage Reasoning Tokens,tokens,p99,512.00
9,1789646548411513856,1789646558411513856,Usage Reasoning Tokens,tokens,std,0.00
9,1789646548411513856,1789646558411513856,Usage Total Tokens,tokens,avg,1619.00
9,1789646548411513856,1789646558411513856,Usage Total Tokens,tokens,min,1619.00
9,1789646548411513856,1789646558411513856,Usage Total Tokens,tokens,max,1619.00
9,1789646548411513856,1789646558411513856,Usage Total Tokens,tokens,sum,98759.00
9,1789646548411513856,1789646558411513856,Usage Total Tokens,tokens,p1,1619.00
9,1789646548411513856,1789646558411513856,Usage Total Tokens,tokens,p5,1619.00
9,1789646548411513856,1789646558411513856,Usage Total Tokens,tokens,p10,1619.00
9,1789646548411513856,1789646558411513856,Usage Total Tokens,tokens,p25,1619.00
9,1789646548411513856,1789646558411513856,Usage Total Tokens,tokens,p50,1619.00
9,1789646548411513856,1789646558411513856,Usage Total Tokens,tokens,p75,1619.00
9,1789646548411513856,1789646558411513856,Usage Total Tokens,tokens,p90,1619.00
9,1789646548411513856,1789646558411513856,Usage Total Tokens,tokens,p95,1619.00
9,1789646548411513856,1789646558411513856,Usage Total Tokens,tokens,p99,1619.00
9,1789646548411513856,1789646558411513856,Usage Total Tokens,tokens,std,0.00
10,1789646558411513856,1789646568411513856,Active Decode Throughput,tokens/sec,avg,2011.20
10,1789646558411513856,1789646568411513856,Active Decode Throughput,tokens/sec,min,6.77
10,1789646558411513856,1789646568411513856,Active Decode Throughput,tokens/sec,max,10340.78
10,1789646558411513856,1789646568411513856,Active Decode Throughput,tokens/sec,p50,2153.63
10,1789646558411513856,1789646568411513856,Active Decode Throughput,tokens/sec,p90,2338.72
10,1789646558411513856,1789646568411513856,Active Decode Throughput,tokens/sec,p95,2457.12
10,1789646558411513856,1789646568411513856,Active Decode Throughput,tokens/sec,p99,3445.71
10,1789646558411513856,1789646568411513856,Active Decode Throughput,tokens/sec,std,708.99
10,1789646558411513856,1789646568411513856,Active Decode Throughput Per User,tokens/sec/user,avg,63.44
10,1789646558411513856,1789646568411513856,Active Decode Throughput Per User,tokens/sec/user,min,6.28
10,1789646558411513856,1789646568411513856,Active Decode Throughput Per User,tokens/sec/user,max,344.69
10,1789646558411513856,1789646568411513856,Active Decode Throughput Per User,tokens/sec/user,p50,67.30
10,1789646558411513856,1789646568411513856,Active Decode Throughput Per User,tokens/sec/user,p90,73.08
10,1789646558411513856,1789646568411513856,Active Decode Throughput Per User,tokens/sec/user,p95,76.79
10,1789646558411513856,1789646568411513856,Active Decode Throughput Per User,tokens/sec/user,p99,107.68
10,1789646558411513856,1789646568411513856,Active Decode Throughput Per User,tokens/sec/user,std,20.86
10,1789646558411513856,1789646568411513856,Active Prefill Throughput,tokens/sec,avg,68862.66
10,1789646558411513856,1789646568411513856,Active Prefill Throughput,tokens/sec,min,3579.75
10,1789646558411513856,1789646568411513856,Active Prefill Throughput,tokens/sec,max,82625.42
10,1789646558411513856,1789646568411513856,Active Prefill Throughput,tokens/sec,p50,76384.70
10,1789646558411513856,1789646568411513856,Active Prefill Throughput,tokens/sec,p90,82625.42
10,1789646558411513856,1789646568411513856,Active Prefill Throughput,tokens/sec,p95,82625.42
10,1789646558411513856,1789646568411513856,Active Prefill Throughput,tokens/sec,p99,82625.42
10,1789646558411513856,1789646568411513856,Active Prefill Throughput,tokens/sec,std,16394.80
10,1789646558411513856,1789646568411513856,Active Prefill Throughput Per User,tokens/sec/user,avg,2678.97
10,1789646558411513856,1789646568411513856,Active Prefill Throughput Per User,tokens/sec/user,min,2495.87
10,1789646558411513856,1789646568411513856,Active Prefill Throughput Per User,tokens/sec/user,max,5081.07
10,1789646558411513856,1789646568411513856,Active Prefill Throughput Per User,tokens/sec/user,p50,2648.19
10,1789646558411513856,1789646568411513856,Active Prefill Throughput Per User,tokens/sec/user,p90,2665.34
10,1789646558411513856,1789646568411513856,Active Prefill Throughput Per User,tokens/sec/user,p95,3328.16
10,1789646558411513856,1789646568411513856,Active Prefill Throughput Per User,tokens/sec/user,p99,5081.07
10,1789646558411513856,1789646568411513856,Active Prefill Throughput Per User,tokens/sec/user,std,365.58
10,1789646558411513856,1789646568411513856,Active Total Throughput,tokens/sec,avg,8685.39
10,1789646558411513856,1789646568411513856,Active Total Throughput,tokens/sec,min,2086.48
10,1789646558411513856,1789646568411513856,Active Total Throughput,tokens/sec,max,82692.45
10,1789646558411513856,1789646568411513856,Active Total Throughput,tokens/sec,p50,2151.99
10,1789646558411513856,1789646568411513856,Active Total Throughput,tokens/sec,p90,2203.29
10,1789646558411513856,1789646568411513856,Active Total Throughput,tokens/sec,p95,76586.18
10,1789646558411513856,1789646568411513856,Active Total Throughput,tokens/sec,p99,82692.45
10,1789646558411513856,1789646568411513856,Active Total Throughput,tokens/sec,std,20493.45
10,1789646558411513856,1789646568411513856,Benchmark Duration,sec,avg,15.87
10,1789646558411513856,1789646568411513856,Decode Duration,ms,avg,7445.85
10,1789646558411513856,1789646568411513856,Decode Duration,ms,min,7331.78
10,1789646558411513856,1789646568411513856,Decode Duration,ms,max,7709.73
10,1789646558411513856,1789646568411513856,Decode Duration,ms,sum,260604.79
10,1789646558411513856,1789646568411513856,Decode Duration,ms,p1,7344.78
10,1789646558411513856,1789646568411513856,Decode Duration,ms,p5,7370.00
10,1789646558411513856,1789646568411513856,Decode Duration,ms,p10,7370.02
10,1789646558411513856,1789646568411513856,Decode Duration,ms,p25,7370.04
10,1789646558411513856,1789646568411513856,Decode Duration,ms,p50,7370.10
10,1789646558411513856,1789646568411513856,Decode Duration,ms,p75,7485.24
10,1789646558411513856,1789646568411513856,Decode Duration,ms,p90,7588.78
10,1789646558411513856,1789646568411513856,Decode Duration,ms,p95,7709.60
10,1789646558411513856,1789646568411513856,Decode Duration,ms,p99,7709.69
10,1789646558411513856,1789646568411513856,Decode Duration,ms,std,106.82
10,1789646558411513856,1789646568411513856,E2E Output Token Throughput,tokens/sec/user,avg,65.18
10,1789646558411513856,1789646568411513856,E2E Output Token Throughput,tokens/sec/user,min,63.85
10,1789646558411513856,1789646568411513856,E2E Output Token Throughput,tokens/sec/user,max,65.62
10,1789646558411513856,1789646568411513856,E2E Output Token Throughput,tokens/sec/user,sum,2281.26
10,1789646558411513856,1789646568411513856,E2E Output Token Throughput,tokens/sec/user,p1,63.85
10,1789646558411513856,1789646568411513856,E2E Output Token Throughput,tokens/sec/user,p5,63.85
10,1789646558411513856,1789646568411513856,E2E Output Token Throughput,tokens/sec/user,p10,65.27
10,1789646558411513856,1789646568411513856,E2E Output Token Throughput,tokens/sec/user,p25,65.29
10,1789646558411513856,1789646568411513856,E2E Output Token Throughput,tokens/sec/user,p50,65.30
10,1789646558411513856,1789646568411513856,E2E Output Token Throughput,tokens/sec/user,p75,65.30
10,1789646558411513856,1789646568411513856,E2E Output Token Throughput,tokens/sec/user,p90,65.30
10,1789646558411513856,1789646568411513856,E2E Output Token Throughput,tokens/sec/user,p95,65.30
10,1789646558411513856,1789646568411513856,E2E Output Token Throughput,tokens/sec/user,p99,65.51
10,1789646558411513856,1789646568411513856,E2E Output Token Throughput,tokens/sec/user,std,0.41
10,1789646558411513856,1789646568411513856,Effective Concurrency,requests,avg,31.99
10,1789646558411513856,1789646568411513856,Effective Concurrency,requests,min,12.00
10,1789646558411513856,1789646568411513856,Effective Concurrency,requests,max,32.00
10,1789646558411513856,1789646568411513856,Effective Concurrency,requests,p50,32.00
10,1789646558411513856,1789646568411513856,Effective Concurrency,requests,p90,32.00
10,1789646558411513856,1789646568411513856,Effective Concurrency,requests,p95,32.00
10,1789646558411513856,1789646568411513856,Effective Concurrency,requests,p99,32.00
10,1789646558411513856,1789646568411513856,Effective Concurrency,requests,std,0.39
10,1789646558411513856,1789646568411513856,Effective Decode Concurrency,requests,avg,29.43
10,1789646558411513856,1789646568411513856,Effective Decode Concurrency,requests,min,1.00
10,1789646558411513856,1789646568411513856,Effective Decode Concurrency,requests,max,32.00
10,1789646558411513856,1789646568411513856,Effective Decode Concurrency,requests,p50,32.00
10,1789646558411513856,1789646568411513856,Effective Decode Concurrency,requests,p90,32.00
10,1789646558411513856,1789646568411513856,Effective Decode Concurrency,requests,p95,32.00
10,1789646558411513856,1789646568411513856,Effective Decode Concurrency,requests,p99,32.00
10,1789646558411513856,1789646568411513856,Effective Decode Concurrency,requests,std,8.05
10,1789646558411513856,1789646568411513856,Effective Decode Throughput,tokens/sec,avg,2011.20
10,1789646558411513856,1789646568411513856,Effective Decode Throughput,tokens/sec,min,6.77
10,1789646558411513856,1789646568411513856,Effective Decode Throughput,tokens/sec,max,10340.78
10,1789646558411513856,1789646568411513856,Effective Decode Throughput,tokens/sec,p50,2153.63
10,1789646558411513856,1789646568411513856,Effective Decode Throughput,tokens/sec,p90,2338.72
10,1789646558411513856,1789646568411513856,Effective Decode Throughput,tokens/sec,p95,2457.12
10,1789646558411513856,1789646568411513856,Effective Decode Throughput,tokens/sec,p99,3445.71
10,1789646558411513856,1789646568411513856,Effective Decode Throughput,tokens/sec,std,708.99
10,1789646558411513856,1789646568411513856,Effective Decode Throughput Per User,tokens/sec/user,avg,63.44
10,1789646558411513856,1789646568411513856,Effective Decode Throughput Per User,tokens/sec/user,min,6.28
10,1789646558411513856,1789646568411513856,Effective Decode Throughput Per User,tokens/sec/user,max,344.69
10,1789646558411513856,1789646568411513856,Effective Decode Throughput Per User,tokens/sec/user,p50,67.30
10,1789646558411513856,1789646568411513856,Effective Decode Throughput Per User,tokens/sec/user,p90,73.08
10,1789646558411513856,1789646568411513856,Effective Decode Throughput Per User,tokens/sec/user,p95,76.79
10,1789646558411513856,1789646568411513856,Effective Decode Throughput Per User,tokens/sec/user,p99,107.68
10,1789646558411513856,1789646568411513856,Effective Decode Throughput Per User,tokens/sec/user,std,20.86
10,1789646558411513856,1789646568411513856,Effective Prefill Concurrency,requests,avg,2.56
10,1789646558411513856,1789646568411513856,Effective Prefill Concurrency,requests,min,0.00
10,1789646558411513856,1789646568411513856,Effective Prefill Concurrency,requests,max,31.00
10,1789646558411513856,1789646568411513856,Effective Prefill Concurrency,requests,p50,0.00
10,1789646558411513856,1789646568411513856,Effective Prefill Concurrency,requests,p90,0.00
10,1789646558411513856,1789646568411513856,Effective Prefill Concurrency,requests,p95,29.00
10,1789646558411513856,1789646568411513856,Effective Prefill Concurrency,requests,p99,31.00
10,1789646558411513856,1789646568411513856,Effective Prefill Concurrency,requests,std,8.03
10,1789646558411513856,1789646568411513856,Effective Prefill Throughput,tokens/sec,avg,6698.15
10,1789646558411513856,1789646568411513856,Effective Prefill Throughput,tokens/sec,min,0.00
10,1789646558411513856,1789646568411513856,Effective Prefill Throughput,tokens/sec,max,82625.42
10,1789646558411513856,1789646568411513856,Effective Prefill Throughput,tokens/sec,p50,0.00
10,1789646558411513856,1789646568411513856,Effective Prefill Throughput,tokens/sec,p90,0.00
10,1789646558411513856,1789646568411513856,Effective Prefill Throughput,tokens/sec,p95,76384.70
10,1789646558411513856,1789646568411513856,Effective Prefill Throughput,tokens/sec,p99,82625.42
10,1789646558411513856,1789646568411513856,Effective Prefill Throughput,tokens/sec,std,21036.44
10,1789646558411513856,1789646568411513856,Effective Prefill Throughput Per User,tokens/sec/user,avg,260.58
10,1789646558411513856,1789646568411513856,Effective Prefill Throughput Per User,tokens/sec/user,min,0.00
10,1789646558411513856,1789646568411513856,Effective Prefill Throughput Per User,tokens/sec/user,max,5081.07
10,1789646558411513856,1789646568411513856,Effective Prefill Throughput Per User,tokens/sec/user,p50,0.00
10,1789646558411513856,1789646568411513856,Effective Prefill Throughput Per User,tokens/sec/user,p90,0.00
10,1789646558411513856,1789646568411513856,Effective Prefill Throughput Per User,tokens/sec/user,p95,2648.19
10,1789646558411513856,1789646568411513856,Effective Prefill Throughput Per User,tokens/sec/user,p99,2665.34
10,1789646558411513856,1789646568411513856,Effective Prefill Throughput Per User,tokens/sec/user,std,801.98
10,1789646558411513856,1789646568411513856,Effective Total Throughput,tokens/sec,avg,8685.39
10,1789646558411513856,1789646568411513856,Effective Total Throughput,tokens/sec,min,2086.48
10,1789646558411513856,1789646568411513856,Effective Total Throughput,tokens/sec,max,82692.45
10,1789646558411513856,1789646568411513856,Effective Total Throughput,tokens/sec,p50,2151.99
10,1789646558411513856,1789646568411513856,Effective Total Throughput,tokens/sec,p90,2203.29
10,1789646558411513856,1789646568411513856,Effective Total Throughput,tokens/sec,p95,76586.18
10,1789646558411513856,1789646568411513856,Effective Total Throughput,tokens/sec,p99,82692.45
10,1789646558411513856,1789646568411513856,Effective Total Throughput,tokens/sec,std,20493.45
10,1789646558411513856,1789646568411513856,HTTP Blocked,ms,avg,0.00
10,1789646558411513856,1789646568411513856,HTTP Blocked,ms,min,0.00
10,1789646558411513856,1789646568411513856,HTTP Blocked,ms,max,0.00
10,1789646558411513856,1789646568411513856,HTTP Blocked,ms,sum,0.00
10,1789646558411513856,1789646568411513856,HTTP Blocked,ms,p1,0.00
10,1789646558411513856,1789646568411513856,HTTP Blocked,ms,p5,0.00
10,1789646558411513856,1789646568411513856,HTTP Blocked,ms,p10,0.00
10,1789646558411513856,1789646568411513856,HTTP Blocked,ms,p25,0.00
10,1789646558411513856,1789646568411513856,HTTP Blocked,ms,p50,0.00
10,1789646558411513856,1789646568411513856,HTTP Blocked,ms,p75,0.00
10,1789646558411513856,1789646568411513856,HTTP Blocked,ms,p90,0.00
10,1789646558411513856,1789646568411513856,HTTP Blocked,ms,p95,0.00
10,1789646558411513856,1789646568411513856,HTTP Blocked,ms,p99,0.00
10,1789646558411513856,1789646568411513856,HTTP Blocked,ms,std,0.00
10,1789646558411513856,1789646568411513856,HTTP Chunks Received,count,avg,465.77
10,1789646558411513856,1789646568411513856,HTTP Chunks Received,count,min,442.00
10,1789646558411513856,1789646568411513856,HTTP Chunks Received,count,max,489.00
10,1789646558411513856,1789646568411513856,HTTP Chunks Received,count,sum,16302.00
10,1789646558411513856,1789646568411513856,HTTP Chunks Received,count,p1,442.68
10,1789646558411513856,1789646568411513856,HTTP Chunks Received,count,p5,445.40
10,1789646558411513856,1789646568411513856,HTTP Chunks Received,count,p10,452.40
10,1789646558411513856,1789646568411513856,HTTP Chunks Received,count,p25,459.00
10,1789646558411513856,1789646568411513856,HTTP Chunks Received,count,p50,466.00
10,1789646558411513856,1789646568411513856,HTTP Chunks Received,count,p75,472.00
10,1789646558411513856,1789646568411513856,HTTP Chunks Received,count,p90,482.20
10,1789646558411513856,1789646568411513856,HTTP Chunks Received,count,p95,485.30
10,1789646558411513856,1789646568411513856,HTTP Chunks Received,count,p99,487.98
10,1789646558411513856,1789646568411513856,HTTP Chunks Received,count,std,11.29
10,1789646558411513856,1789646568411513856,HTTP Chunks Sent,count,avg,1.00
10,1789646558411513856,1789646568411513856,HTTP Chunks Sent,count,min,1.00
10,1789646558411513856,1789646568411513856,HTTP Chunks Sent,count,max,1.00
10,1789646558411513856,1789646568411513856,HTTP Chunks Sent,count,sum,35.00
10,1789646558411513856,1789646568411513856,HTTP Chunks Sent,count,p1,1.00
10,1789646558411513856,1789646568411513856,HTTP Chunks Sent,count,p5,1.00
10,1789646558411513856,1789646568411513856,HTTP Chunks Sent,count,p10,1.00
10,1789646558411513856,1789646568411513856,HTTP Chunks Sent,count,p25,1.00
10,1789646558411513856,1789646568411513856,HTTP Chunks Sent,count,p50,1.00
10,1789646558411513856,1789646568411513856,HTTP Chunks Sent,count,p75,1.00
10,1789646558411513856,1789646568411513856,HTTP Chunks Sent,count,p90,1.00
10,1789646558411513856,1789646568411513856,HTTP Chunks Sent,count,p95,1.00
10,1789646558411513856,1789646568411513856,HTTP Chunks Sent,count,p99,1.00
10,1789646558411513856,1789646568411513856,HTTP Chunks Sent,count,std,0.00
10,1789646558411513856,1789646568411513856,HTTP Connecting,ms,avg,0.00
10,1789646558411513856,1789646568411513856,HTTP Connecting,ms,min,0.00
10,1789646558411513856,1789646568411513856,HTTP Connecting,ms,max,0.00
10,1789646558411513856,1789646568411513856,HTTP Connecting,ms,sum,0.00
10,1789646558411513856,1789646568411513856,HTTP Connecting,ms,p1,0.00
10,1789646558411513856,1789646568411513856,HTTP Connecting,ms,p5,0.00
10,1789646558411513856,1789646568411513856,HTTP Connecting,ms,p10,0.00
10,1789646558411513856,1789646568411513856,HTTP Connecting,ms,p25,0.00
10,1789646558411513856,1789646568411513856,HTTP Connecting,ms,p50,0.00
10,1789646558411513856,1789646568411513856,HTTP Connecting,ms,p75,0.00
10,1789646558411513856,1789646568411513856,HTTP Connecting,ms,p90,0.00
10,1789646558411513856,1789646568411513856,HTTP Connecting,ms,p95,0.00
10,1789646558411513856,1789646568411513856,HTTP Connecting,ms,p99,0.00
10,1789646558411513856,1789646568411513856,HTTP Connecting,ms,std,0.00
10,1789646558411513856,1789646568411513856,HTTP Connection Overhead,ms,avg,0.00
10,1789646558411513856,1789646568411513856,HTTP Connection Overhead,ms,min,0.00
10,1789646558411513856,1789646568411513856,HTTP Connection Overhead,ms,max,0.00
10,1789646558411513856,1789646568411513856,HTTP Connection Overhead,ms,sum,0.00
10,1789646558411513856,1789646568411513856,HTTP Connection Overhead,ms,p1,0.00
10,1789646558411513856,1789646568411513856,HTTP Connection Overhead,ms,p5,0.00
10,1789646558411513856,1789646568411513856,HTTP Connection Overhead,ms,p10,0.00
10,1789646558411513856,1789646568411513856,HTTP Connection Overhead,ms,p25,0.00
10,1789646558411513856,1789646568411513856,HTTP Connection Overhead,ms,p50,0.00
10,1789646558411513856,1789646568411513856,HTTP Connection Overhead,ms,p75,0.00
10,1789646558411513856,1789646568411513856,HTTP Connection Overhead,ms,p90,0.00
10,1789646558411513856,1789646568411513856,HTTP Connection Overhead,ms,p95,0.00
10,1789646558411513856,1789646568411513856,HTTP Connection Overhead,ms,p99,0.00
10,1789646558411513856,1789646568411513856,HTTP Connection Overhead,ms,std,0.00
10,1789646558411513856,1789646568411513856,HTTP Connection Reused,ratio,avg,1.00
10,1789646558411513856,1789646568411513856,HTTP Connection Reused,ratio,min,1.00
10,1789646558411513856,1789646568411513856,HTTP Connection Reused,ratio,max,1.00
10,1789646558411513856,1789646568411513856,HTTP Connection Reused,ratio,sum,35.00
10,1789646558411513856,1789646568411513856,HTTP Connection Reused,ratio,p1,1.00
10,1789646558411513856,1789646568411513856,HTTP Connection Reused,ratio,p5,1.00
10,1789646558411513856,1789646568411513856,HTTP Connection Reused,ratio,p10,1.00
10,1789646558411513856,1789646568411513856,HTTP Connection Reused,ratio,p25,1.00
10,1789646558411513856,1789646568411513856,HTTP Connection Reused,ratio,p50,1.00
10,1789646558411513856,1789646568411513856,HTTP Connection Reused,ratio,p75,1.00
10,1789646558411513856,1789646568411513856,HTTP Connection Reused,ratio,p90,1.00
10,1789646558411513856,1789646568411513856,HTTP Connection Reused,ratio,p95,1.00
10,1789646558411513856,1789646568411513856,HTTP Connection Reused,ratio,p99,1.00
10,1789646558411513856,1789646568411513856,HTTP Connection Reused,ratio,std,0.00
10,1789646558411513856,1789646568411513856,HTTP Data Received,KB,avg,124.21
10,1789646558411513856,1789646568411513856,HTTP Data Received,KB,min,118.03
10,1789646558411513856,1789646568411513856,HTTP Data Received,KB,max,130.38
10,1789646558411513856,1789646568411513856,HTTP Data Received,KB,sum,4347.40
10,1789646558411513856,1789646568411513856,HTTP Data Received,KB,p1,118.17
10,1789646558411513856,1789646568411513856,HTTP Data Received,KB,p5,118.83
10,1789646558411513856,1789646568411513856,HTTP Data Received,KB,p10,120.70
10,1789646558411513856,1789646568411513856,HTTP Data Received,KB,p25,122.33
10,1789646558411513856,1789646568411513856,HTTP Data Received,KB,p50,124.19
10,1789646558411513856,1789646568411513856,HTTP Data Received,KB,p75,125.83
10,1789646558411513856,1789646568411513856,HTTP Data Received,KB,p90,128.53
10,1789646558411513856,1789646568411513856,HTTP Data Received,KB,p95,129.36
10,1789646558411513856,1789646568411513856,HTTP Data Received,KB,p99,130.08
10,1789646558411513856,1789646568411513856,HTTP Data Received,KB,std,2.97
10,1789646558411513856,1789646568411513856,HTTP Data Sent,KB,avg,4.57
10,1789646558411513856,1789646568411513856,HTTP Data Sent,KB,min,4.06
10,1789646558411513856,1789646568411513856,HTTP Data Sent,KB,max,4.96
10,1789646558411513856,1789646568411513856,HTTP Data Sent,KB,sum,159.82
10,1789646558411513856,1789646568411513856,HTTP Data Sent,KB,p1,4.13
10,1789646558411513856,1789646568411513856,HTTP Data Sent,KB,p5,4.27
10,1789646558411513856,1789646568411513856,HTTP Data Sent,KB,p10,4.33
10,1789646558411513856,1789646568411513856,HTTP Data Sent,KB,p25,4.47
10,1789646558411513856,1789646568411513856,HTTP Data Sent,KB,p50,4.54
10,1789646558411513856,1789646568411513856,HTTP Data Sent,KB,p75,4.69
10,1789646558411513856,1789646568411513856,HTTP Data Sent,KB,p90,4.82
10,1789646558411513856,1789646568411513856,HTTP Data Sent,KB,p95,4.89
10,1789646558411513856,1789646568411513856,HTTP Data Sent,KB,p99,4.96
10,1789646558411513856,1789646568411513856,HTTP Data Sent,KB,std,0.20
10,1789646558411513856,1789646568411513856,HTTP DNS Lookup,ms,avg,0.00
10,1789646558411513856,1789646568411513856,HTTP DNS Lookup,ms,min,0.00
10,1789646558411513856,1789646568411513856,HTTP DNS Lookup,ms,max,0.00
10,1789646558411513856,1789646568411513856,HTTP DNS Lookup,ms,sum,0.00
10,1789646558411513856,1789646568411513856,HTTP DNS Lookup,ms,p1,0.00
10,1789646558411513856,1789646568411513856,HTTP DNS Lookup,ms,p5,0.00
10,1789646558411513856,1789646568411513856,HTTP DNS Lookup,ms,p10,0.00
10,1789646558411513856,1789646568411513856,HTTP DNS Lookup,ms,p25,0.00
10,1789646558411513856,1789646568411513856,HTTP DNS Lookup,ms,p50,0.00
10,1789646558411513856,1789646568411513856,HTTP DNS Lookup,ms,p75,0.00
10,1789646558411513856,1789646568411513856,HTTP DNS Lookup,ms,p90,0.00
10,1789646558411513856,1789646568411513856,HTTP DNS Lookup,ms,p95,0.00
10,1789646558411513856,1789646568411513856,HTTP DNS Lookup,ms,p99,0.00
10,1789646558411513856,1789646568411513856,HTTP DNS Lookup,ms,std,0.00
10,1789646558411513856,1789646568411513856,HTTP Duration (excl. conn),ms,avg,7856.67
10,1789646558411513856,1789646568411513856,HTTP Duration (excl. conn),ms,min,7841.03
10,1789646558411513856,1789646568411513856,HTTP Duration (excl. conn),ms,max,8018.88
10,1789646558411513856,1789646568411513856,HTTP Duration (excl. conn),ms,sum,274983.57
10,1789646558411513856,1789646568411513856,HTTP Duration (excl. conn),ms,p1,7841.03
10,1789646558411513856,1789646568411513856,HTTP Duration (excl. conn),ms,p5,7841.04
10,1789646558411513856,1789646568411513856,HTTP Duration (excl. conn),ms,p10,7841.07
10,1789646558411513856,1789646568411513856,HTTP Duration (excl. conn),ms,p25,7841.11
10,1789646558411513856,1789646568411513856,HTTP Duration (excl. conn),ms,p50,7841.17
10,1789646558411513856,1789646568411513856,HTTP Duration (excl. conn),ms,p75,7841.28
10,1789646558411513856,1789646568411513856,HTTP Duration (excl. conn),ms,p90,7844.41
10,1789646558411513856,1789646568411513856,HTTP Duration (excl. conn),ms,p95,8018.79
10,1789646558411513856,1789646568411513856,HTTP Duration (excl. conn),ms,p99,8018.85
10,1789646558411513856,1789646568411513856,HTTP Duration (excl. conn),ms,std,49.66
10,1789646558411513856,1789646568411513856,HTTP Receiving,ms,avg,7446.95
10,1789646558411513856,1789646568411513856,HTTP Receiving,ms,min,7370.01
10,1789646558411513856,1789646568411513856,HTTP Receiving,ms,max,7709.73
10,1789646558411513856,1789646568411513856,HTTP Receiving,ms,sum,260643.13
10,1789646558411513856,1789646568411513856,HTTP Receiving,ms,p1,7370.01
10,1789646558411513856,1789646568411513856,HTTP Receiving,ms,p5,7370.02
10,1789646558411513856,1789646568411513856,HTTP Receiving,ms,p10,7370.02
10,1789646558411513856,1789646568411513856,HTTP Receiving,ms,p25,7370.04
10,1789646558411513856,1789646568411513856,HTTP Receiving,ms,p50,7370.10
10,1789646558411513856,1789646568411513856,HTTP Receiving,ms,p75,7485.24
10,1789646558411513856,1789646568411513856,HTTP Receiving,ms,p90,7588.78
10,1789646558411513856,1789646568411513856,HTTP Receiving,ms,p95,7709.60
10,1789646558411513856,1789646568411513856,HTTP Receiving,ms,p99,7709.69
10,1789646558411513856,1789646568411513856,HTTP Receiving,ms,std,105.83
10,1789646558411513856,1789646568411513856,HTTP Sending,ms,avg,0.13
10,1789646558411513856,1789646568411513856,HTTP Sending,ms,min,0.12
10,1789646558411513856,1789646568411513856,HTTP Sending,ms,max,0.15
10,1789646558411513856,1789646568411513856,HTTP Sending,ms,sum,4.72
10,1789646558411513856,1789646568411513856,HTTP Sending,ms,p1,0.13
10,1789646558411513856,1789646568411513856,HTTP Sending,ms,p5,0.13
10,1789646558411513856,1789646568411513856,HTTP Sending,ms,p10,0.13
10,1789646558411513856,1789646568411513856,HTTP Sending,ms,p25,0.13
10,1789646558411513856,1789646568411513856,HTTP Sending,ms,p50,0.13
10,1789646558411513856,1789646568411513856,HTTP Sending,ms,p75,0.14
10,1789646558411513856,1789646568411513856,HTTP Sending,ms,p90,0.14
10,1789646558411513856,1789646568411513856,HTTP Sending,ms,p95,0.14
10,1789646558411513856,1789646568411513856,HTTP Sending,ms,p99,0.15
10,1789646558411513856,1789646568411513856,HTTP Sending,ms,std,0.00
10,1789646558411513856,1789646568411513856,HTTP Total Time,ms,avg,7856.67
10,1789646558411513856,1789646568411513856,HTTP Total Time,ms,min,7841.03
10,1789646558411513856,1789646568411513856,HTTP Total Time,ms,max,8018.88
10,1789646558411513856,1789646568411513856,HTTP Total Time,ms,sum,274983.57
10,1789646558411513856,1789646568411513856,HTTP Total Time,ms,p1,7841.03
10,1789646558411513856,1789646568411513856,HTTP Total Time,ms,p5,7841.04
10,1789646558411513856,1789646568411513856,HTTP Total Time,ms,p10,7841.07
10,1789646558411513856,1789646568411513856,HTTP Total Time,ms,p25,7841.11
10,1789646558411513856,1789646568411513856,HTTP Total Time,ms,p50,7841.17
10,1789646558411513856,1789646568411513856,HTTP Total Time,ms,p75,7841.28
10,1789646558411513856,1789646568411513856,HTTP Total Time,ms,p90,7844.41
10,1789646558411513856,1789646568411513856,HTTP Total Time,ms,p95,8018.79
10,1789646558411513856,1789646568411513856,HTTP Total Time,ms,p99,8018.85
10,1789646558411513856,1789646568411513856,HTTP Total Time,ms,std,49.66
10,1789646558411513856,1789646568411513856,HTTP Waiting (TTFB),ms,avg,409.59
10,1789646558411513856,1789646568411513856,HTTP Waiting (TTFB),ms,min,217.69
10,1789646558411513856,1789646568411513856,HTTP Waiting (TTFB),ms,max,471.05
10,1789646558411513856,1789646568411513856,HTTP Waiting (TTFB),ms,sum,14335.72
10,1789646558411513856,1789646568411513856,HTTP Waiting (TTFB),ms,p1,248.51
10,1789646558411513856,1789646568411513856,HTTP Waiting (TTFB),ms,p5,308.42
10,1789646558411513856,1789646568411513856,HTTP Waiting (TTFB),ms,p10,308.70
10,1789646558411513856,1789646568411513856,HTTP Waiting (TTFB),ms,p25,355.77
10,1789646558411513856,1789646568411513856,HTTP Waiting (TTFB),ms,p50,470.85
10,1789646558411513856,1789646568411513856,HTTP Waiting (TTFB),ms,p75,470.95
10,1789646558411513856,1789646568411513856,HTTP Waiting (TTFB),ms,p90,470.97
10,1789646558411513856,1789646568411513856,HTTP Waiting (TTFB),ms,p95,471.01
10,1789646558411513856,1789646568411513856,HTTP Waiting (TTFB),ms,p99,471.04
10,1789646558411513856,1789646568411513856,HTTP Waiting (TTFB),ms,std,74.87
10,1789646558411513856,1789646568411513856,Input Sequence Length,tokens,avg,1107.00
10,1789646558411513856,1789646568411513856,Input Sequence Length,tokens,min,1107.00
10,1789646558411513856,1789646568411513856,Input Sequence Length,tokens,max,1107.00
10,1789646558411513856,1789646568411513856,Input Sequence Length,tokens,sum,38745.00
10,1789646558411513856,1789646568411513856,Input Sequence Length,tokens,p1,1107.00
10,1789646558411513856,1789646568411513856,Input Sequence Length,tokens,p5,1107.00
10,1789646558411513856,1789646568411513856,Input Sequence Length,tokens,p10,1107.00
10,1789646558411513856,1789646568411513856,Input Sequence Length,tokens,p25,1107.00
10,1789646558411513856,1789646568411513856,Input Sequence Length,tokens,p50,1107.00
10,1789646558411513856,1789646568411513856,Input Sequence Length,tokens,p75,1107.00
10,1789646558411513856,1789646568411513856,Input Sequence Length,tokens,p90,1107.00
10,1789646558411513856,1789646568411513856,Input Sequence Length,tokens,p95,1107.00
10,1789646558411513856,1789646568411513856,Input Sequence Length,tokens,p99,1107.00
10,1789646558411513856,1789646568411513856,Input Sequence Length,tokens,std,0.00
10,1789646558411513856,1789646568411513856,Input Token Throughput,tokens/sec,avg,3874.50
10,1789646558411513856,1789646568411513856,Inter Chunk Latency,ms,avg,16.02
10,1789646558411513856,1789646568411513856,Inter Chunk Latency,ms,min,1.11
10,1789646558411513856,1789646568411513856,Inter Chunk Latency,ms,max,203.93
10,1789646558411513856,1789646568411513856,Inter Chunk Latency,ms,sum,260604.79
10,1789646558411513856,1789646568411513856,Inter Chunk Latency,ms,p1,8.78
10,1789646558411513856,1789646568411513856,Inter Chunk Latency,ms,p5,12.83
10,1789646558411513856,1789646568411513856,Inter Chunk Latency,ms,p10,13.87
10,1789646558411513856,1789646568411513856,Inter Chunk Latency,ms,p25,14.36
10,1789646558411513856,1789646568411513856,Inter Chunk Latency,ms,p50,14.80
10,1789646558411513856,1789646568411513856,Inter Chunk Latency,ms,p75,15.16
10,1789646558411513856,1789646568411513856,Inter Chunk Latency,ms,p90,15.78
10,1789646558411513856,1789646568411513856,Inter Chunk Latency,ms,p95,29.40
10,1789646558411513856,1789646568411513856,Inter Chunk Latency,ms,p99,30.99
10,1789646558411513856,1789646568411513856,Inter Chunk Latency,ms,std,6.63
10,1789646558411513856,1789646568411513856,Inter Token Latency,ms,avg,14.57
10,1789646558411513856,1789646568411513856,Inter Token Latency,ms,min,14.35
10,1789646558411513856,1789646568411513856,Inter Token Latency,ms,max,15.09
10,1789646558411513856,1789646568411513856,Inter Token Latency,ms,sum,509.99
10,1789646558411513856,1789646568411513856,Inter Token Latency,ms,p1,14.37
10,1789646558411513856,1789646568411513856,Inter Token Latency,ms,p5,14.42
10,1789646558411513856,1789646568411513856,Inter Token Latency,ms,p10,14.42
10,1789646558411513856,1789646568411513856,Inter Token Latency,ms,p25,14.42
10,1789646558411513856,1789646568411513856,Inter Token Latency,ms,p50,14.42
10,1789646558411513856,1789646568411513856,Inter Token Latency,ms,p75,14.65
10,1789646558411513856,1789646568411513856,Inter Token Latency,ms,p90,14.85
10,1789646558411513856,1789646568411513856,Inter Token Latency,ms,p95,15.09
10,1789646558411513856,1789646568411513856,Inter Token Latency,ms,p99,15.09
10,1789646558411513856,1789646568411513856,Inter Token Latency,ms,std,0.21
10,1789646558411513856,1789646568411513856,OSL Mismatch Count,requests,avg,0.00
10,1789646558411513856,1789646568411513856,OSL Mismatch Diff %,%,avg,0.00
10,1789646558411513856,1789646568411513856,OSL Mismatch Diff %,%,min,0.00
10,1789646558411513856,1789646568411513856,OSL Mismatch Diff %,%,max,0.00
10,1789646558411513856,1789646568411513856,OSL Mismatch Diff %,%,sum,0.00
10,1789646558411513856,1789646568411513856,OSL Mismatch Diff %,%,p1,0.00
10,1789646558411513856,1789646568411513856,OSL Mismatch Diff %,%,p5,0.00
10,1789646558411513856,1789646568411513856,OSL Mismatch Diff %,%,p10,0.00
10,1789646558411513856,1789646568411513856,OSL Mismatch Diff %,%,p25,0.00
10,1789646558411513856,1789646568411513856,OSL Mismatch Diff %,%,p50,0.00
10,1789646558411513856,1789646568411513856,OSL Mismatch Diff %,%,p75,0.00
10,1789646558411513856,1789646568411513856,OSL Mismatch Diff %,%,p90,0.00
10,1789646558411513856,1789646568411513856,OSL Mismatch Diff %,%,p95,0.00
10,1789646558411513856,1789646568411513856,OSL Mismatch Diff %,%,p99,0.00
10,1789646558411513856,1789646568411513856,OSL Mismatch Diff %,%,std,0.00
10,1789646558411513856,1789646568411513856,Output Sequence Length,tokens,avg,512.00
10,1789646558411513856,1789646568411513856,Output Sequence Length,tokens,min,512.00
10,1789646558411513856,1789646568411513856,Output Sequence Length,tokens,max,512.00
10,1789646558411513856,1789646568411513856,Output Sequence Length,tokens,sum,17920.00
10,1789646558411513856,1789646568411513856,Output Sequence Length,tokens,p1,512.00
10,1789646558411513856,1789646568411513856,Output Sequence Length,tokens,p5,512.00
10,1789646558411513856,1789646568411513856,Output Sequence Length,tokens,p10,512.00
10,1789646558411513856,1789646568411513856,Output Sequence Length,tokens,p25,512.00
10,1789646558411513856,1789646568411513856,Output Sequence Length,tokens,p50,512.00
10,1789646558411513856,1789646568411513856,Output Sequence Length,tokens,p75,512.00
10,1789646558411513856,1789646568411513856,Output Sequence Length,tokens,p90,512.00
10,1789646558411513856,1789646568411513856,Output Sequence Length,tokens,p95,512.00
10,1789646558411513856,1789646568411513856,Output Sequence Length,tokens,p99,512.00
10,1789646558411513856,1789646568411513856,Output Sequence Length,tokens,std,0.00
10,1789646558411513856,1789646568411513856,Output Token Throughput,tokens/sec,avg,1792.00
10,1789646558411513856,1789646568411513856,Output Token Throughput Per User,tokens/sec/user,avg,68.64
10,1789646558411513856,1789646568411513856,Output Token Throughput Per User,tokens/sec/user,min,66.28
10,1789646558411513856,1789646568411513856,Output Token Throughput Per User,tokens/sec/user,max,69.70
10,1789646558411513856,1789646568411513856,Output Token Throughput Per User,tokens/sec/user,sum,2402.49
10,1789646558411513856,1789646568411513856,Output Token Throughput Per User,tokens/sec/user,p1,66.28
10,1789646558411513856,1789646568411513856,Output Token Throughput Per User,tokens/sec/user,p5,66.28
10,1789646558411513856,1789646568411513856,Output Token Throughput Per User,tokens/sec/user,p10,67.34
10,1789646558411513856,1789646568411513856,Output Token Throughput Per User,tokens/sec/user,p25,68.27
10,1789646558411513856,1789646568411513856,Output Token Throughput Per User,tokens/sec/user,p50,69.33
10,1789646558411513856,1789646568411513856,Output Token Throughput Per User,tokens/sec/user,p75,69.33
10,1789646558411513856,1789646568411513856,Output Token Throughput Per User,tokens/sec/user,p90,69.33
10,1789646558411513856,1789646568411513856,Output Token Throughput Per User,tokens/sec/user,p95,69.34
10,1789646558411513856,1789646568411513856,Output Token Throughput Per User,tokens/sec/user,p99,69.57
10,1789646558411513856,1789646568411513856,Output Token Throughput Per User,tokens/sec/user,std,0.97
10,1789646558411513856,1789646568411513856,Overall Usage Prompt Cache Read %,%,avg,92.50
10,1789646558411513856,1789646568411513856,Prefill Throughput Per User,tokens/sec/user,avg,2812.74
10,1789646558411513856,1789646568411513856,Prefill Throughput Per User,tokens/sec/user,min,2349.07
10,1789646558411513856,1789646568411513856,Prefill Throughput Per User,tokens/sec/user,max,5081.07
10,1789646558411513856,1789646568411513856,Prefill Throughput Per User,tokens/sec/user,sum,98445.99
10,1789646558411513856,1789646568411513856,Prefill Throughput Per User,tokens/sec/user,p1,2349.12
10,1789646558411513856,1789646568411513856,Prefill Throughput Per User,tokens/sec/user,p5,2349.31
10,1789646558411513856,1789646568411513856,Prefill Throughput Per User,tokens/sec/user,p10,2349.46
10,1789646558411513856,1789646568411513856,Prefill Throughput Per User,tokens/sec/user,p25,2349.59
10,1789646558411513856,1789646568411513856,Prefill Throughput Per User,tokens/sec/user,p50,2350.07
10,1789646558411513856,1789646568411513856,Prefill Throughput Per User,tokens/sec/user,p75,3109.83
10,1789646558411513856,1789646568411513856,Prefill Throughput Per User,tokens/sec/user,p90,3583.70
10,1789646558411513856,1789646568411513856,Prefill Throughput Per User,tokens/sec/user,p95,3587.01
10,1789646558411513856,1789646568411513856,Prefill Throughput Per User,tokens/sec/user,p99,4573.34
10,1789646558411513856,1789646568411513856,Prefill Throughput Per User,tokens/sec/user,std,625.61
10,1789646558411513856,1789646568411513856,Reasoning Token Count,tokens,avg,512.00
10,1789646558411513856,1789646568411513856,Reasoning Token Count,tokens,min,512.00
10,1789646558411513856,1789646568411513856,Reasoning Token Count,tokens,max,512.00
10,1789646558411513856,1789646568411513856,Reasoning Token Count,tokens,sum,17920.00
10,1789646558411513856,1789646568411513856,Reasoning Token Count,tokens,p1,512.00
10,1789646558411513856,1789646568411513856,Reasoning Token Count,tokens,p5,512.00
10,1789646558411513856,1789646568411513856,Reasoning Token Count,tokens,p10,512.00
10,1789646558411513856,1789646568411513856,Reasoning Token Count,tokens,p25,512.00
10,1789646558411513856,1789646568411513856,Reasoning Token Count,tokens,p50,512.00
10,1789646558411513856,1789646568411513856,Reasoning Token Count,tokens,p75,512.00
10,1789646558411513856,1789646568411513856,Reasoning Token Count,tokens,p90,512.00
10,1789646558411513856,1789646568411513856,Reasoning Token Count,tokens,p95,512.00
10,1789646558411513856,1789646568411513856,Reasoning Token Count,tokens,p99,512.00
10,1789646558411513856,1789646568411513856,Reasoning Token Count,tokens,std,0.00
10,1789646558411513856,1789646568411513856,Request Count,requests,avg,35.00
10,1789646558411513856,1789646568411513856,Request Latency,ms,avg,7855.64
10,1789646558411513856,1789646568411513856,Request Latency,ms,min,7802.93
10,1789646558411513856,1789646568411513856,Request Latency,ms,max,8018.94
10,1789646558411513856,1789646568411513856,Request Latency,ms,sum,274947.40
10,1789646558411513856,1789646568411513856,Request Latency,ms,p1,7815.91
10,1789646558411513856,1789646568411513856,Request Latency,ms,p5,7841.09
10,1789646558411513856,1789646568411513856,Request Latency,ms,p10,7841.11
10,1789646558411513856,1789646568411513856,Request Latency,ms,p25,7841.17
10,1789646558411513856,1789646568411513856,Request Latency,ms,p50,7841.23
10,1789646558411513856,1789646568411513856,Request Latency,ms,p75,7841.34
10,1789646558411513856,1789646568411513856,Request Latency,ms,p90,7844.47
10,1789646558411513856,1789646568411513856,Request Latency,ms,p95,8018.84
10,1789646558411513856,1789646568411513856,Request Latency,ms,p99,8018.91
10,1789646558411513856,1789646568411513856,Request Latency,ms,std,50.40
10,1789646558411513856,1789646568411513856,Request Throughput,requests/sec,avg,3.50
10,1789646558411513856,1789646568411513856,Time to First Token,ms,avg,409.79
10,1789646558411513856,1789646568411513856,Time to First Token,ms,min,217.87
10,1789646558411513856,1789646568411513856,Time to First Token,ms,max,471.25
10,1789646558411513856,1789646568411513856,Time to First Token,ms,sum,14342.61
10,1789646558411513856,1789646568411513856,Time to First Token,ms,p1,248.70
10,1789646558411513856,1789646568411513856,Time to First Token,ms,p5,308.61
10,1789646558411513856,1789646568411513856,Time to First Token,ms,p10,308.90
10,1789646558411513856,1789646568411513856,Time to First Token,ms,p25,355.97
10,1789646558411513856,1789646568411513856,Time to First Token,ms,p50,471.05
10,1789646558411513856,1789646568411513856,Time to First Token,ms,p75,471.15
10,1789646558411513856,1789646568411513856,Time to First Token,ms,p90,471.17
10,1789646558411513856,1789646568411513856,Time to First Token,ms,p95,471.20
10,1789646558411513856,1789646568411513856,Time to First Token,ms,p99,471.24
10,1789646558411513856,1789646568411513856,Time to First Token,ms,std,74.87
10,1789646558411513856,1789646568411513856,Time to Second Token,ms,avg,41.38
10,1789646558411513856,1789646568411513856,Time to Second Token,ms,min,1.11
10,1789646558411513856,1789646568411513856,Time to Second Token,ms,max,155.46
10,1789646558411513856,1789646568411513856,Time to Second Token,ms,sum,1448.43
10,1789646558411513856,1789646568411513856,Time to Second Token,ms,p1,1.11
10,1789646558411513856,1789646568411513856,Time to Second Token,ms,p5,1.15
10,1789646558411513856,1789646568411513856,Time to Second Token,ms,p10,1.20
10,1789646558411513856,1789646568411513856,Time to Second Token,ms,p25,2.95
10,1789646558411513856,1789646568411513856,Time to Second Token,ms,p50,2.97
10,1789646558411513856,1789646568411513856,Time to Second Token,ms,p75,78.11
10,1789646558411513856,1789646568411513856,Time to Second Token,ms,p90,153.35
10,1789646558411513856,1789646568411513856,Time to Second Token,ms,p95,153.38
10,1789646558411513856,1789646568411513856,Time to Second Token,ms,p99,154.77
10,1789646558411513856,1789646568411513856,Time to Second Token,ms,std,66.00
10,1789646558411513856,1789646568411513856,Tokens In Flight,tokens,avg,42095.32
10,1789646558411513856,1789646568411513856,Tokens In Flight,tokens,min,14816.68
10,1789646558411513856,1789646568411513856,Tokens In Flight,tokens,max,51751.36
10,1789646558411513856,1789646568411513856,Tokens In Flight,tokens,p50,41260.32
10,1789646558411513856,1789646568411513856,Tokens In Flight,tokens,p90,49678.79
10,1789646558411513856,1789646568411513856,Tokens In Flight,tokens,p95,50708.45
10,1789646558411513856,1789646568411513856,Tokens In Flight,tokens,p99,51527.91
10,1789646558411513856,1789646568411513856,Tokens In Flight,tokens,std,5080.05
10,1789646558411513856,1789646568411513856,Total Input Sequence Length,tokens,avg,38745.00
10,1789646558411513856,1789646568411513856,Total Output Sequence Length,tokens,avg,17920.00
10,1789646558411513856,1789646568411513856,Total Reasoning Tokens,tokens,avg,17920.00
10,1789646558411513856,1789646568411513856,Total Token Throughput,tokens/sec,avg,5666.50
10,1789646558411513856,1789646568411513856,Total Usage Completion Tokens,tokens,avg,17920.00
10,1789646558411513856,1789646568411513856,Total Usage Prompt Cache Read Tokens,tokens,avg,35840.00
10,1789646558411513856,1789646568411513856,Total Usage Prompt Tokens,tokens,avg,38745.00
10,1789646558411513856,1789646568411513856,Total Usage Reasoning Tokens,tokens,avg,17920.00
10,1789646558411513856,1789646568411513856,Total Usage Total Tokens,tokens,avg,56665.00
10,1789646558411513856,1789646568411513856,Usage Completion Tokens,tokens,avg,512.00
10,1789646558411513856,1789646568411513856,Usage Completion Tokens,tokens,min,512.00
10,1789646558411513856,1789646568411513856,Usage Completion Tokens,tokens,max,512.00
10,1789646558411513856,1789646568411513856,Usage Completion Tokens,tokens,sum,17920.00
10,1789646558411513856,1789646568411513856,Usage Completion Tokens,tokens,p1,512.00
10,1789646558411513856,1789646568411513856,Usage Completion Tokens,tokens,p5,512.00
10,1789646558411513856,1789646568411513856,Usage Completion Tokens,tokens,p10,512.00
10,1789646558411513856,1789646568411513856,Usage Completion Tokens,tokens,p25,512.00
10,1789646558411513856,1789646568411513856,Usage Completion Tokens,tokens,p50,512.00
10,1789646558411513856,1789646568411513856,Usage Completion Tokens,tokens,p75,512.00
10,1789646558411513856,1789646568411513856,Usage Completion Tokens,tokens,p90,512.00
10,1789646558411513856,1789646568411513856,Usage Completion Tokens,tokens,p95,512.00
10,1789646558411513856,1789646568411513856,Usage Completion Tokens,tokens,p99,512.00
10,1789646558411513856,1789646568411513856,Usage Completion Tokens,tokens,std,0.00
10,1789646558411513856,1789646568411513856,Usage Prompt Cache Read Tokens,tokens,avg,1024.00
10,1789646558411513856,1789646568411513856,Usage Prompt Cache Read Tokens,tokens,min,1024.00
10,1789646558411513856,1789646568411513856,Usage Prompt Cache Read Tokens,tokens,max,1024.00
10,1789646558411513856,1789646568411513856,Usage Prompt Cache Read Tokens,tokens,sum,35840.00
10,1789646558411513856,1789646568411513856,Usage Prompt Cache Read Tokens,tokens,p1,1024.00
10,1789646558411513856,1789646568411513856,Usage Prompt Cache Read Tokens,tokens,p5,1024.00
10,1789646558411513856,1789646568411513856,Usage Prompt Cache Read Tokens,tokens,p10,1024.00
10,1789646558411513856,1789646568411513856,Usage Prompt Cache Read Tokens,tokens,p25,1024.00
10,1789646558411513856,1789646568411513856,Usage Prompt Cache Read Tokens,tokens,p50,1024.00
10,1789646558411513856,1789646568411513856,Usage Prompt Cache Read Tokens,tokens,p75,1024.00
10,1789646558411513856,1789646568411513856,Usage Prompt Cache Read Tokens,tokens,p90,1024.00
10,1789646558411513856,1789646568411513856,Usage Prompt Cache Read Tokens,tokens,p95,1024.00
10,1789646558411513856,1789646568411513856,Usage Prompt Cache Read Tokens,tokens,p99,1024.00
10,1789646558411513856,1789646568411513856,Usage Prompt Cache Read Tokens,tokens,std,0.00
10,1789646558411513856,1789646568411513856,Usage Prompt Tokens,tokens,avg,1107.00
10,1789646558411513856,1789646568411513856,Usage Prompt Tokens,tokens,min,1107.00
10,1789646558411513856,1789646568411513856,Usage Prompt Tokens,tokens,max,1107.00
10,1789646558411513856,1789646568411513856,Usage Prompt Tokens,tokens,sum,38745.00
10,1789646558411513856,1789646568411513856,Usage Prompt Tokens,tokens,p1,1107.00
10,1789646558411513856,1789646568411513856,Usage Prompt Tokens,tokens,p5,1107.00
10,1789646558411513856,1789646568411513856,Usage Prompt Tokens,tokens,p10,1107.00
10,1789646558411513856,1789646568411513856,Usage Prompt Tokens,tokens,p25,1107.00
10,1789646558411513856,1789646568411513856,Usage Prompt Tokens,tokens,p50,1107.00
10,1789646558411513856,1789646568411513856,Usage Prompt Tokens,tokens,p75,1107.00
10,1789646558411513856,1789646568411513856,Usage Prompt Tokens,tokens,p90,1107.00
10,1789646558411513856,1789646568411513856,Usage Prompt Tokens,tokens,p95,1107.00
10,1789646558411513856,1789646568411513856,Usage Prompt Tokens,tokens,p99,1107.00
10,1789646558411513856,1789646568411513856,Usage Prompt Tokens,tokens,std,0.00
10,1789646558411513856,1789646568411513856,Usage Reasoning Tokens,tokens,avg,512.00
10,1789646558411513856,1789646568411513856,Usage Reasoning Tokens,tokens,min,512.00
10,1789646558411513856,1789646568411513856,Usage Reasoning Tokens,tokens,max,512.00
10,1789646558411513856,1789646568411513856,Usage Reasoning Tokens,tokens,sum,17920.00
10,1789646558411513856,1789646568411513856,Usage Reasoning Tokens,tokens,p1,512.00
10,1789646558411513856,1789646568411513856,Usage Reasoning Tokens,tokens,p5,512.00
10,1789646558411513856,1789646568411513856,Usage Reasoning Tokens,tokens,p10,512.00
10,1789646558411513856,1789646568411513856,Usage Reasoning Tokens,tokens,p25,512.00
10,1789646558411513856,1789646568411513856,Usage Reasoning Tokens,tokens,p50,512.00
10,1789646558411513856,1789646568411513856,Usage Reasoning Tokens,tokens,p75,512.00
10,1789646558411513856,1789646568411513856,Usage Reasoning Tokens,tokens,p90,512.00
10,1789646558411513856,1789646568411513856,Usage Reasoning Tokens,tokens,p95,512.00
10,1789646558411513856,1789646568411513856,Usage Reasoning Tokens,tokens,p99,512.00
10,1789646558411513856,1789646568411513856,Usage Reasoning Tokens,tokens,std,0.00
10,1789646558411513856,1789646568411513856,Usage Total Tokens,tokens,avg,1619.00
10,1789646558411513856,1789646568411513856,Usage Total Tokens,tokens,min,1619.00
10,1789646558411513856,1789646568411513856,Usage Total Tokens,tokens,max,1619.00
10,1789646558411513856,1789646568411513856,Usage Total Tokens,tokens,sum,56665.00
10,1789646558411513856,1789646568411513856,Usage Total Tokens,tokens,p1,1619.00
10,1789646558411513856,1789646568411513856,Usage Total Tokens,tokens,p5,1619.00
10,1789646558411513856,1789646568411513856,Usage Total Tokens,tokens,p10,1619.00
10,1789646558411513856,1789646568411513856,Usage Total Tokens,tokens,p25,1619.00
10,1789646558411513856,1789646568411513856,Usage Total Tokens,tokens,p50,1619.00
10,1789646558411513856,1789646568411513856,Usage Total Tokens,tokens,p75,1619.00
10,1789646558411513856,1789646568411513856,Usage Total Tokens,tokens,p90,1619.00
10,1789646558411513856,1789646568411513856,Usage Total Tokens,tokens,p95,1619.00
10,1789646558411513856,1789646568411513856,Usage Total Tokens,tokens,p99,1619.00
10,1789646558411513856,1789646568411513856,Usage Total Tokens,tokens,std,0.00
11,1789646568411513856,1789646578411513856,Active Decode Throughput,tokens/sec,avg,2105.67
11,1789646568411513856,1789646578411513856,Active Decode Throughput,tokens/sec,min,7.19
11,1789646568411513856,1789646578411513856,Active Decode Throughput,tokens/sec,max,9663.68
11,1789646568411513856,1789646578411513856,Active Decode Throughput,tokens/sec,p50,2185.13
11,1789646568411513856,1789646578411513856,Active Decode Throughput,tokens/sec,p90,2331.68
11,1789646568411513856,1789646578411513856,Active Decode Throughput,tokens/sec,p95,2384.31
11,1789646568411513856,1789646578411513856,Active Decode Throughput,tokens/sec,p99,3120.42
11,1789646568411513856,1789646578411513856,Active Decode Throughput,tokens/sec,std,528.39
11,1789646568411513856,1789646578411513856,Active Decode Throughput Per User,tokens/sec/user,avg,66.14
11,1789646568411513856,1789646578411513856,Active Decode Throughput Per User,tokens/sec/user,min,6.62
11,1789646568411513856,1789646578411513856,Active Decode Throughput Per User,tokens/sec/user,max,330.47
11,1789646568411513856,1789646578411513856,Active Decode Throughput Per User,tokens/sec/user,p50,68.29
11,1789646568411513856,1789646578411513856,Active Decode Throughput Per User,tokens/sec/user,p90,72.87
11,1789646568411513856,1789646578411513856,Active Decode Throughput Per User,tokens/sec/user,p95,74.51
11,1789646568411513856,1789646578411513856,Active Decode Throughput Per User,tokens/sec/user,p99,97.51
11,1789646568411513856,1789646578411513856,Active Decode Throughput Per User,tokens/sec/user,std,15.47
11,1789646568411513856,1789646578411513856,Active Prefill Throughput,tokens/sec,avg,66545.25
11,1789646568411513856,1789646578411513856,Active Prefill Throughput,tokens/sec,min,3586.00
11,1789646568411513856,1789646578411513856,Active Prefill Throughput,tokens/sec,max,82109.89
11,1789646568411513856,1789646578411513856,Active Prefill Throughput,tokens/sec,p50,76370.18
11,1789646568411513856,1789646578411513856,Active Prefill Throughput,tokens/sec,p90,82109.89
11,1789646568411513856,1789646578411513856,Active Prefill Throughput,tokens/sec,p95,82109.89
11,1789646568411513856,1789646578411513856,Active Prefill Throughput,tokens/sec,p99,82109.89
11,1789646568411513856,1789646578411513856,Active Prefill Throughput,tokens/sec,std,18883.81
11,1789646568411513856,1789646578411513856,Active Prefill Throughput Per User,tokens/sec/user,avg,2725.58
11,1789646568411513856,1789646578411513856,Active Prefill Throughput Per User,tokens/sec/user,min,2497.18
11,1789646568411513856,1789646578411513856,Active Prefill Throughput Per User,tokens/sec/user,max,5021.12
11,1789646568411513856,1789646578411513856,Active Prefill Throughput Per User,tokens/sec/user,p50,2633.45
11,1789646568411513856,1789646578411513856,Active Prefill Throughput Per User,tokens/sec/user,p90,3299.55
11,1789646568411513856,1789646578411513856,Active Prefill Throughput Per User,tokens/sec/user,p95,3299.55
11,1789646568411513856,1789646578411513856,Active Prefill Throughput Per User,tokens/sec/user,p99,5021.12
11,1789646568411513856,1789646578411513856,Active Prefill Throughput Per User,tokens/sec/user,std,459.96
11,1789646568411513856,1789646578411513856,Active Total Throughput,tokens/sec,avg,5649.02
11,1789646568411513856,1789646578411513856,Active Total Throughput,tokens/sec,min,2136.27
11,1789646568411513856,1789646578411513856,Active Total Throughput,tokens/sec,max,82176.69
11,1789646568411513856,1789646578411513856,Active Total Throughput,tokens/sec,p50,2203.29
11,1789646568411513856,1789646578411513856,Active Total Throughput,tokens/sec,p90,2203.29
11,1789646568411513856,1789646578411513856,Active Total Throughput,tokens/sec,p95,31286.05
11,1789646568411513856,1789646578411513856,Active Total Throughput,tokens/sec,p99,82176.69
11,1789646568411513856,1789646578411513856,Active Total Throughput,tokens/sec,std,15151.08
11,1789646568411513856,1789646578411513856,Benchmark Duration,sec,avg,8.09
11,1789646568411513856,1789646578411513856,Decode Duration,ms,avg,7445.58
11,1789646568411513856,1789646578411513856,Decode Duration,ms,min,7357.34
11,1789646568411513856,1789646578411513856,Decode Duration,ms,max,7649.75
11,1789646568411513856,1789646578411513856,Decode Duration,ms,sum,238258.72
11,1789646568411513856,1789646578411513856,Decode Duration,ms,p1,7357.35
11,1789646568411513856,1789646578411513856,Decode Duration,ms,p5,7378.36
11,1789646568411513856,1789646578411513856,Decode Duration,ms,p10,7395.56
11,1789646568411513856,1789646578411513856,Decode Duration,ms,p25,7395.59
11,1789646568411513856,1789646578411513856,Decode Duration,ms,p50,7395.62
11,1789646568411513856,1789646578411513856,Decode Duration,ms,p75,7511.13
11,1789646568411513856,1789646578411513856,Decode Duration,ms,p90,7556.35
11,1789646568411513856,1789646578411513856,Decode Duration,ms,p95,7561.48
11,1789646568411513856,1789646578411513856,Decode Duration,ms,p99,7622.40
11,1789646568411513856,1789646578411513856,Decode Duration,ms,std,74.35
11,1789646568411513856,1789646578411513856,E2E Output Token Throughput,tokens/sec/user,avg,65.08
11,1789646568411513856,1789646578411513856,E2E Output Token Throughput,tokens/sec/user,min,65.06
11,1789646568411513856,1789646578411513856,E2E Output Token Throughput,tokens/sec/user,max,65.38
11,1789646568411513856,1789646578411513856,E2E Output Token Throughput,tokens/sec/user,sum,2082.47
11,1789646568411513856,1789646578411513856,E2E Output Token Throughput,tokens/sec/user,p1,65.06
11,1789646568411513856,1789646578411513856,E2E Output Token Throughput,tokens/sec/user,p5,65.06
11,1789646568411513856,1789646578411513856,E2E Output Token Throughput,tokens/sec/user,p10,65.06
11,1789646568411513856,1789646578411513856,E2E Output Token Throughput,tokens/sec/user,p25,65.06
11,1789646568411513856,1789646578411513856,E2E Output Token Throughput,tokens/sec/user,p50,65.06
11,1789646568411513856,1789646578411513856,E2E Output Token Throughput,tokens/sec/user,p75,65.06
11,1789646568411513856,1789646578411513856,E2E Output Token Throughput,tokens/sec/user,p90,65.06
11,1789646568411513856,1789646578411513856,E2E Output Token Throughput,tokens/sec/user,p95,65.20
11,1789646568411513856,1789646578411513856,E2E Output Token Throughput,tokens/sec/user,p99,65.38
11,1789646568411513856,1789646578411513856,E2E Output Token Throughput,tokens/sec/user,std,0.08
11,1789646568411513856,1789646578411513856,Effective Concurrency,requests,avg,31.99
11,1789646568411513856,1789646578411513856,Effective Concurrency,requests,min,12.00
11,1789646568411513856,1789646578411513856,Effective Concurrency,requests,max,32.00
11,1789646568411513856,1789646578411513856,Effective Concurrency,requests,p50,32.00
11,1789646568411513856,1789646578411513856,Effective Concurrency,requests,p90,32.00
11,1789646568411513856,1789646578411513856,Effective Concurrency,requests,p95,32.00
11,1789646568411513856,1789646578411513856,Effective Concurrency,requests,p99,32.00
11,1789646568411513856,1789646578411513856,Effective Concurrency,requests,std,0.39
11,1789646568411513856,1789646578411513856,Effective Decode Concurrency,requests,avg,30.64
11,1789646568411513856,1789646578411513856,Effective Decode Concurrency,requests,min,1.00
11,1789646568411513856,1789646578411513856,Effective Decode Concurrency,requests,max,32.00
11,1789646568411513856,1789646578411513856,Effective Decode Concurrency,requests,p50,32.00
11,1789646568411513856,1789646578411513856,Effective Decode Concurrency,requests,p90,32.00
11,1789646568411513856,1789646578411513856,Effective Decode Concurrency,requests,p95,32.00
11,1789646568411513856,1789646578411513856,Effective Decode Concurrency,requests,p99,32.00
11,1789646568411513856,1789646578411513856,Effective Decode Concurrency,requests,std,5.97
11,1789646568411513856,1789646578411513856,Effective Decode Throughput,tokens/sec,avg,2105.67
11,1789646568411513856,1789646578411513856,Effective Decode Throughput,tokens/sec,min,7.19
11,1789646568411513856,1789646578411513856,Effective Decode Throughput,tokens/sec,max,9663.68
11,1789646568411513856,1789646578411513856,Effective Decode Throughput,tokens/sec,p50,2185.13
11,1789646568411513856,1789646578411513856,Effective Decode Throughput,tokens/sec,p90,2331.68
11,1789646568411513856,1789646578411513856,Effective Decode Throughput,tokens/sec,p95,2384.31
11,1789646568411513856,1789646578411513856,Effective Decode Throughput,tokens/sec,p99,3120.42
11,1789646568411513856,1789646578411513856,Effective Decode Throughput,tokens/sec,std,528.39
11,1789646568411513856,1789646578411513856,Effective Decode Throughput Per User,tokens/sec/user,avg,66.14
11,1789646568411513856,1789646578411513856,Effective Decode Throughput Per User,tokens/sec/user,min,6.62
11,1789646568411513856,1789646578411513856,Effective Decode Throughput Per User,tokens/sec/user,max,330.47
11,1789646568411513856,1789646578411513856,Effective Decode Throughput Per User,tokens/sec/user,p50,68.29
11,1789646568411513856,1789646578411513856,Effective Decode Throughput Per User,tokens/sec/user,p90,72.87
11,1789646568411513856,1789646578411513856,Effective Decode Throughput Per User,tokens/sec/user,p95,74.51
11,1789646568411513856,1789646578411513856,Effective Decode Throughput Per User,tokens/sec/user,p99,97.51
11,1789646568411513856,1789646578411513856,Effective Decode Throughput Per User,tokens/sec/user,std,15.47
11,1789646568411513856,1789646578411513856,Effective Prefill Concurrency,requests,avg,1.35
11,1789646568411513856,1789646578411513856,Effective Prefill Concurrency,requests,min,0.00
11,1789646568411513856,1789646578411513856,Effective Prefill Concurrency,requests,max,31.00
11,1789646568411513856,1789646578411513856,Effective Prefill Concurrency,requests,p50,0.00
11,1789646568411513856,1789646578411513856,Effective Prefill Concurrency,requests,p90,0.00
11,1789646568411513856,1789646578411513856,Effective Prefill Concurrency,requests,p95,9.00
11,1789646568411513856,1789646578411513856,Effective Prefill Concurrency,requests,p99,31.00
11,1789646568411513856,1789646578411513856,Effective Prefill Concurrency,requests,std,5.95
11,1789646568411513856,1789646578411513856,Effective Prefill Throughput,tokens/sec,avg,3542.40
11,1789646568411513856,1789646578411513856,Effective Prefill Throughput,tokens/sec,min,0.00
11,1789646568411513856,1789646578411513856,Effective Prefill Throughput,tokens/sec,max,82109.89
11,1789646568411513856,1789646578411513856,Effective Prefill Throughput,tokens/sec,p50,0.00
11,1789646568411513856,1789646578411513856,Effective Prefill Throughput,tokens/sec,p90,0.00
11,1789646568411513856,1789646578411513856,Effective Prefill Throughput,tokens/sec,p95,29695.93
11,1789646568411513856,1789646578411513856,Effective Prefill Throughput,tokens/sec,p99,82109.89
11,1789646568411513856,1789646578411513856,Effective Prefill Throughput,tokens/sec,std,15561.62
11,1789646568411513856,1789646578411513856,Effective Prefill Throughput Per User,tokens/sec/user,avg,145.09
11,1789646568411513856,1789646578411513856,Effective Prefill Throughput Per User,tokens/sec/user,min,0.00
11,1789646568411513856,1789646578411513856,Effective Prefill Throughput Per User,tokens/sec/user,max,5021.12
11,1789646568411513856,1789646578411513856,Effective Prefill Throughput Per User,tokens/sec/user,p50,0.00
11,1789646568411513856,1789646578411513856,Effective Prefill Throughput Per User,tokens/sec/user,p90,0.00
11,1789646568411513856,1789646578411513856,Effective Prefill Throughput Per User,tokens/sec/user,p95,2497.18
11,1789646568411513856,1789646578411513856,Effective Prefill Throughput Per User,tokens/sec/user,p99,2648.71
11,1789646568411513856,1789646578411513856,Effective Prefill Throughput Per User,tokens/sec/user,std,621.02
11,1789646568411513856,1789646578411513856,Effective Total Throughput,tokens/sec,avg,5649.02
11,1789646568411513856,1789646578411513856,Effective Total Throughput,tokens/sec,min,2136.27
11,1789646568411513856,1789646578411513856,Effective Total Throughput,tokens/sec,max,82176.69
11,1789646568411513856,1789646578411513856,Effective Total Throughput,tokens/sec,p50,2203.29
11,1789646568411513856,1789646578411513856,Effective Total Throughput,tokens/sec,p90,2203.29
11,1789646568411513856,1789646578411513856,Effective Total Throughput,tokens/sec,p95,31286.05
11,1789646568411513856,1789646578411513856,Effective Total Throughput,tokens/sec,p99,82176.69
11,1789646568411513856,1789646578411513856,Effective Total Throughput,tokens/sec,std,15151.08
11,1789646568411513856,1789646578411513856,HTTP Blocked,ms,avg,0.00
11,1789646568411513856,1789646578411513856,HTTP Blocked,ms,min,0.00
11,1789646568411513856,1789646578411513856,HTTP Blocked,ms,max,0.00
11,1789646568411513856,1789646578411513856,HTTP Blocked,ms,sum,0.00
11,1789646568411513856,1789646578411513856,HTTP Blocked,ms,p1,0.00
11,1789646568411513856,1789646578411513856,HTTP Blocked,ms,p5,0.00
11,1789646568411513856,1789646578411513856,HTTP Blocked,ms,p10,0.00
11,1789646568411513856,1789646578411513856,HTTP Blocked,ms,p25,0.00
11,1789646568411513856,1789646578411513856,HTTP Blocked,ms,p50,0.00
11,1789646568411513856,1789646578411513856,HTTP Blocked,ms,p75,0.00
11,1789646568411513856,1789646578411513856,HTTP Blocked,ms,p90,0.00
11,1789646568411513856,1789646578411513856,HTTP Blocked,ms,p95,0.00
11,1789646568411513856,1789646578411513856,HTTP Blocked,ms,p99,0.00
11,1789646568411513856,1789646578411513856,HTTP Blocked,ms,std,0.00
11,1789646568411513856,1789646578411513856,HTTP Chunks Received,count,avg,468.12
11,1789646568411513856,1789646578411513856,HTTP Chunks Received,count,min,438.00
11,1789646568411513856,1789646578411513856,HTTP Chunks Received,count,max,490.00
11,1789646568411513856,1789646578411513856,HTTP Chunks Received,count,sum,14980.00
11,1789646568411513856,1789646578411513856,HTTP Chunks Received,count,p1,441.10
11,1789646568411513856,1789646578411513856,HTTP Chunks Received,count,p5,449.65
11,1789646568411513856,1789646578411513856,HTTP Chunks Received,count,p10,454.10
11,1789646568411513856,1789646578411513856,HTTP Chunks Received,count,p25,461.25
11,1789646568411513856,1789646578411513856,HTTP Chunks Received,count,p50,469.00
11,1789646568411513856,1789646578411513856,HTTP Chunks Received,count,p75,476.00
11,1789646568411513856,1789646578411513856,HTTP Chunks Received,count,p90,481.90
11,1789646568411513856,1789646578411513856,HTTP Chunks Received,count,p95,483.00
11,1789646568411513856,1789646578411513856,HTTP Chunks Received,count,p99,487.83
11,1789646568411513856,1789646578411513856,HTTP Chunks Received,count,std,11.24
11,1789646568411513856,1789646578411513856,HTTP Chunks Sent,count,avg,1.00
11,1789646568411513856,1789646578411513856,HTTP Chunks Sent,count,min,1.00
11,1789646568411513856,1789646578411513856,HTTP Chunks Sent,count,max,1.00
11,1789646568411513856,1789646578411513856,HTTP Chunks Sent,count,sum,32.00
11,1789646568411513856,1789646578411513856,HTTP Chunks Sent,count,p1,1.00
11,1789646568411513856,1789646578411513856,HTTP Chunks Sent,count,p5,1.00
11,1789646568411513856,1789646578411513856,HTTP Chunks Sent,count,p10,1.00
11,1789646568411513856,1789646578411513856,HTTP Chunks Sent,count,p25,1.00
11,1789646568411513856,1789646578411513856,HTTP Chunks Sent,count,p50,1.00
11,1789646568411513856,1789646578411513856,HTTP Chunks Sent,count,p75,1.00
11,1789646568411513856,1789646578411513856,HTTP Chunks Sent,count,p90,1.00
11,1789646568411513856,1789646578411513856,HTTP Chunks Sent,count,p95,1.00
11,1789646568411513856,1789646578411513856,HTTP Chunks Sent,count,p99,1.00
11,1789646568411513856,1789646578411513856,HTTP Chunks Sent,count,std,0.00
11,1789646568411513856,1789646578411513856,HTTP Connecting,ms,avg,0.00
11,1789646568411513856,1789646578411513856,HTTP Connecting,ms,min,0.00
11,1789646568411513856,1789646578411513856,HTTP Connecting,ms,max,0.00
11,1789646568411513856,1789646578411513856,HTTP Connecting,ms,sum,0.00
11,1789646568411513856,1789646578411513856,HTTP Connecting,ms,p1,0.00
11,1789646568411513856,1789646578411513856,HTTP Connecting,ms,p5,0.00
11,1789646568411513856,1789646578411513856,HTTP Connecting,ms,p10,0.00
11,1789646568411513856,1789646578411513856,HTTP Connecting,ms,p25,0.00
11,1789646568411513856,1789646578411513856,HTTP Connecting,ms,p50,0.00
11,1789646568411513856,1789646578411513856,HTTP Connecting,ms,p75,0.00
11,1789646568411513856,1789646578411513856,HTTP Connecting,ms,p90,0.00
11,1789646568411513856,1789646578411513856,HTTP Connecting,ms,p95,0.00
11,1789646568411513856,1789646578411513856,HTTP Connecting,ms,p99,0.00
11,1789646568411513856,1789646578411513856,HTTP Connecting,ms,std,0.00
11,1789646568411513856,1789646578411513856,HTTP Connection Overhead,ms,avg,0.00
11,1789646568411513856,1789646578411513856,HTTP Connection Overhead,ms,min,0.00
11,1789646568411513856,1789646578411513856,HTTP Connection Overhead,ms,max,0.00
11,1789646568411513856,1789646578411513856,HTTP Connection Overhead,ms,sum,0.00
11,1789646568411513856,1789646578411513856,HTTP Connection Overhead,ms,p1,0.00
11,1789646568411513856,1789646578411513856,HTTP Connection Overhead,ms,p5,0.00
11,1789646568411513856,1789646578411513856,HTTP Connection Overhead,ms,p10,0.00
11,1789646568411513856,1789646578411513856,HTTP Connection Overhead,ms,p25,0.00
11,1789646568411513856,1789646578411513856,HTTP Connection Overhead,ms,p50,0.00
11,1789646568411513856,1789646578411513856,HTTP Connection Overhead,ms,p75,0.00
11,1789646568411513856,1789646578411513856,HTTP Connection Overhead,ms,p90,0.00
11,1789646568411513856,1789646578411513856,HTTP Connection Overhead,ms,p95,0.00
11,1789646568411513856,1789646578411513856,HTTP Connection Overhead,ms,p99,0.00
11,1789646568411513856,1789646578411513856,HTTP Connection Overhead,ms,std,0.00
11,1789646568411513856,1789646578411513856,HTTP Connection Reused,ratio,avg,1.00
11,1789646568411513856,1789646578411513856,HTTP Connection Reused,ratio,min,1.00
11,1789646568411513856,1789646578411513856,HTTP Connection Reused,ratio,max,1.00
11,1789646568411513856,1789646578411513856,HTTP Connection Reused,ratio,sum,32.00
11,1789646568411513856,1789646578411513856,HTTP Connection Reused,ratio,p1,1.00
11,1789646568411513856,1789646578411513856,HTTP Connection Reused,ratio,p5,1.00
11,1789646568411513856,1789646578411513856,HTTP Connection Reused,ratio,p10,1.00
11,1789646568411513856,1789646578411513856,HTTP Connection Reused,ratio,p25,1.00
11,1789646568411513856,1789646578411513856,HTTP Connection Reused,ratio,p50,1.00
11,1789646568411513856,1789646578411513856,HTTP Connection Reused,ratio,p75,1.00
11,1789646568411513856,1789646578411513856,HTTP Connection Reused,ratio,p90,1.00
11,1789646568411513856,1789646578411513856,HTTP Connection Reused,ratio,p95,1.00
11,1789646568411513856,1789646578411513856,HTTP Connection Reused,ratio,p99,1.00
11,1789646568411513856,1789646578411513856,HTTP Connection Reused,ratio,std,0.00
11,1789646568411513856,1789646578411513856,HTTP Data Received,KB,avg,124.84
11,1789646568411513856,1789646578411513856,HTTP Data Received,KB,min,116.75
11,1789646568411513856,1789646578411513856,HTTP Data Received,KB,max,130.49
11,1789646568411513856,1789646578411513856,HTTP Data Received,KB,sum,3994.91
11,1789646568411513856,1789646578411513856,HTTP Data Received,KB,p1,117.59
11,1789646568411513856,1789646578411513856,HTTP Data Received,KB,p5,119.98
11,1789646568411513856,1789646578411513856,HTTP Data Received,KB,p10,121.14
11,1789646568411513856,1789646578411513856,HTTP Data Received,KB,p25,123.10
11,1789646568411513856,1789646578411513856,HTTP Data Received,KB,p50,125.02
11,1789646568411513856,1789646578411513856,HTTP Data Received,KB,p75,126.88
11,1789646568411513856,1789646578411513856,HTTP Data Received,KB,p90,128.53
11,1789646568411513856,1789646578411513856,HTTP Data Received,KB,p95,128.69
11,1789646568411513856,1789646578411513856,HTTP Data Received,KB,p99,129.98
11,1789646568411513856,1789646578411513856,HTTP Data Received,KB,std,2.96
11,1789646568411513856,1789646578411513856,HTTP Data Sent,KB,avg,4.57
11,1789646568411513856,1789646578411513856,HTTP Data Sent,KB,min,4.08
11,1789646568411513856,1789646578411513856,HTTP Data Sent,KB,max,4.86
11,1789646568411513856,1789646578411513856,HTTP Data Sent,KB,sum,146.16
11,1789646568411513856,1789646578411513856,HTTP Data Sent,KB,p1,4.17
11,1789646568411513856,1789646578411513856,HTTP Data Sent,KB,p5,4.38
11,1789646568411513856,1789646578411513856,HTTP Data Sent,KB,p10,4.41
11,1789646568411513856,1789646578411513856,HTTP Data Sent,KB,p25,4.50
11,1789646568411513856,1789646578411513856,HTTP Data Sent,KB,p50,4.56
11,1789646568411513856,1789646578411513856,HTTP Data Sent,KB,p75,4.67
11,1789646568411513856,1789646578411513856,HTTP Data Sent,KB,p90,4.72
11,1789646568411513856,1789646578411513856,HTTP Data Sent,KB,p95,4.80
11,1789646568411513856,1789646578411513856,HTTP Data Sent,KB,p99,4.85
11,1789646568411513856,1789646578411513856,HTTP Data Sent,KB,std,0.15
11,1789646568411513856,1789646578411513856,HTTP DNS Lookup,ms,avg,0.00
11,1789646568411513856,1789646578411513856,HTTP DNS Lookup,ms,min,0.00
11,1789646568411513856,1789646578411513856,HTTP DNS Lookup,ms,max,0.00
11,1789646568411513856,1789646578411513856,HTTP DNS Lookup,ms,sum,0.00
11,1789646568411513856,1789646578411513856,HTTP DNS Lookup,ms,p1,0.00
11,1789646568411513856,1789646578411513856,HTTP DNS Lookup,ms,p5,0.00
11,1789646568411513856,1789646578411513856,HTTP DNS Lookup,ms,p10,0.00
11,1789646568411513856,1789646578411513856,HTTP DNS Lookup,ms,p25,0.00
11,1789646568411513856,1789646578411513856,HTTP DNS Lookup,ms,p50,0.00
11,1789646568411513856,1789646578411513856,HTTP DNS Lookup,ms,p75,0.00
11,1789646568411513856,1789646578411513856,HTTP DNS Lookup,ms,p90,0.00
11,1789646568411513856,1789646578411513856,HTTP DNS Lookup,ms,p95,0.00
11,1789646568411513856,1789646578411513856,HTTP DNS Lookup,ms,p99,0.00
11,1789646568411513856,1789646578411513856,HTTP DNS Lookup,ms,std,0.00
11,1789646568411513856,1789646578411513856,HTTP Duration (excl. conn),ms,avg,7869.94
11,1789646568411513856,1789646578411513856,HTTP Duration (excl. conn),ms,min,7869.79
11,1789646568411513856,1789646578411513856,HTTP Duration (excl. conn),ms,max,7870.17
11,1789646568411513856,1789646578411513856,HTTP Duration (excl. conn),ms,sum,251838.02
11,1789646568411513856,1789646578411513856,HTTP Duration (excl. conn),ms,p1,7869.80
11,1789646568411513856,1789646578411513856,HTTP Duration (excl. conn),ms,p5,7869.83
11,1789646568411513856,1789646578411513856,HTTP Duration (excl. conn),ms,p10,7869.86
11,1789646568411513856,1789646578411513856,HTTP Duration (excl. conn),ms,p25,7869.89
11,1789646568411513856,1789646578411513856,HTTP Duration (excl. conn),ms,p50,7869.94
11,1789646568411513856,1789646578411513856,HTTP Duration (excl. conn),ms,p75,7869.99
11,1789646568411513856,1789646578411513856,HTTP Duration (excl. conn),ms,p90,7870.02
11,1789646568411513856,1789646578411513856,HTTP Duration (excl. conn),ms,p95,7870.03
11,1789646568411513856,1789646578411513856,HTTP Duration (excl. conn),ms,p99,7870.13
11,1789646568411513856,1789646578411513856,HTTP Duration (excl. conn),ms,std,0.07
11,1789646568411513856,1789646578411513856,HTTP Receiving,ms,avg,7447.98
11,1789646568411513856,1789646578411513856,HTTP Receiving,ms,min,7395.56
11,1789646568411513856,1789646578411513856,HTTP Receiving,ms,max,7649.76
11,1789646568411513856,1789646578411513856,HTTP Receiving,ms,sum,238335.40
11,1789646568411513856,1789646578411513856,HTTP Receiving,ms,p1,7395.56
11,1789646568411513856,1789646578411513856,HTTP Receiving,ms,p5,7395.57
11,1789646568411513856,1789646578411513856,HTTP Receiving,ms,p10,7395.58
11,1789646568411513856,1789646578411513856,HTTP Receiving,ms,p25,7395.60
11,1789646568411513856,1789646578411513856,HTTP Receiving,ms,p50,7395.64
11,1789646568411513856,1789646578411513856,HTTP Receiving,ms,p75,7511.13
11,1789646568411513856,1789646578411513856,HTTP Receiving,ms,p90,7556.35
11,1789646568411513856,1789646578411513856,HTTP Receiving,ms,p95,7561.48
11,1789646568411513856,1789646578411513856,HTTP Receiving,ms,p99,7622.41
11,1789646568411513856,1789646578411513856,HTTP Receiving,ms,std,72.05
11,1789646568411513856,1789646578411513856,HTTP Sending,ms,avg,0.14
11,1789646568411513856,1789646578411513856,HTTP Sending,ms,min,0.13
11,1789646568411513856,1789646578411513856,HTTP Sending,ms,max,0.15
11,1789646568411513856,1789646578411513856,HTTP Sending,ms,sum,4.39
11,1789646568411513856,1789646578411513856,HTTP Sending,ms,p1,0.13
11,1789646568411513856,1789646578411513856,HTTP Sending,ms,p5,0.13
11,1789646568411513856,1789646578411513856,HTTP Sending,ms,p10,0.13
11,1789646568411513856,1789646578411513856,HTTP Sending,ms,p25,0.13
11,1789646568411513856,1789646578411513856,HTTP Sending,ms,p50,0.14
11,1789646568411513856,1789646578411513856,HTTP Sending,ms,p75,0.14
11,1789646568411513856,1789646578411513856,HTTP Sending,ms,p90,0.15
11,1789646568411513856,1789646578411513856,HTTP Sending,ms,p95,0.15
11,1789646568411513856,1789646578411513856,HTTP Sending,ms,p99,0.15
11,1789646568411513856,1789646578411513856,HTTP Sending,ms,std,0.01
11,1789646568411513856,1789646578411513856,HTTP Total Time,ms,avg,7869.94
11,1789646568411513856,1789646578411513856,HTTP Total Time,ms,min,7869.79
11,1789646568411513856,1789646578411513856,HTTP Total Time,ms,max,7870.17
11,1789646568411513856,1789646578411513856,HTTP Total Time,ms,sum,251838.02
11,1789646568411513856,1789646578411513856,HTTP Total Time,ms,p1,7869.80
11,1789646568411513856,1789646578411513856,HTTP Total Time,ms,p5,7869.83
11,1789646568411513856,1789646578411513856,HTTP Total Time,ms,p10,7869.86
11,1789646568411513856,1789646578411513856,HTTP Total Time,ms,p25,7869.89
11,1789646568411513856,1789646578411513856,HTTP Total Time,ms,p50,7869.94
11,1789646568411513856,1789646578411513856,HTTP Total Time,ms,p75,7869.99
11,1789646568411513856,1789646578411513856,HTTP Total Time,ms,p90,7870.02
11,1789646568411513856,1789646578411513856,HTTP Total Time,ms,p95,7870.03
11,1789646568411513856,1789646578411513856,HTTP Total Time,ms,p99,7870.13
11,1789646568411513856,1789646578411513856,HTTP Total Time,ms,std,0.07
11,1789646568411513856,1789646578411513856,HTTP Waiting (TTFB),ms,avg,421.82
11,1789646568411513856,1789646578411513856,HTTP Waiting (TTFB),ms,min,220.28
11,1789646568411513856,1789646578411513856,HTTP Waiting (TTFB),ms,max,474.25
11,1789646568411513856,1789646578411513856,HTTP Waiting (TTFB),ms,sum,13498.23
11,1789646568411513856,1789646578411513856,HTTP Waiting (TTFB),ms,p1,247.59
11,1789646568411513856,1789646578411513856,HTTP Waiting (TTFB),ms,p5,308.39
11,1789646568411513856,1789646578411513856,HTTP Waiting (TTFB),ms,p10,313.53
11,1789646568411513856,1789646578411513856,HTTP Waiting (TTFB),ms,p25,358.71
11,1789646568411513856,1789646578411513856,HTTP Waiting (TTFB),ms,p50,474.09
11,1789646568411513856,1789646578411513856,HTTP Waiting (TTFB),ms,p75,474.16
11,1789646568411513856,1789646578411513856,HTTP Waiting (TTFB),ms,p90,474.21
11,1789646568411513856,1789646578411513856,HTTP Waiting (TTFB),ms,p95,474.23
11,1789646568411513856,1789646578411513856,HTTP Waiting (TTFB),ms,p99,474.24
11,1789646568411513856,1789646578411513856,HTTP Waiting (TTFB),ms,std,71.98
11,1789646568411513856,1789646578411513856,Input Sequence Length,tokens,avg,1107.00
11,1789646568411513856,1789646578411513856,Input Sequence Length,tokens,min,1107.00
11,1789646568411513856,1789646578411513856,Input Sequence Length,tokens,max,1107.00
11,1789646568411513856,1789646578411513856,Input Sequence Length,tokens,sum,35424.00
11,1789646568411513856,1789646578411513856,Input Sequence Length,tokens,p1,1107.00
11,1789646568411513856,1789646578411513856,Input Sequence Length,tokens,p5,1107.00
11,1789646568411513856,1789646578411513856,Input Sequence Length,tokens,p10,1107.00
11,1789646568411513856,1789646578411513856,Input Sequence Length,tokens,p25,1107.00
11,1789646568411513856,1789646578411513856,Input Sequence Length,tokens,p50,1107.00
11,1789646568411513856,1789646578411513856,Input Sequence Length,tokens,p75,1107.00
11,1789646568411513856,1789646578411513856,Input Sequence Length,tokens,p90,1107.00
11,1789646568411513856,1789646578411513856,Input Sequence Length,tokens,p95,1107.00
11,1789646568411513856,1789646578411513856,Input Sequence Length,tokens,p99,1107.00
11,1789646568411513856,1789646578411513856,Input Sequence Length,tokens,std,0.00
11,1789646568411513856,1789646578411513856,Input Token Throughput,tokens/sec,avg,3542.40
11,1789646568411513856,1789646578411513856,Inter Chunk Latency,ms,avg,15.94
11,1789646568411513856,1789646578411513856,Inter Chunk Latency,ms,min,1.41
11,1789646568411513856,1789646578411513856,Inter Chunk Latency,ms,max,168.86
11,1789646568411513856,1789646578411513856,Inter Chunk Latency,ms,sum,238258.72
11,1789646568411513856,1789646578411513856,Inter Chunk Latency,ms,p1,8.77
11,1789646568411513856,1789646578411513856,Inter Chunk Latency,ms,p5,12.96
11,1789646568411513856,1789646578411513856,Inter Chunk Latency,ms,p10,14.05
11,1789646568411513856,1789646578411513856,Inter Chunk Latency,ms,p25,14.45
11,1789646568411513856,1789646578411513856,Inter Chunk Latency,ms,p50,14.77
11,1789646568411513856,1789646578411513856,Inter Chunk Latency,ms,p75,15.06
11,1789646568411513856,1789646578411513856,Inter Chunk Latency,ms,p90,15.68
11,1789646568411513856,1789646578411513856,Inter Chunk Latency,ms,p95,29.31
11,1789646568411513856,1789646578411513856,Inter Chunk Latency,ms,p99,30.38
11,1789646568411513856,1789646578411513856,Inter Chunk Latency,ms,std,6.21
11,1789646568411513856,1789646578411513856,Inter Token Latency,ms,avg,14.57
11,1789646568411513856,1789646578411513856,Inter Token Latency,ms,min,14.40
11,1789646568411513856,1789646578411513856,Inter Token Latency,ms,max,14.97
11,1789646568411513856,1789646578411513856,Inter Token Latency,ms,sum,466.26
11,1789646568411513856,1789646578411513856,Inter Token Latency,ms,p1,14.40
11,1789646568411513856,1789646578411513856,Inter Token Latency,ms,p5,14.44
11,1789646568411513856,1789646578411513856,Inter Token Latency,ms,p10,14.47
11,1789646568411513856,1789646578411513856,Inter Token Latency,ms,p25,14.47
11,1789646568411513856,1789646578411513856,Inter Token Latency,ms,p50,14.47
11,1789646568411513856,1789646578411513856,Inter Token Latency,ms,p75,14.70
11,1789646568411513856,1789646578411513856,Inter Token Latency,ms,p90,14.79
11,1789646568411513856,1789646578411513856,Inter Token Latency,ms,p95,14.80
11,1789646568411513856,1789646578411513856,Inter Token Latency,ms,p99,14.92
11,1789646568411513856,1789646578411513856,Inter Token Latency,ms,std,0.15
11,1789646568411513856,1789646578411513856,OSL Mismatch Count,requests,avg,0.00
11,1789646568411513856,1789646578411513856,OSL Mismatch Diff %,%,avg,0.00
11,1789646568411513856,1789646578411513856,OSL Mismatch Diff %,%,min,0.00
11,1789646568411513856,1789646578411513856,OSL Mismatch Diff %,%,max,0.00
11,1789646568411513856,1789646578411513856,OSL Mismatch Diff %,%,sum,0.00
11,1789646568411513856,1789646578411513856,OSL Mismatch Diff %,%,p1,0.00
11,1789646568411513856,1789646578411513856,OSL Mismatch Diff %,%,p5,0.00
11,1789646568411513856,1789646578411513856,OSL Mismatch Diff %,%,p10,0.00
11,1789646568411513856,1789646578411513856,OSL Mismatch Diff %,%,p25,0.00
11,1789646568411513856,1789646578411513856,OSL Mismatch Diff %,%,p50,0.00
11,1789646568411513856,1789646578411513856,OSL Mismatch Diff %,%,p75,0.00
11,1789646568411513856,1789646578411513856,OSL Mismatch Diff %,%,p90,0.00
11,1789646568411513856,1789646578411513856,OSL Mismatch Diff %,%,p95,0.00
11,1789646568411513856,1789646578411513856,OSL Mismatch Diff %,%,p99,0.00
11,1789646568411513856,1789646578411513856,OSL Mismatch Diff %,%,std,0.00
11,1789646568411513856,1789646578411513856,Output Sequence Length,tokens,avg,512.00
11,1789646568411513856,1789646578411513856,Output Sequence Length,tokens,min,512.00
11,1789646568411513856,1789646578411513856,Output Sequence Length,tokens,max,512.00
11,1789646568411513856,1789646578411513856,Output Sequence Length,tokens,sum,16384.00
11,1789646568411513856,1789646578411513856,Output Sequence Length,tokens,p1,512.00
11,1789646568411513856,1789646578411513856,Output Sequence Length,tokens,p5,512.00
11,1789646568411513856,1789646578411513856,Output Sequence Length,tokens,p10,512.00
11,1789646568411513856,1789646578411513856,Output Sequence Length,tokens,p25,512.00
11,1789646568411513856,1789646578411513856,Output Sequence Length,tokens,p50,512.00
11,1789646568411513856,1789646578411513856,Output Sequence Length,tokens,p75,512.00
11,1789646568411513856,1789646578411513856,Output Sequence Length,tokens,p90,512.00
11,1789646568411513856,1789646578411513856,Output Sequence Length,tokens,p95,512.00
11,1789646568411513856,1789646578411513856,Output Sequence Length,tokens,p99,512.00
11,1789646568411513856,1789646578411513856,Output Sequence Length,tokens,std,0.00
11,1789646568411513856,1789646578411513856,Output Token Throughput,tokens/sec,avg,1638.40
11,1789646568411513856,1789646578411513856,Output Token Throughput Per User,tokens/sec/user,avg,68.64
11,1789646568411513856,1789646578411513856,Output Token Throughput Per User,tokens/sec/user,min,66.80
11,1789646568411513856,1789646578411513856,Output Token Throughput Per User,tokens/sec/user,max,69.45
11,1789646568411513856,1789646578411513856,Output Token Throughput Per User,tokens/sec/user,sum,2196.42
11,1789646568411513856,1789646578411513856,Output Token Throughput Per User,tokens/sec/user,p1,67.04
11,1789646568411513856,1789646578411513856,Output Token Throughput Per User,tokens/sec/user,p5,67.58
11,1789646568411513856,1789646578411513856,Output Token Throughput Per User,tokens/sec/user,p10,67.63
11,1789646568411513856,1789646578411513856,Output Token Throughput Per User,tokens/sec/user,p25,68.03
11,1789646568411513856,1789646578411513856,Output Token Throughput Per User,tokens/sec/user,p50,69.09
11,1789646568411513856,1789646578411513856,Output Token Throughput Per User,tokens/sec/user,p75,69.10
11,1789646568411513856,1789646578411513856,Output Token Throughput Per User,tokens/sec/user,p90,69.10
11,1789646568411513856,1789646578411513856,Output Token Throughput Per User,tokens/sec/user,p95,69.26
11,1789646568411513856,1789646578411513856,Output Token Throughput Per User,tokens/sec/user,p99,69.45
11,1789646568411513856,1789646578411513856,Output Token Throughput Per User,tokens/sec/user,std,0.68
11,1789646568411513856,1789646578411513856,Overall Usage Prompt Cache Read %,%,avg,92.50
11,1789646568411513856,1789646578411513856,Prefill Throughput Per User,tokens/sec/user,avg,2722.84
11,1789646568411513856,1789646578411513856,Prefill Throughput Per User,tokens/sec/user,min,2333.23
11,1789646568411513856,1789646578411513856,Prefill Throughput Per User,tokens/sec/user,max,5021.12
11,1789646568411513856,1789646578411513856,Prefill Throughput Per User,tokens/sec/user,sum,87131.01
11,1789646568411513856,1789646578411513856,Prefill Throughput Per User,tokens/sec/user,p1,2333.26
11,1789646568411513856,1789646578411513856,Prefill Throughput Per User,tokens/sec/user,p5,2333.31
11,1789646568411513856,1789646578411513856,Prefill Throughput Per User,tokens/sec/user,p10,2333.41
11,1789646568411513856,1789646578411513856,Prefill Throughput Per User,tokens/sec/user,p25,2333.67
11,1789646568411513856,1789646578411513856,Prefill Throughput Per User,tokens/sec/user,p50,2333.98
11,1789646568411513856,1789646578411513856,Prefill Throughput Per User,tokens/sec/user,p75,3084.36
11,1789646568411513856,1789646578411513856,Prefill Throughput Per User,tokens/sec/user,p90,3535.90
11,1789646568411513856,1789646578411513856,Prefill Throughput Per User,tokens/sec/user,p95,3587.37
11,1789646568411513856,1789646578411513856,Prefill Throughput Per User,tokens/sec/user,p99,4576.80
11,1789646568411513856,1789646578411513856,Prefill Throughput Per User,tokens/sec/user,std,601.98
11,1789646568411513856,1789646578411513856,Reasoning Token Count,tokens,avg,512.00
11,1789646568411513856,1789646578411513856,Reasoning Token Count,tokens,min,512.00
11,1789646568411513856,1789646578411513856,Reasoning Token Count,tokens,max,512.00
11,1789646568411513856,1789646578411513856,Reasoning Token Count,tokens,sum,16384.00
11,1789646568411513856,1789646578411513856,Reasoning Token Count,tokens,p1,512.00
11,1789646568411513856,1789646578411513856,Reasoning Token Count,tokens,p5,512.00
11,1789646568411513856,1789646578411513856,Reasoning Token Count,tokens,p10,512.00
11,1789646568411513856,1789646578411513856,Reasoning Token Count,tokens,p25,512.00
11,1789646568411513856,1789646578411513856,Reasoning Token Count,tokens,p50,512.00
11,1789646568411513856,1789646578411513856,Reasoning Token Count,tokens,p75,512.00
11,1789646568411513856,1789646578411513856,Reasoning Token Count,tokens,p90,512.00
11,1789646568411513856,1789646578411513856,Reasoning Token Count,tokens,p95,512.00
11,1789646568411513856,1789646578411513856,Reasoning Token Count,tokens,p99,512.00
11,1789646568411513856,1789646578411513856,Reasoning Token Count,tokens,std,0.00
11,1789646568411513856,1789646578411513856,Request Count,requests,avg,32.00
11,1789646568411513856,1789646578411513856,Request Latency,ms,avg,7867.60
11,1789646568411513856,1789646578411513856,Request Latency,ms,min,7831.65
11,1789646568411513856,1789646578411513856,Request Latency,ms,max,7870.22
11,1789646568411513856,1789646578411513856,Request Latency,ms,sum,251763.34
11,1789646568411513856,1789646578411513856,Request Latency,ms,p1,7831.67
11,1789646568411513856,1789646578411513856,Request Latency,ms,p5,7852.69
11,1789646568411513856,1789646578411513856,Request Latency,ms,p10,7869.88
11,1789646568411513856,1789646578411513856,Request Latency,ms,p25,7869.93
11,1789646568411513856,1789646578411513856,Request Latency,ms,p50,7869.99
11,1789646568411513856,1789646578411513856,Request Latency,ms,p75,7870.05
11,1789646568411513856,1789646578411513856,Request Latency,ms,p90,7870.08
11,1789646568411513856,1789646578411513856,Request Latency,ms,p95,7870.09
11,1789646568411513856,1789646578411513856,Request Latency,ms,p99,7870.18
11,1789646568411513856,1789646578411513856,Request Latency,ms,std,9.27
11,1789646568411513856,1789646578411513856,Request Throughput,requests/sec,avg,3.20
11,1789646568411513856,1789646578411513856,Time to First Token,ms,avg,422.02
11,1789646568411513856,1789646578411513856,Time to First Token,ms,min,220.47
11,1789646568411513856,1789646578411513856,Time to First Token,ms,max,474.45
11,1789646568411513856,1789646578411513856,Time to First Token,ms,sum,13504.62
11,1789646568411513856,1789646578411513856,Time to First Token,ms,p1,247.77
11,1789646568411513856,1789646578411513856,Time to First Token,ms,p5,308.58
11,1789646568411513856,1789646578411513856,Time to First Token,ms,p10,313.71
11,1789646568411513856,1789646578411513856,Time to First Token,ms,p25,358.91
11,1789646568411513856,1789646578411513856,Time to First Token,ms,p50,474.30
11,1789646568411513856,1789646578411513856,Time to First Token,ms,p75,474.36
11,1789646568411513856,1789646578411513856,Time to First Token,ms,p90,474.41
11,1789646568411513856,1789646578411513856,Time to First Token,ms,p95,474.43
11,1789646568411513856,1789646578411513856,Time to First Token,ms,p99,474.44
11,1789646568411513856,1789646578411513856,Time to First Token,ms,std,71.99
11,1789646568411513856,1789646578411513856,Time to Second Token,ms,avg,45.21
11,1789646568411513856,1789646578411513856,Time to Second Token,ms,min,1.41
11,1789646568411513856,1789646578411513856,Time to Second Token,ms,max,155.08
11,1789646568411513856,1789646578411513856,Time to Second Token,ms,sum,1446.59
11,1789646568411513856,1789646578411513856,Time to Second Token,ms,p1,1.42
11,1789646568411513856,1789646578411513856,Time to Second Token,ms,p5,1.49
11,1789646568411513856,1789646578411513856,Time to Second Token,ms,p10,2.85
11,1789646568411513856,1789646578411513856,Time to Second Token,ms,p25,2.86
11,1789646568411513856,1789646578411513856,Time to Second Token,ms,p50,2.88
11,1789646568411513856,1789646578411513856,Time to Second Token,ms,p75,153.65
11,1789646568411513856,1789646578411513856,Time to Second Token,ms,p90,153.73
11,1789646568411513856,1789646578411513856,Time to Second Token,ms,p95,153.76
11,1789646568411513856,1789646578411513856,Time to Second Token,ms,p99,154.68
11,1789646568411513856,1789646578411513856,Time to Second Token,ms,std,67.97
11,1789646568411513856,1789646578411513856,Tokens In Flight,tokens,avg,42957.77
11,1789646568411513856,1789646578411513856,Tokens In Flight,tokens,min,14816.65
11,1789646568411513856,1789646578411513856,Tokens In Flight,tokens,max,51746.44
11,1789646568411513856,1789646578411513856,Tokens In Flight,tokens,p50,42475.14
11,1789646568411513856,1789646578411513856,Tokens In Flight,tokens,p90,49644.21
11,1789646568411513856,1789646578411513856,Tokens In Flight,tokens,p95,50707.54
11,1789646568411513856,1789646578411513856,Tokens In Flight,tokens,p99,51523.65
11,1789646568411513856,1789646578411513856,Tokens In Flight,tokens,std,4460.10
11,1789646568411513856,1789646578411513856,Total Input Sequence Length,tokens,avg,35424.00
11,1789646568411513856,1789646578411513856,Total Output Sequence Length,tokens,avg,16384.00
11,1789646568411513856,1789646578411513856,Total Reasoning Tokens,tokens,avg,16384.00
11,1789646568411513856,1789646578411513856,Total Token Throughput,tokens/sec,avg,5180.80
11,1789646568411513856,1789646578411513856,Total Usage Completion Tokens,tokens,avg,16384.00
11,1789646568411513856,1789646578411513856,Total Usage Prompt Cache Read Tokens,tokens,avg,32768.00
11,1789646568411513856,1789646578411513856,Total Usage Prompt Tokens,tokens,avg,35424.00
11,1789646568411513856,1789646578411513856,Total Usage Reasoning Tokens,tokens,avg,16384.00
11,1789646568411513856,1789646578411513856,Total Usage Total Tokens,tokens,avg,51808.00
11,1789646568411513856,1789646578411513856,Usage Completion Tokens,tokens,avg,512.00
11,1789646568411513856,1789646578411513856,Usage Completion Tokens,tokens,min,512.00
11,1789646568411513856,1789646578411513856,Usage Completion Tokens,tokens,max,512.00
11,1789646568411513856,1789646578411513856,Usage Completion Tokens,tokens,sum,16384.00
11,1789646568411513856,1789646578411513856,Usage Completion Tokens,tokens,p1,512.00
11,1789646568411513856,1789646578411513856,Usage Completion Tokens,tokens,p5,512.00
11,1789646568411513856,1789646578411513856,Usage Completion Tokens,tokens,p10,512.00
11,1789646568411513856,1789646578411513856,Usage Completion Tokens,tokens,p25,512.00
11,1789646568411513856,1789646578411513856,Usage Completion Tokens,tokens,p50,512.00
11,1789646568411513856,1789646578411513856,Usage Completion Tokens,tokens,p75,512.00
11,1789646568411513856,1789646578411513856,Usage Completion Tokens,tokens,p90,512.00
11,1789646568411513856,1789646578411513856,Usage Completion Tokens,tokens,p95,512.00
11,1789646568411513856,1789646578411513856,Usage Completion Tokens,tokens,p99,512.00
11,1789646568411513856,1789646578411513856,Usage Completion Tokens,tokens,std,0.00
11,1789646568411513856,1789646578411513856,Usage Prompt Cache Read Tokens,tokens,avg,1024.00
11,1789646568411513856,1789646578411513856,Usage Prompt Cache Read Tokens,tokens,min,1024.00
11,1789646568411513856,1789646578411513856,Usage Prompt Cache Read Tokens,tokens,max,1024.00
11,1789646568411513856,1789646578411513856,Usage Prompt Cache Read Tokens,tokens,sum,32768.00
11,1789646568411513856,1789646578411513856,Usage Prompt Cache Read Tokens,tokens,p1,1024.00
11,1789646568411513856,1789646578411513856,Usage Prompt Cache Read Tokens,tokens,p5,1024.00
11,1789646568411513856,1789646578411513856,Usage Prompt Cache Read Tokens,tokens,p10,1024.00
11,1789646568411513856,1789646578411513856,Usage Prompt Cache Read Tokens,tokens,p25,1024.00
11,1789646568411513856,1789646578411513856,Usage Prompt Cache Read Tokens,tokens,p50,1024.00
11,1789646568411513856,1789646578411513856,Usage Prompt Cache Read Tokens,tokens,p75,1024.00
11,1789646568411513856,1789646578411513856,Usage Prompt Cache Read Tokens,tokens,p90,1024.00
11,1789646568411513856,1789646578411513856,Usage Prompt Cache Read Tokens,tokens,p95,1024.00
11,1789646568411513856,1789646578411513856,Usage Prompt Cache Read Tokens,tokens,p99,1024.00
11,1789646568411513856,1789646578411513856,Usage Prompt Cache Read Tokens,tokens,std,0.00
11,1789646568411513856,1789646578411513856,Usage Prompt Tokens,tokens,avg,1107.00
11,1789646568411513856,1789646578411513856,Usage Prompt Tokens,tokens,min,1107.00
11,1789646568411513856,1789646578411513856,Usage Prompt Tokens,tokens,max,1107.00
11,1789646568411513856,1789646578411513856,Usage Prompt Tokens,tokens,sum,35424.00
11,1789646568411513856,1789646578411513856,Usage Prompt Tokens,tokens,p1,1107.00
11,1789646568411513856,1789646578411513856,Usage Prompt Tokens,tokens,p5,1107.00
11,1789646568411513856,1789646578411513856,Usage Prompt Tokens,tokens,p10,1107.00
11,1789646568411513856,1789646578411513856,Usage Prompt Tokens,tokens,p25,1107.00
11,1789646568411513856,1789646578411513856,Usage Prompt Tokens,tokens,p50,1107.00
11,1789646568411513856,1789646578411513856,Usage Prompt Tokens,tokens,p75,1107.00
11,1789646568411513856,1789646578411513856,Usage Prompt Tokens,tokens,p90,1107.00
11,1789646568411513856,1789646578411513856,Usage Prompt Tokens,tokens,p95,1107.00
11,1789646568411513856,1789646578411513856,Usage Prompt Tokens,tokens,p99,1107.00
11,1789646568411513856,1789646578411513856,Usage Prompt Tokens,tokens,std,0.00
11,1789646568411513856,1789646578411513856,Usage Reasoning Tokens,tokens,avg,512.00
11,1789646568411513856,1789646578411513856,Usage Reasoning Tokens,tokens,min,512.00
11,1789646568411513856,1789646578411513856,Usage Reasoning Tokens,tokens,max,512.00
11,1789646568411513856,1789646578411513856,Usage Reasoning Tokens,tokens,sum,16384.00
11,1789646568411513856,1789646578411513856,Usage Reasoning Tokens,tokens,p1,512.00
11,1789646568411513856,1789646578411513856,Usage Reasoning Tokens,tokens,p5,512.00
11,1789646568411513856,1789646578411513856,Usage Reasoning Tokens,tokens,p10,512.00
11,1789646568411513856,1789646578411513856,Usage Reasoning Tokens,tokens,p25,512.00
11,1789646568411513856,1789646578411513856,Usage Reasoning Tokens,tokens,p50,512.00
11,1789646568411513856,1789646578411513856,Usage Reasoning Tokens,tokens,p75,512.00
11,1789646568411513856,1789646578411513856,Usage Reasoning Tokens,tokens,p90,512.00
11,1789646568411513856,1789646578411513856,Usage Reasoning Tokens,tokens,p95,512.00
11,1789646568411513856,1789646578411513856,Usage Reasoning Tokens,tokens,p99,512.00
11,1789646568411513856,1789646578411513856,Usage Reasoning Tokens,tokens,std,0.00
11,1789646568411513856,1789646578411513856,Usage Total Tokens,tokens,avg,1619.00
11,1789646568411513856,1789646578411513856,Usage Total Tokens,tokens,min,1619.00
11,1789646568411513856,1789646578411513856,Usage Total Tokens,tokens,max,1619.00
11,1789646568411513856,1789646578411513856,Usage Total Tokens,tokens,sum,51808.00
11,1789646568411513856,1789646578411513856,Usage Total Tokens,tokens,p1,1619.00
11,1789646568411513856,1789646578411513856,Usage Total Tokens,tokens,p5,1619.00
11,1789646568411513856,1789646578411513856,Usage Total Tokens,tokens,p10,1619.00
11,1789646568411513856,1789646578411513856,Usage Total Tokens,tokens,p25,1619.00
11,1789646568411513856,1789646578411513856,Usage Total Tokens,tokens,p50,1619.00
11,1789646568411513856,1789646578411513856,Usage Total Tokens,tokens,p75,1619.00
11,1789646568411513856,1789646578411513856,Usage Total Tokens,tokens,p90,1619.00
11,1789646568411513856,1789646578411513856,Usage Total Tokens,tokens,p95,1619.00
11,1789646568411513856,1789646578411513856,Usage Total Tokens,tokens,p99,1619.00
11,1789646568411513856,1789646578411513856,Usage Total Tokens,tokens,std,0.00
12,1789646578411513856,1789646588411513856,Active Decode Throughput,tokens/sec,avg,2078.66
12,1789646578411513856,1789646588411513856,Active Decode Throughput,tokens/sec,min,6.88
12,1789646578411513856,1789646588411513856,Active Decode Throughput,tokens/sec,max,9835.83
12,1789646578411513856,1789646588411513856,Active Decode Throughput,tokens/sec,p50,2159.33
12,1789646578411513856,1789646588411513856,Active Decode Throughput,tokens/sec,p90,2295.93
12,1789646578411513856,1789646588411513856,Active Decode Throughput,tokens/sec,p95,2353.25
12,1789646578411513856,1789646588411513856,Active Decode Throughput,tokens/sec,p99,3019.45
12,1789646578411513856,1789646588411513856,Active Decode Throughput,tokens/sec,std,522.40
12,1789646578411513856,1789646588411513856,Active Decode Throughput Per User,tokens/sec/user,avg,65.28
12,1789646578411513856,1789646588411513856,Active Decode Throughput Per User,tokens/sec/user,min,6.37
12,1789646578411513856,1789646588411513856,Active Decode Throughput Per User,tokens/sec/user,max,330.79
12,1789646578411513856,1789646588411513856,Active Decode Throughput Per User,tokens/sec/user,p50,67.48
12,1789646578411513856,1789646588411513856,Active Decode Throughput Per User,tokens/sec/user,p90,71.75
12,1789646578411513856,1789646588411513856,Active Decode Throughput Per User,tokens/sec/user,p95,73.54
12,1789646578411513856,1789646588411513856,Active Decode Throughput Per User,tokens/sec/user,p99,94.36
12,1789646578411513856,1789646588411513856,Active Decode Throughput Per User,tokens/sec/user,std,15.33
12,1789646578411513856,1789646588411513856,Active Prefill Throughput,tokens/sec,avg,66468.12
12,1789646578411513856,1789646588411513856,Active Prefill Throughput,tokens/sec,min,3578.01
12,1789646578411513856,1789646588411513856,Active Prefill Throughput,tokens/sec,max,82032.70
12,1789646578411513856,1789646588411513856,Active Prefill Throughput,tokens/sec,p50,76320.72
12,1789646578411513856,1789646588411513856,Active Prefill Throughput,tokens/sec,p90,82032.70
12,1789646578411513856,1789646588411513856,Active Prefill Throughput,tokens/sec,p95,82032.70
12,1789646578411513856,1789646588411513856,Active Prefill Throughput,tokens/sec,p99,82032.70
12,1789646578411513856,1789646588411513856,Active Prefill Throughput,tokens/sec,std,18827.63
12,1789646578411513856,1789646588411513856,Active Prefill Throughput Per User,tokens/sec/user,avg,2722.08
12,1789646578411513856,1789646588411513856,Active Prefill Throughput Per User,tokens/sec/user,min,2492.82
12,1789646578411513856,1789646588411513856,Active Prefill Throughput Per User,tokens/sec/user,max,5024.39
12,1789646578411513856,1789646588411513856,Active Prefill Throughput Per User,tokens/sec/user,p50,2631.75
12,1789646578411513856,1789646588411513856,Active Prefill Throughput Per User,tokens/sec/user,p90,3302.47
12,1789646578411513856,1789646588411513856,Active Prefill Throughput Per User,tokens/sec/user,p95,3302.47
12,1789646578411513856,1789646588411513856,Active Prefill Throughput Per User,tokens/sec/user,p99,5024.39
12,1789646578411513856,1789646588411513856,Active Prefill Throughput Per User,tokens/sec/user,std,459.17
12,1789646578411513856,1789646588411513856,Active Total Throughput,tokens/sec,avg,5633.29
12,1789646578411513856,1789646588411513856,Active Total Throughput,tokens/sec,min,2128.90
12,1789646578411513856,1789646588411513856,Active Total Throughput,tokens/sec,max,82098.93
12,1789646578411513856,1789646588411513856,Active Total Throughput,tokens/sec,p50,2176.62
12,1789646578411513856,1789646588411513856,Active Total Throughput,tokens/sec,p90,2195.70
12,1789646578411513856,1789646588411513856,Active Total Throughput,tokens/sec,p95,31306.90
12,1789646578411513856,1789646588411513856,Active Total Throughput,tokens/sec,p99,82098.93
12,1789646578411513856,1789646588411513856,Active Total Throughput,tokens/sec,std,15142.36
12,1789646578411513856,1789646588411513856,Benchmark Duration,sec,avg,8.16
12,1789646578411513856,1789646588411513856,Decode Duration,ms,avg,7511.54
12,1789646578411513856,1789646588411513856,Decode Duration,ms,min,7422.43
12,1789646578411513856,1789646588411513856,Decode Duration,ms,max,7715.34
12,1789646578411513856,1789646588411513856,Decode Duration,ms,sum,240369.29
12,1789646578411513856,1789646588411513856,Decode Duration,ms,p1,7434.25
12,1789646578411513856,1789646588411513856,Decode Duration,ms,p5,7460.58
12,1789646578411513856,1789646588411513856,Decode Duration,ms,p10,7460.59
12,1789646578411513856,1789646588411513856,Decode Duration,ms,p25,7460.60
12,1789646578411513856,1789646588411513856,Decode Duration,ms,p50,7460.66
12,1789646578411513856,1789646588411513856,Decode Duration,ms,p75,7577.25
12,1789646578411513856,1789646588411513856,Decode Duration,ms,p90,7621.16
12,1789646578411513856,1789646588411513856,Decode Duration,ms,p95,7626.10
12,1789646578411513856,1789646588411513856,Decode Duration,ms,p99,7687.70
12,1789646578411513856,1789646588411513856,Decode Duration,ms,std,73.04
12,1789646578411513856,1789646588411513856,E2E Output Token Throughput,tokens/sec/user,avg,64.53
12,1789646578411513856,1789646588411513856,E2E Output Token Throughput,tokens/sec/user,min,64.52
12,1789646578411513856,1789646588411513856,E2E Output Token Throughput,tokens/sec/user,max,64.83
12,1789646578411513856,1789646588411513856,E2E Output Token Throughput,tokens/sec/user,sum,2065.03
12,1789646578411513856,1789646588411513856,E2E Output Token Throughput,tokens/sec/user,p1,64.52
12,1789646578411513856,1789646588411513856,E2E Output Token Throughput,tokens/sec/user,p5,64.52
12,1789646578411513856,1789646588411513856,E2E Output Token Throughput,tokens/sec/user,p10,64.52
12,1789646578411513856,1789646588411513856,E2E Output Token Throughput,tokens/sec/user,p25,64.52
12,1789646578411513856,1789646588411513856,E2E Output Token Throughput,tokens/sec/user,p50,64.52
12,1789646578411513856,1789646588411513856,E2E Output Token Throughput,tokens/sec/user,p75,64.52
12,1789646578411513856,1789646588411513856,E2E Output Token Throughput,tokens/sec/user,p90,64.52
12,1789646578411513856,1789646588411513856,E2E Output Token Throughput,tokens/sec/user,p95,64.58
12,1789646578411513856,1789646588411513856,E2E Output Token Throughput,tokens/sec/user,p99,64.78
12,1789646578411513856,1789646588411513856,E2E Output Token Throughput,tokens/sec/user,std,0.06
12,1789646578411513856,1789646588411513856,Effective Concurrency,requests,avg,31.99
12,1789646578411513856,1789646588411513856,Effective Concurrency,requests,min,12.00
12,1789646578411513856,1789646588411513856,Effective Concurrency,requests,max,32.00
12,1789646578411513856,1789646588411513856,Effective Concurrency,requests,p50,32.00
12,1789646578411513856,1789646588411513856,Effective Concurrency,requests,p90,32.00
12,1789646578411513856,1789646588411513856,Effective Concurrency,requests,p95,32.00
12,1789646578411513856,1789646588411513856,Effective Concurrency,requests,p99,32.00
12,1789646578411513856,1789646588411513856,Effective Concurrency,requests,std,0.39
12,1789646578411513856,1789646588411513856,Effective Decode Concurrency,requests,avg,30.64
12,1789646578411513856,1789646588411513856,Effective Decode Concurrency,requests,min,1.00
12,1789646578411513856,1789646588411513856,Effective Decode Concurrency,requests,max,32.00
12,1789646578411513856,1789646588411513856,Effective Decode Concurrency,requests,p50,32.00
12,1789646578411513856,1789646588411513856,Effective Decode Concurrency,requests,p90,32.00
12,1789646578411513856,1789646588411513856,Effective Decode Concurrency,requests,p95,32.00
12,1789646578411513856,1789646588411513856,Effective Decode Concurrency,requests,p99,32.00
12,1789646578411513856,1789646588411513856,Effective Decode Concurrency,requests,std,5.98
12,1789646578411513856,1789646588411513856,Effective Decode Throughput,tokens/sec,avg,2078.66
12,1789646578411513856,1789646588411513856,Effective Decode Throughput,tokens/sec,min,6.88
12,1789646578411513856,1789646588411513856,Effective Decode Throughput,tokens/sec,max,9835.83
12,1789646578411513856,1789646588411513856,Effective Decode Throughput,tokens/sec,p50,2159.33
12,1789646578411513856,1789646588411513856,Effective Decode Throughput,tokens/sec,p90,2295.93
12,1789646578411513856,1789646588411513856,Effective Decode Throughput,tokens/sec,p95,2353.25
12,1789646578411513856,1789646588411513856,Effective Decode Throughput,tokens/sec,p99,3019.45
12,1789646578411513856,1789646588411513856,Effective Decode Throughput,tokens/sec,std,522.40
12,1789646578411513856,1789646588411513856,Effective Decode Throughput Per User,tokens/sec/user,avg,65.28
12,1789646578411513856,1789646588411513856,Effective Decode Throughput Per User,tokens/sec/user,min,6.37
12,1789646578411513856,1789646588411513856,Effective Decode Throughput Per User,tokens/sec/user,max,330.79
12,1789646578411513856,1789646588411513856,Effective Decode Throughput Per User,tokens/sec/user,p50,67.48
12,1789646578411513856,1789646588411513856,Effective Decode Throughput Per User,tokens/sec/user,p90,71.75
12,1789646578411513856,1789646588411513856,Effective Decode Throughput Per User,tokens/sec/user,p95,73.54
12,1789646578411513856,1789646588411513856,Effective Decode Throughput Per User,tokens/sec/user,p99,94.36
12,1789646578411513856,1789646588411513856,Effective Decode Throughput Per User,tokens/sec/user,std,15.33
12,1789646578411513856,1789646588411513856,Effective Prefill Concurrency,requests,avg,1.35
12,1789646578411513856,1789646588411513856,Effective Prefill Concurrency,requests,min,0.00
12,1789646578411513856,1789646588411513856,Effective Prefill Concurrency,requests,max,31.00
12,1789646578411513856,1789646588411513856,Effective Prefill Concurrency,requests,p50,0.00
12,1789646578411513856,1789646588411513856,Effective Prefill Concurrency,requests,p90,0.00
12,1789646578411513856,1789646588411513856,Effective Prefill Concurrency,requests,p95,9.00
12,1789646578411513856,1789646588411513856,Effective Prefill Concurrency,requests,p99,31.00
12,1789646578411513856,1789646588411513856,Effective Prefill Concurrency,requests,std,5.95
12,1789646578411513856,1789646588411513856,Effective Prefill Throughput,tokens/sec,avg,3542.40
12,1789646578411513856,1789646588411513856,Effective Prefill Throughput,tokens/sec,min,0.00
12,1789646578411513856,1789646588411513856,Effective Prefill Throughput,tokens/sec,max,82032.70
12,1789646578411513856,1789646588411513856,Effective Prefill Throughput,tokens/sec,p50,0.00
12,1789646578411513856,1789646588411513856,Effective Prefill Throughput,tokens/sec,p90,0.00
12,1789646578411513856,1789646588411513856,Effective Prefill Throughput,tokens/sec,p95,29722.26
12,1789646578411513856,1789646588411513856,Effective Prefill Throughput,tokens/sec,p99,82032.70
12,1789646578411513856,1789646588411513856,Effective Prefill Throughput,tokens/sec,std,15549.92
12,1789646578411513856,1789646588411513856,Effective Prefill Throughput Per User,tokens/sec/user,avg,145.07
12,1789646578411513856,1789646588411513856,Effective Prefill Throughput Per User,tokens/sec/user,min,0.00
12,1789646578411513856,1789646588411513856,Effective Prefill Throughput Per User,tokens/sec/user,max,5024.39
12,1789646578411513856,1789646588411513856,Effective Prefill Throughput Per User,tokens/sec/user,p50,0.00
12,1789646578411513856,1789646588411513856,Effective Prefill Throughput Per User,tokens/sec/user,p90,0.00
12,1789646578411513856,1789646588411513856,Effective Prefill Throughput Per User,tokens/sec/user,p95,2492.82
12,1789646578411513856,1789646588411513856,Effective Prefill Throughput Per User,tokens/sec/user,p99,2646.22
12,1789646578411513856,1789646588411513856,Effective Prefill Throughput Per User,tokens/sec/user,std,620.56
12,1789646578411513856,1789646588411513856,Effective Total Throughput,tokens/sec,avg,5633.29
12,1789646578411513856,1789646588411513856,Effective Total Throughput,tokens/sec,min,2128.90
12,1789646578411513856,1789646588411513856,Effective Total Throughput,tokens/sec,max,82098.93
12,1789646578411513856,1789646588411513856,Effective Total Throughput,tokens/sec,p50,2176.62
12,1789646578411513856,1789646588411513856,Effective Total Throughput,tokens/sec,p90,2195.70
12,1789646578411513856,1789646588411513856,Effective Total Throughput,tokens/sec,p95,31306.90
12,1789646578411513856,1789646588411513856,Effective Total Throughput,tokens/sec,p99,82098.93
12,1789646578411513856,1789646588411513856,Effective Total Throughput,tokens/sec,std,15142.36
12,1789646578411513856,1789646588411513856,HTTP Blocked,ms,avg,0.00
12,1789646578411513856,1789646588411513856,HTTP Blocked,ms,min,0.00
12,1789646578411513856,1789646588411513856,HTTP Blocked,ms,max,0.00
12,1789646578411513856,1789646588411513856,HTTP Blocked,ms,sum,0.00
12,1789646578411513856,1789646588411513856,HTTP Blocked,ms,p1,0.00
12,1789646578411513856,1789646588411513856,HTTP Blocked,ms,p5,0.00
12,1789646578411513856,1789646588411513856,HTTP Blocked,ms,p10,0.00
12,1789646578411513856,1789646588411513856,HTTP Blocked,ms,p25,0.00
12,1789646578411513856,1789646588411513856,HTTP Blocked,ms,p50,0.00
12,1789646578411513856,1789646588411513856,HTTP Blocked,ms,p75,0.00
12,1789646578411513856,1789646588411513856,HTTP Blocked,ms,p90,0.00
12,1789646578411513856,1789646588411513856,HTTP Blocked,ms,p95,0.00
12,1789646578411513856,1789646588411513856,HTTP Blocked,ms,p99,0.00
12,1789646578411513856,1789646588411513856,HTTP Blocked,ms,std,0.00
12,1789646578411513856,1789646588411513856,HTTP Chunks Received,count,avg,471.38
12,1789646578411513856,1789646588411513856,HTTP Chunks Received,count,min,441.00
12,1789646578411513856,1789646588411513856,HTTP Chunks Received,count,max,502.00
12,1789646578411513856,1789646588411513856,HTTP Chunks Received,count,sum,15084.00
12,1789646578411513856,1789646588411513856,HTTP Chunks Received,count,p1,441.31
12,1789646578411513856,1789646588411513856,HTTP Chunks Received,count,p5,444.75
12,1789646578411513856,1789646588411513856,HTTP Chunks Received,count,p10,451.10
12,1789646578411513856,1789646588411513856,HTTP Chunks Received,count,p25,462.75
12,1789646578411513856,1789646588411513856,HTTP Chunks Received,count,p50,470.00
12,1789646578411513856,1789646588411513856,HTTP Chunks Received,count,p75,480.25
12,1789646578411513856,1789646588411513856,HTTP Chunks Received,count,p90,492.80
12,1789646578411513856,1789646588411513856,HTTP Chunks Received,count,p95,496.00
12,1789646578411513856,1789646588411513856,HTTP Chunks Received,count,p99,500.14
12,1789646578411513856,1789646588411513856,HTTP Chunks Received,count,std,15.39
12,1789646578411513856,1789646588411513856,HTTP Chunks Sent,count,avg,1.00
12,1789646578411513856,1789646588411513856,HTTP Chunks Sent,count,min,1.00
12,1789646578411513856,1789646588411513856,HTTP Chunks Sent,count,max,1.00
12,1789646578411513856,1789646588411513856,HTTP Chunks Sent,count,sum,32.00
12,1789646578411513856,1789646588411513856,HTTP Chunks Sent,count,p1,1.00
12,1789646578411513856,1789646588411513856,HTTP Chunks Sent,count,p5,1.00
12,1789646578411513856,1789646588411513856,HTTP Chunks Sent,count,p10,1.00
12,1789646578411513856,1789646588411513856,HTTP Chunks Sent,count,p25,1.00
12,1789646578411513856,1789646588411513856,HTTP Chunks Sent,count,p50,1.00
12,1789646578411513856,1789646588411513856,HTTP Chunks Sent,count,p75,1.00
12,1789646578411513856,1789646588411513856,HTTP Chunks Sent,count,p90,1.00
12,1789646578411513856,1789646588411513856,HTTP Chunks Sent,count,p95,1.00
12,1789646578411513856,1789646588411513856,HTTP Chunks Sent,count,p99,1.00
12,1789646578411513856,1789646588411513856,HTTP Chunks Sent,count,std,0.00
12,1789646578411513856,1789646588411513856,HTTP Connecting,ms,avg,0.00
12,1789646578411513856,1789646588411513856,HTTP Connecting,ms,min,0.00
12,1789646578411513856,1789646588411513856,HTTP Connecting,ms,max,0.00
12,1789646578411513856,1789646588411513856,HTTP Connecting,ms,sum,0.00
12,1789646578411513856,1789646588411513856,HTTP Connecting,ms,p1,0.00
12,1789646578411513856,1789646588411513856,HTTP Connecting,ms,p5,0.00
12,1789646578411513856,1789646588411513856,HTTP Connecting,ms,p10,0.00
12,1789646578411513856,1789646588411513856,HTTP Connecting,ms,p25,0.00
12,1789646578411513856,1789646588411513856,HTTP Connecting,ms,p50,0.00
12,1789646578411513856,1789646588411513856,HTTP Connecting,ms,p75,0.00
12,1789646578411513856,1789646588411513856,HTTP Connecting,ms,p90,0.00
12,1789646578411513856,1789646588411513856,HTTP Connecting,ms,p95,0.00
12,1789646578411513856,1789646588411513856,HTTP Connecting,ms,p99,0.00
12,1789646578411513856,1789646588411513856,HTTP Connecting,ms,std,0.00
12,1789646578411513856,1789646588411513856,HTTP Connection Overhead,ms,avg,0.00
12,1789646578411513856,1789646588411513856,HTTP Connection Overhead,ms,min,0.00
12,1789646578411513856,1789646588411513856,HTTP Connection Overhead,ms,max,0.00
12,1789646578411513856,1789646588411513856,HTTP Connection Overhead,ms,sum,0.00
12,1789646578411513856,1789646588411513856,HTTP Connection Overhead,ms,p1,0.00
12,1789646578411513856,1789646588411513856,HTTP Connection Overhead,ms,p5,0.00
12,1789646578411513856,1789646588411513856,HTTP Connection Overhead,ms,p10,0.00
12,1789646578411513856,1789646588411513856,HTTP Connection Overhead,ms,p25,0.00
12,1789646578411513856,1789646588411513856,HTTP Connection Overhead,ms,p50,0.00
12,1789646578411513856,1789646588411513856,HTTP Connection Overhead,ms,p75,0.00
12,1789646578411513856,1789646588411513856,HTTP Connection Overhead,ms,p90,0.00
12,1789646578411513856,1789646588411513856,HTTP Connection Overhead,ms,p95,0.00
12,1789646578411513856,1789646588411513856,HTTP Connection Overhead,ms,p99,0.00
12,1789646578411513856,1789646588411513856,HTTP Connection Overhead,ms,std,0.00
12,1789646578411513856,1789646588411513856,HTTP Connection Reused,ratio,avg,1.00
12,1789646578411513856,1789646588411513856,HTTP Connection Reused,ratio,min,1.00
12,1789646578411513856,1789646588411513856,HTTP Connection Reused,ratio,max,1.00
12,1789646578411513856,1789646588411513856,HTTP Connection Reused,ratio,sum,32.00
12,1789646578411513856,1789646588411513856,HTTP Connection Reused,ratio,p1,1.00
12,1789646578411513856,1789646588411513856,HTTP Connection Reused,ratio,p5,1.00
12,1789646578411513856,1789646588411513856,HTTP Connection Reused,ratio,p10,1.00
12,1789646578411513856,1789646588411513856,HTTP Connection Reused,ratio,p25,1.00
12,1789646578411513856,1789646588411513856,HTTP Connection Reused,ratio,p50,1.00
12,1789646578411513856,1789646588411513856,HTTP Connection Reused,ratio,p75,1.00
12,1789646578411513856,1789646588411513856,HTTP Connection Reused,ratio,p90,1.00
12,1789646578411513856,1789646588411513856,HTTP Connection Reused,ratio,p95,1.00
12,1789646578411513856,1789646588411513856,HTTP Connection Reused,ratio,p99,1.00
12,1789646578411513856,1789646588411513856,HTTP Connection Reused,ratio,std,0.00
12,1789646578411513856,1789646588411513856,HTTP Data Received,KB,avg,125.67
12,1789646578411513856,1789646588411513856,HTTP Data Received,KB,min,117.80
12,1789646578411513856,1789646588411513856,HTTP Data Received,KB,max,133.70
12,1789646578411513856,1789646588411513856,HTTP Data Received,KB,sum,4021.59
12,1789646578411513856,1789646588411513856,HTTP Data Received,KB,p1,117.83
12,1789646578411513856,1789646588411513856,HTTP Data Received,KB,p5,118.59
12,1789646578411513856,1789646588411513856,HTTP Data Received,KB,p10,120.34
12,1789646578411513856,1789646588411513856,HTTP Data Received,KB,p25,123.43
12,1789646578411513856,1789646588411513856,HTTP Data Received,KB,p50,125.42
12,1789646578411513856,1789646588411513856,HTTP Data Received,KB,p75,128.00
12,1789646578411513856,1789646588411513856,HTTP Data Received,KB,p90,131.28
12,1789646578411513856,1789646588411513856,HTTP Data Received,KB,p95,132.00
12,1789646578411513856,1789646588411513856,HTTP Data Received,KB,p99,133.19
12,1789646578411513856,1789646588411513856,HTTP Data Received,KB,std,4.03
12,1789646578411513856,1789646588411513856,HTTP Data Sent,KB,avg,4.53
12,1789646578411513856,1789646588411513856,HTTP Data Sent,KB,min,3.99
12,1789646578411513856,1789646588411513856,HTTP Data Sent,KB,max,4.96
12,1789646578411513856,1789646588411513856,HTTP Data Sent,KB,sum,145.00
12,1789646578411513856,1789646588411513856,HTTP Data Sent,KB,p1,4.05
12,1789646578411513856,1789646588411513856,HTTP Data Sent,KB,p5,4.16
12,1789646578411513856,1789646588411513856,HTTP Data Sent,KB,p10,4.23
12,1789646578411513856,1789646588411513856,HTTP Data Sent,KB,p25,4.40
12,1789646578411513856,1789646588411513856,HTTP Data Sent,KB,p50,4.53
12,1789646578411513856,1789646588411513856,HTTP Data Sent,KB,p75,4.65
12,1789646578411513856,1789646588411513856,HTTP Data Sent,KB,p90,4.85
12,1789646578411513856,1789646588411513856,HTTP Data Sent,KB,p95,4.87
12,1789646578411513856,1789646588411513856,HTTP Data Sent,KB,p99,4.94
12,1789646578411513856,1789646588411513856,HTTP Data Sent,KB,std,0.23
12,1789646578411513856,1789646588411513856,HTTP DNS Lookup,ms,avg,0.00
12,1789646578411513856,1789646588411513856,HTTP DNS Lookup,ms,min,0.00
12,1789646578411513856,1789646588411513856,HTTP DNS Lookup,ms,max,0.00
12,1789646578411513856,1789646588411513856,HTTP DNS Lookup,ms,sum,0.00
12,1789646578411513856,1789646588411513856,HTTP DNS Lookup,ms,p1,0.00
12,1789646578411513856,1789646588411513856,HTTP DNS Lookup,ms,p5,0.00
12,1789646578411513856,1789646588411513856,HTTP DNS Lookup,ms,p10,0.00
12,1789646578411513856,1789646588411513856,HTTP DNS Lookup,ms,p25,0.00
12,1789646578411513856,1789646588411513856,HTTP DNS Lookup,ms,p50,0.00
12,1789646578411513856,1789646588411513856,HTTP DNS Lookup,ms,p75,0.00
12,1789646578411513856,1789646588411513856,HTTP DNS Lookup,ms,p90,0.00
12,1789646578411513856,1789646588411513856,HTTP DNS Lookup,ms,p95,0.00
12,1789646578411513856,1789646588411513856,HTTP DNS Lookup,ms,p99,0.00
12,1789646578411513856,1789646588411513856,HTTP DNS Lookup,ms,std,0.00
12,1789646578411513856,1789646588411513856,HTTP Duration (excl. conn),ms,avg,7935.68
12,1789646578411513856,1789646588411513856,HTTP Duration (excl. conn),ms,min,7935.33
12,1789646578411513856,1789646588411513856,HTTP Duration (excl. conn),ms,max,7935.91
12,1789646578411513856,1789646588411513856,HTTP Duration (excl. conn),ms,sum,253941.85
12,1789646578411513856,1789646588411513856,HTTP Duration (excl. conn),ms,p1,7935.34
12,1789646578411513856,1789646588411513856,HTTP Duration (excl. conn),ms,p5,7935.35
12,1789646578411513856,1789646588411513856,HTTP Duration (excl. conn),ms,p10,7935.58
12,1789646578411513856,1789646588411513856,HTTP Duration (excl. conn),ms,p25,7935.65
12,1789646578411513856,1789646588411513856,HTTP Duration (excl. conn),ms,p50,7935.71
12,1789646578411513856,1789646588411513856,HTTP Duration (excl. conn),ms,p75,7935.74
12,1789646578411513856,1789646588411513856,HTTP Duration (excl. conn),ms,p90,7935.81
12,1789646578411513856,1789646588411513856,HTTP Duration (excl. conn),ms,p95,7935.84
12,1789646578411513856,1789646588411513856,HTTP Duration (excl. conn),ms,p99,7935.90
12,1789646578411513856,1789646588411513856,HTTP Duration (excl. conn),ms,std,0.13
12,1789646578411513856,1789646588411513856,HTTP Receiving,ms,avg,7513.27
12,1789646578411513856,1789646588411513856,HTTP Receiving,ms,min,7460.59
12,1789646578411513856,1789646588411513856,HTTP Receiving,ms,max,7715.34
12,1789646578411513856,1789646588411513856,HTTP Receiving,ms,sum,240424.51
12,1789646578411513856,1789646588411513856,HTTP Receiving,ms,p1,7460.59
12,1789646578411513856,1789646588411513856,HTTP Receiving,ms,p5,7460.59
12,1789646578411513856,1789646588411513856,HTTP Receiving,ms,p10,7460.59
12,1789646578411513856,1789646588411513856,HTTP Receiving,ms,p25,7460.61
12,1789646578411513856,1789646588411513856,HTTP Receiving,ms,p50,7460.66
12,1789646578411513856,1789646588411513856,HTTP Receiving,ms,p75,7577.31
12,1789646578411513856,1789646588411513856,HTTP Receiving,ms,p90,7621.16
12,1789646578411513856,1789646588411513856,HTTP Receiving,ms,p95,7626.10
12,1789646578411513856,1789646588411513856,HTTP Receiving,ms,p99,7687.70
12,1789646578411513856,1789646588411513856,HTTP Receiving,ms,std,72.29
12,1789646578411513856,1789646588411513856,HTTP Sending,ms,avg,0.14
12,1789646578411513856,1789646588411513856,HTTP Sending,ms,min,0.12
12,1789646578411513856,1789646588411513856,HTTP Sending,ms,max,0.16
12,1789646578411513856,1789646588411513856,HTTP Sending,ms,sum,4.47
12,1789646578411513856,1789646588411513856,HTTP Sending,ms,p1,0.12
12,1789646578411513856,1789646588411513856,HTTP Sending,ms,p5,0.12
12,1789646578411513856,1789646588411513856,HTTP Sending,ms,p10,0.13
12,1789646578411513856,1789646588411513856,HTTP Sending,ms,p25,0.13
12,1789646578411513856,1789646588411513856,HTTP Sending,ms,p50,0.14
12,1789646578411513856,1789646588411513856,HTTP Sending,ms,p75,0.15
12,1789646578411513856,1789646588411513856,HTTP Sending,ms,p90,0.15
12,1789646578411513856,1789646588411513856,HTTP Sending,ms,p95,0.15
12,1789646578411513856,1789646588411513856,HTTP Sending,ms,p99,0.16
12,1789646578411513856,1789646588411513856,HTTP Sending,ms,std,0.01
12,1789646578411513856,1789646588411513856,HTTP Total Time,ms,avg,7935.68
12,1789646578411513856,1789646588411513856,HTTP Total Time,ms,min,7935.33
12,1789646578411513856,1789646588411513856,HTTP Total Time,ms,max,7935.91
12,1789646578411513856,1789646588411513856,HTTP Total Time,ms,sum,253941.85
12,1789646578411513856,1789646588411513856,HTTP Total Time,ms,p1,7935.34
12,1789646578411513856,1789646588411513856,HTTP Total Time,ms,p5,7935.35
12,1789646578411513856,1789646588411513856,HTTP Total Time,ms,p10,7935.58
12,1789646578411513856,1789646588411513856,HTTP Total Time,ms,p25,7935.65
12,1789646578411513856,1789646588411513856,HTTP Total Time,ms,p50,7935.71
12,1789646578411513856,1789646588411513856,HTTP Total Time,ms,p75,7935.74
12,1789646578411513856,1789646588411513856,HTTP Total Time,ms,p90,7935.81
12,1789646578411513856,1789646588411513856,HTTP Total Time,ms,p95,7935.84
12,1789646578411513856,1789646588411513856,HTTP Total Time,ms,p99,7935.90
12,1789646578411513856,1789646588411513856,HTTP Total Time,ms,std,0.13
12,1789646578411513856,1789646588411513856,HTTP Waiting (TTFB),ms,avg,422.28
12,1789646578411513856,1789646588411513856,HTTP Waiting (TTFB),ms,min,220.15
12,1789646578411513856,1789646588411513856,HTTP Waiting (TTFB),ms,max,475.04
12,1789646578411513856,1789646588411513856,HTTP Waiting (TTFB),ms,sum,13512.87
12,1789646578411513856,1789646588411513856,HTTP Waiting (TTFB),ms,p1,247.71
12,1789646578411513856,1789646588411513856,HTTP Waiting (TTFB),ms,p5,309.11
12,1789646578411513856,1789646588411513856,HTTP Waiting (TTFB),ms,p10,314.10
12,1789646578411513856,1789646588411513856,HTTP Waiting (TTFB),ms,p25,358.42
12,1789646578411513856,1789646588411513856,HTTP Waiting (TTFB),ms,p50,474.85
12,1789646578411513856,1789646588411513856,HTTP Waiting (TTFB),ms,p75,474.94
12,1789646578411513856,1789646588411513856,HTTP Waiting (TTFB),ms,p90,474.97
12,1789646578411513856,1789646588411513856,HTTP Waiting (TTFB),ms,p95,474.98
12,1789646578411513856,1789646588411513856,HTTP Waiting (TTFB),ms,p99,475.02
12,1789646578411513856,1789646588411513856,HTTP Waiting (TTFB),ms,std,72.31
12,1789646578411513856,1789646588411513856,Input Sequence Length,tokens,avg,1107.00
12,1789646578411513856,1789646588411513856,Input Sequence Length,tokens,min,1107.00
12,1789646578411513856,1789646588411513856,Input Sequence Length,tokens,max,1107.00
12,1789646578411513856,1789646588411513856,Input Sequence Length,tokens,sum,35424.00
12,1789646578411513856,1789646588411513856,Input Sequence Length,tokens,p1,1107.00
12,1789646578411513856,1789646588411513856,Input Sequence Length,tokens,p5,1107.00
12,1789646578411513856,1789646588411513856,Input Sequence Length,tokens,p10,1107.00
12,1789646578411513856,1789646588411513856,Input Sequence Length,tokens,p25,1107.00
12,1789646578411513856,1789646588411513856,Input Sequence Length,tokens,p50,1107.00
12,1789646578411513856,1789646588411513856,Input Sequence Length,tokens,p75,1107.00
12,1789646578411513856,1789646588411513856,Input Sequence Length,tokens,p90,1107.00
12,1789646578411513856,1789646588411513856,Input Sequence Length,tokens,p95,1107.00
12,1789646578411513856,1789646588411513856,Input Sequence Length,tokens,p99,1107.00
12,1789646578411513856,1789646588411513856,Input Sequence Length,tokens,std,0.00
12,1789646578411513856,1789646588411513856,Input Token Throughput,tokens/sec,avg,3542.40
12,1789646578411513856,1789646588411513856,Inter Chunk Latency,ms,avg,15.97
12,1789646578411513856,1789646588411513856,Inter Chunk Latency,ms,min,1.14
12,1789646578411513856,1789646588411513856,Inter Chunk Latency,ms,max,168.50
12,1789646578411513856,1789646588411513856,Inter Chunk Latency,ms,sum,240369.29
12,1789646578411513856,1789646588411513856,Inter Chunk Latency,ms,p1,9.23
12,1789646578411513856,1789646588411513856,Inter Chunk Latency,ms,p5,13.00
12,1789646578411513856,1789646588411513856,Inter Chunk Latency,ms,p10,14.04
12,1789646578411513856,1789646588411513856,Inter Chunk Latency,ms,p25,14.52
12,1789646578411513856,1789646588411513856,Inter Chunk Latency,ms,p50,14.89
12,1789646578411513856,1789646588411513856,Inter Chunk Latency,ms,p75,15.26
12,1789646578411513856,1789646588411513856,Inter Chunk Latency,ms,p90,15.75
12,1789646578411513856,1789646588411513856,Inter Chunk Latency,ms,p95,29.20
12,1789646578411513856,1789646588411513856,Inter Chunk Latency,ms,p99,30.91
12,1789646578411513856,1789646588411513856,Inter Chunk Latency,ms,std,6.17
12,1789646578411513856,1789646588411513856,Inter Token Latency,ms,avg,14.70
12,1789646578411513856,1789646588411513856,Inter Token Latency,ms,min,14.53
12,1789646578411513856,1789646588411513856,Inter Token Latency,ms,max,15.10
12,1789646578411513856,1789646588411513856,Inter Token Latency,ms,sum,470.39
12,1789646578411513856,1789646588411513856,Inter Token Latency,ms,p1,14.55
12,1789646578411513856,1789646588411513856,Inter Token Latency,ms,p5,14.60
12,1789646578411513856,1789646588411513856,Inter Token Latency,ms,p10,14.60
12,1789646578411513856,1789646588411513856,Inter Token Latency,ms,p25,14.60
12,1789646578411513856,1789646588411513856,Inter Token Latency,ms,p50,14.60
12,1789646578411513856,1789646588411513856,Inter Token Latency,ms,p75,14.83
12,1789646578411513856,1789646588411513856,Inter Token Latency,ms,p90,14.91
12,1789646578411513856,1789646588411513856,Inter Token Latency,ms,p95,14.92
12,1789646578411513856,1789646588411513856,Inter Token Latency,ms,p99,15.04
12,1789646578411513856,1789646588411513856,Inter Token Latency,ms,std,0.14
12,1789646578411513856,1789646588411513856,OSL Mismatch Count,requests,avg,0.00
12,1789646578411513856,1789646588411513856,OSL Mismatch Diff %,%,avg,0.00
12,1789646578411513856,1789646588411513856,OSL Mismatch Diff %,%,min,0.00
12,1789646578411513856,1789646588411513856,OSL Mismatch Diff %,%,max,0.00
12,1789646578411513856,1789646588411513856,OSL Mismatch Diff %,%,sum,0.00
12,1789646578411513856,1789646588411513856,OSL Mismatch Diff %,%,p1,0.00
12,1789646578411513856,1789646588411513856,OSL Mismatch Diff %,%,p5,0.00
12,1789646578411513856,1789646588411513856,OSL Mismatch Diff %,%,p10,0.00
12,1789646578411513856,1789646588411513856,OSL Mismatch Diff %,%,p25,0.00
12,1789646578411513856,1789646588411513856,OSL Mismatch Diff %,%,p50,0.00
12,1789646578411513856,1789646588411513856,OSL Mismatch Diff %,%,p75,0.00
12,1789646578411513856,1789646588411513856,OSL Mismatch Diff %,%,p90,0.00
12,1789646578411513856,1789646588411513856,OSL Mismatch Diff %,%,p95,0.00
12,1789646578411513856,1789646588411513856,OSL Mismatch Diff %,%,p99,0.00
12,1789646578411513856,1789646588411513856,OSL Mismatch Diff %,%,std,0.00
12,1789646578411513856,1789646588411513856,Output Sequence Length,tokens,avg,512.00
12,1789646578411513856,1789646588411513856,Output Sequence Length,tokens,min,512.00
12,1789646578411513856,1789646588411513856,Output Sequence Length,tokens,max,512.00
12,1789646578411513856,1789646588411513856,Output Sequence Length,tokens,sum,16384.00
12,1789646578411513856,1789646588411513856,Output Sequence Length,tokens,p1,512.00
12,1789646578411513856,1789646588411513856,Output Sequence Length,tokens,p5,512.00
12,1789646578411513856,1789646588411513856,Output Sequence Length,tokens,p10,512.00
12,1789646578411513856,1789646588411513856,Output Sequence Length,tokens,p25,512.00
12,1789646578411513856,1789646588411513856,Output Sequence Length,tokens,p50,512.00
12,1789646578411513856,1789646588411513856,Output Sequence Length,tokens,p75,512.00
12,1789646578411513856,1789646588411513856,Output Sequence Length,tokens,p90,512.00
12,1789646578411513856,1789646588411513856,Output Sequence Length,tokens,p95,512.00
12,1789646578411513856,1789646588411513856,Output Sequence Length,tokens,p99,512.00
12,1789646578411513856,1789646588411513856,Output Sequence Length,tokens,std,0.00
12,1789646578411513856,1789646588411513856,Output Token Count,tokens,avg,93.00
12,1789646578411513856,1789646588411513856,Output Token Count,tokens,min,93.00
12,1789646578411513856,1789646588411513856,Output Token Count,tokens,max,93.00
12,1789646578411513856,1789646588411513856,Output Token Count,tokens,sum,93.00
12,1789646578411513856,1789646588411513856,Output Token Count,tokens,p1,93.00
12,1789646578411513856,1789646588411513856,Output Token Count,tokens,p5,93.00
12,1789646578411513856,1789646588411513856,Output Token Count,tokens,p10,93.00
12,1789646578411513856,1789646588411513856,Output Token Count,tokens,p25,93.00
12,1789646578411513856,1789646588411513856,Output Token Count,tokens,p50,93.00
12,1789646578411513856,1789646588411513856,Output Token Count,tokens,p75,93.00
12,1789646578411513856,1789646588411513856,Output Token Count,tokens,p90,93.00
12,1789646578411513856,1789646588411513856,Output Token Count,tokens,p95,93.00
12,1789646578411513856,1789646588411513856,Output Token Count,tokens,p99,93.00
12,1789646578411513856,1789646588411513856,Output Token Count,tokens,std,0.00
12,1789646578411513856,1789646588411513856,Output Token Throughput,tokens/sec,avg,1638.40
12,1789646578411513856,1789646588411513856,Output Token Throughput Per User,tokens/sec/user,avg,68.04
12,1789646578411513856,1789646588411513856,Output Token Throughput Per User,tokens/sec/user,min,66.23
12,1789646578411513856,1789646588411513856,Output Token Throughput Per User,tokens/sec/user,max,68.85
12,1789646578411513856,1789646588411513856,Output Token Throughput Per User,tokens/sec/user,sum,2177.12
12,1789646578411513856,1789646588411513856,Output Token Throughput Per User,tokens/sec/user,p1,66.47
12,1789646578411513856,1789646588411513856,Output Token Throughput Per User,tokens/sec/user,p5,67.01
12,1789646578411513856,1789646588411513856,Output Token Throughput Per User,tokens/sec/user,p10,67.05
12,1789646578411513856,1789646588411513856,Output Token Throughput Per User,tokens/sec/user,p25,67.44
12,1789646578411513856,1789646588411513856,Output Token Throughput Per User,tokens/sec/user,p50,68.49
12,1789646578411513856,1789646588411513856,Output Token Throughput Per User,tokens/sec/user,p75,68.49
12,1789646578411513856,1789646588411513856,Output Token Throughput Per User,tokens/sec/user,p90,68.49
12,1789646578411513856,1789646588411513856,Output Token Throughput Per User,tokens/sec/user,p95,68.49
12,1789646578411513856,1789646588411513856,Output Token Throughput Per User,tokens/sec/user,p99,68.74
12,1789646578411513856,1789646588411513856,Output Token Throughput Per User,tokens/sec/user,std,0.66
12,1789646578411513856,1789646588411513856,Overall Usage Prompt Cache Read %,%,avg,92.50
12,1789646578411513856,1789646588411513856,Prefill Throughput Per User,tokens/sec/user,avg,2720.53
12,1789646578411513856,1789646588411513856,Prefill Throughput Per User,tokens/sec/user,min,2329.31
12,1789646578411513856,1789646588411513856,Prefill Throughput Per User,tokens/sec/user,max,5024.40
12,1789646578411513856,1789646588411513856,Prefill Throughput Per User,tokens/sec/user,sum,87057.09
12,1789646578411513856,1789646588411513856,Prefill Throughput Per User,tokens/sec/user,p1,2329.37
12,1789646578411513856,1789646588411513856,Prefill Throughput Per User,tokens/sec/user,p5,2329.54
12,1789646578411513856,1789646588411513856,Prefill Throughput Per User,tokens/sec/user,p10,2329.63
12,1789646578411513856,1789646588411513856,Prefill Throughput Per User,tokens/sec/user,p25,2329.79
12,1789646578411513856,1789646588411513856,Prefill Throughput Per User,tokens/sec/user,p50,2330.25
12,1789646578411513856,1789646588411513856,Prefill Throughput Per User,tokens/sec/user,p75,3086.94
12,1789646578411513856,1789646588411513856,Prefill Throughput Per User,tokens/sec/user,p90,3529.09
12,1789646578411513856,1789646588411513856,Prefill Throughput Per User,tokens/sec/user,p95,3579.12
12,1789646578411513856,1789646588411513856,Prefill Throughput Per User,tokens/sec/user,p99,4576.58
12,1789646578411513856,1789646588411513856,Prefill Throughput Per User,tokens/sec/user,std,603.24
12,1789646578411513856,1789646588411513856,Reasoning Token Count,tokens,avg,509.09
12,1789646578411513856,1789646588411513856,Reasoning Token Count,tokens,min,419.00
12,1789646578411513856,1789646588411513856,Reasoning Token Count,tokens,max,512.00
12,1789646578411513856,1789646588411513856,Reasoning Token Count,tokens,sum,16291.00
12,1789646578411513856,1789646588411513856,Reasoning Token Count,tokens,p1,447.83
12,1789646578411513856,1789646588411513856,Reasoning Token Count,tokens,p5,512.00
12,1789646578411513856,1789646588411513856,Reasoning Token Count,tokens,p10,512.00
12,1789646578411513856,1789646588411513856,Reasoning Token Count,tokens,p25,512.00
12,1789646578411513856,1789646588411513856,Reasoning Token Count,tokens,p50,512.00
12,1789646578411513856,1789646588411513856,Reasoning Token Count,tokens,p75,512.00
12,1789646578411513856,1789646588411513856,Reasoning Token Count,tokens,p90,512.00
12,1789646578411513856,1789646588411513856,Reasoning Token Count,tokens,p95,512.00
12,1789646578411513856,1789646588411513856,Reasoning Token Count,tokens,p99,512.00
12,1789646578411513856,1789646588411513856,Reasoning Token Count,tokens,std,16.18
12,1789646578411513856,1789646588411513856,Request Count,requests,avg,32.00
12,1789646578411513856,1789646588411513856,Request Latency,ms,avg,7934.02
12,1789646578411513856,1789646588411513856,Request Latency,ms,min,7897.36
12,1789646578411513856,1789646588411513856,Request Latency,ms,max,7935.97
12,1789646578411513856,1789646588411513856,Request Latency,ms,sum,253888.63
12,1789646578411513856,1789646588411513856,Request Latency,ms,p1,7904.07
12,1789646578411513856,1789646588411513856,Request Latency,ms,p5,7928.02
12,1789646578411513856,1789646588411513856,Request Latency,ms,p10,7935.41
12,1789646578411513856,1789646588411513856,Request Latency,ms,p25,7935.70
12,1789646578411513856,1789646588411513856,Request Latency,ms,p50,7935.77
12,1789646578411513856,1789646588411513856,Request Latency,ms,p75,7935.80
12,1789646578411513856,1789646588411513856,Request Latency,ms,p90,7935.86
12,1789646578411513856,1789646588411513856,Request Latency,ms,p95,7935.90
12,1789646578411513856,1789646588411513856,Request Latency,ms,p99,7935.95
12,1789646578411513856,1789646588411513856,Request Latency,ms,std,7.20
12,1789646578411513856,1789646588411513856,Request Throughput,requests/sec,avg,3.20
12,1789646578411513856,1789646588411513856,Time to First Output Token,ms,avg,6524.10
12,1789646578411513856,1789646588411513856,Time to First Output Token,ms,min,6524.10
12,1789646578411513856,1789646588411513856,Time to First Output Token,ms,max,6524.10
12,1789646578411513856,1789646588411513856,Time to First Output Token,ms,sum,6524.10
12,1789646578411513856,1789646588411513856,Time to First Output Token,ms,p1,6524.10
12,1789646578411513856,1789646588411513856,Time to First Output Token,ms,p5,6524.10
12,1789646578411513856,1789646588411513856,Time to First Output Token,ms,p10,6524.10
12,1789646578411513856,1789646588411513856,Time to First Output Token,ms,p25,6524.10
12,1789646578411513856,1789646588411513856,Time to First Output Token,ms,p50,6524.10
12,1789646578411513856,1789646588411513856,Time to First Output Token,ms,p75,6524.10
12,1789646578411513856,1789646588411513856,Time to First Output Token,ms,p90,6524.10
12,1789646578411513856,1789646588411513856,Time to First Output Token,ms,p95,6524.10
12,1789646578411513856,1789646588411513856,Time to First Output Token,ms,p99,6524.10
12,1789646578411513856,1789646588411513856,Time to First Output Token,ms,std,0.00
12,1789646578411513856,1789646588411513856,Time to First Token,ms,avg,422.48
12,1789646578411513856,1789646588411513856,Time to First Token,ms,min,220.33
12,1789646578411513856,1789646588411513856,Time to First Token,ms,max,475.25
12,1789646578411513856,1789646588411513856,Time to First Token,ms,sum,13519.34
12,1789646578411513856,1789646588411513856,Time to First Token,ms,p1,247.89
12,1789646578411513856,1789646588411513856,Time to First Token,ms,p5,309.29
12,1789646578411513856,1789646588411513856,Time to First Token,ms,p10,314.29
12,1789646578411513856,1789646588411513856,Time to First Token,ms,p25,358.61
12,1789646578411513856,1789646588411513856,Time to First Token,ms,p50,475.06
12,1789646578411513856,1789646588411513856,Time to First Token,ms,p75,475.15
12,1789646578411513856,1789646588411513856,Time to First Token,ms,p90,475.18
12,1789646578411513856,1789646588411513856,Time to First Token,ms,p95,475.20
12,1789646578411513856,1789646588411513856,Time to First Token,ms,p99,475.24
12,1789646578411513856,1789646588411513856,Time to First Token,ms,std,72.32
12,1789646578411513856,1789646588411513856,Time to Second Token,ms,avg,45.45
12,1789646578411513856,1789646588411513856,Time to Second Token,ms,min,1.14
12,1789646578411513856,1789646588411513856,Time to Second Token,ms,max,154.89
12,1789646578411513856,1789646588411513856,Time to Second Token,ms,sum,1454.41
12,1789646578411513856,1789646588411513856,Time to Second Token,ms,p1,1.16
12,1789646578411513856,1789646588411513856,Time to Second Token,ms,p5,1.24
12,1789646578411513856,1789646588411513856,Time to Second Token,ms,p10,2.84
12,1789646578411513856,1789646588411513856,Time to Second Token,ms,p25,2.86
12,1789646578411513856,1789646588411513856,Time to Second Token,ms,p50,2.90
12,1789646578411513856,1789646588411513856,Time to Second Token,ms,p75,154.72
12,1789646578411513856,1789646588411513856,Time to Second Token,ms,p90,154.82
12,1789646578411513856,1789646588411513856,Time to Second Token,ms,p95,154.83
12,1789646578411513856,1789646588411513856,Time to Second Token,ms,p99,154.88
12,1789646578411513856,1789646588411513856,Time to Second Token,ms,std,68.40
12,1789646578411513856,1789646588411513856,Tokens In Flight,tokens,avg,43905.40
12,1789646578411513856,1789646588411513856,Tokens In Flight,tokens,min,14816.78
12,1789646578411513856,1789646588411513856,Tokens In Flight,tokens,max,51750.12
12,1789646578411513856,1789646588411513856,Tokens In Flight,tokens,p50,44759.51
12,1789646578411513856,1789646588411513856,Tokens In Flight,tokens,p90,49667.47
12,1789646578411513856,1789646588411513856,Tokens In Flight,tokens,p95,50707.53
12,1789646578411513856,1789646588411513856,Tokens In Flight,tokens,p99,51527.05
12,1789646578411513856,1789646588411513856,Tokens In Flight,tokens,std,4562.77
12,1789646578411513856,1789646588411513856,Total Input Sequence Length,tokens,avg,35424.00
12,1789646578411513856,1789646588411513856,Total Output Sequence Length,tokens,avg,16384.00
12,1789646578411513856,1789646588411513856,Total Output Tokens,tokens,avg,93.00
12,1789646578411513856,1789646588411513856,Total Reasoning Tokens,tokens,avg,16291.00
12,1789646578411513856,1789646588411513856,Total Token Throughput,tokens/sec,avg,5180.80
12,1789646578411513856,1789646588411513856,Total Usage Completion Tokens,tokens,avg,16384.00
12,1789646578411513856,1789646588411513856,Total Usage Prompt Cache Read Tokens,tokens,avg,32768.00
12,1789646578411513856,1789646588411513856,Total Usage Prompt Tokens,tokens,avg,35424.00
12,1789646578411513856,1789646588411513856,Total Usage Reasoning Tokens,tokens,avg,16291.00
12,1789646578411513856,1789646588411513856,Total Usage Total Tokens,tokens,avg,51808.00
12,1789646578411513856,1789646588411513856,Usage Completion Tokens,tokens,avg,512.00
12,1789646578411513856,1789646588411513856,Usage Completion Tokens,tokens,min,512.00
12,1789646578411513856,1789646588411513856,Usage Completion Tokens,tokens,max,512.00
12,1789646578411513856,1789646588411513856,Usage Completion Tokens,tokens,sum,16384.00
12,1789646578411513856,1789646588411513856,Usage Completion Tokens,tokens,p1,512.00
12,1789646578411513856,1789646588411513856,Usage Completion Tokens,tokens,p5,512.00
12,1789646578411513856,1789646588411513856,Usage Completion Tokens,tokens,p10,512.00
12,1789646578411513856,1789646588411513856,Usage Completion Tokens,tokens,p25,512.00
12,1789646578411513856,1789646588411513856,Usage Completion Tokens,tokens,p50,512.00
12,1789646578411513856,1789646588411513856,Usage Completion Tokens,tokens,p75,512.00
12,1789646578411513856,1789646588411513856,Usage Completion Tokens,tokens,p90,512.00
12,1789646578411513856,1789646588411513856,Usage Completion Tokens,tokens,p95,512.00
12,1789646578411513856,1789646588411513856,Usage Completion Tokens,tokens,p99,512.00
12,1789646578411513856,1789646588411513856,Usage Completion Tokens,tokens,std,0.00
12,1789646578411513856,1789646588411513856,Usage Prompt Cache Read Tokens,tokens,avg,1024.00
12,1789646578411513856,1789646588411513856,Usage Prompt Cache Read Tokens,tokens,min,1024.00
12,1789646578411513856,1789646588411513856,Usage Prompt Cache Read Tokens,tokens,max,1024.00
12,1789646578411513856,1789646588411513856,Usage Prompt Cache Read Tokens,tokens,sum,32768.00
12,1789646578411513856,1789646588411513856,Usage Prompt Cache Read Tokens,tokens,p1,1024.00
12,1789646578411513856,1789646588411513856,Usage Prompt Cache Read Tokens,tokens,p5,1024.00
12,1789646578411513856,1789646588411513856,Usage Prompt Cache Read Tokens,tokens,p10,1024.00
12,1789646578411513856,1789646588411513856,Usage Prompt Cache Read Tokens,tokens,p25,1024.00
12,1789646578411513856,1789646588411513856,Usage Prompt Cache Read Tokens,tokens,p50,1024.00
12,1789646578411513856,1789646588411513856,Usage Prompt Cache Read Tokens,tokens,p75,1024.00
12,1789646578411513856,1789646588411513856,Usage Prompt Cache Read Tokens,tokens,p90,1024.00
12,1789646578411513856,1789646588411513856,Usage Prompt Cache Read Tokens,tokens,p95,1024.00
12,1789646578411513856,1789646588411513856,Usage Prompt Cache Read Tokens,tokens,p99,1024.00
12,1789646578411513856,1789646588411513856,Usage Prompt Cache Read Tokens,tokens,std,0.00
12,1789646578411513856,1789646588411513856,Usage Prompt Tokens,tokens,avg,1107.00
12,1789646578411513856,1789646588411513856,Usage Prompt Tokens,tokens,min,1107.00
12,1789646578411513856,1789646588411513856,Usage Prompt Tokens,tokens,max,1107.00
12,1789646578411513856,1789646588411513856,Usage Prompt Tokens,tokens,sum,35424.00
12,1789646578411513856,1789646588411513856,Usage Prompt Tokens,tokens,p1,1107.00
12,1789646578411513856,1789646588411513856,Usage Prompt Tokens,tokens,p5,1107.00
12,1789646578411513856,1789646588411513856,Usage Prompt Tokens,tokens,p10,1107.00
12,1789646578411513856,1789646588411513856,Usage Prompt Tokens,tokens,p25,1107.00
12,1789646578411513856,1789646588411513856,Usage Prompt Tokens,tokens,p50,1107.00
12,1789646578411513856,1789646588411513856,Usage Prompt Tokens,tokens,p75,1107.00
12,1789646578411513856,1789646588411513856,Usage Prompt Tokens,tokens,p90,1107.00
12,1789646578411513856,1789646588411513856,Usage Prompt Tokens,tokens,p95,1107.00
12,1789646578411513856,1789646588411513856,Usage Prompt Tokens,tokens,p99,1107.00
12,1789646578411513856,1789646588411513856,Usage Prompt Tokens,tokens,std,0.00
12,1789646578411513856,1789646588411513856,Usage Reasoning Tokens,tokens,avg,509.09
12,1789646578411513856,1789646588411513856,Usage Reasoning Tokens,tokens,min,419.00
12,1789646578411513856,1789646588411513856,Usage Reasoning Tokens,tokens,max,512.00
12,1789646578411513856,1789646588411513856,Usage Reasoning Tokens,tokens,sum,16291.00
12,1789646578411513856,1789646588411513856,Usage Reasoning Tokens,tokens,p1,447.83
12,1789646578411513856,1789646588411513856,Usage Reasoning Tokens,tokens,p5,512.00
12,1789646578411513856,1789646588411513856,Usage Reasoning Tokens,tokens,p10,512.00
12,1789646578411513856,1789646588411513856,Usage Reasoning Tokens,tokens,p25,512.00
12,1789646578411513856,1789646588411513856,Usage Reasoning Tokens,tokens,p50,512.00
12,1789646578411513856,1789646588411513856,Usage Reasoning Tokens,tokens,p75,512.00
12,1789646578411513856,1789646588411513856,Usage Reasoning Tokens,tokens,p90,512.00
12,1789646578411513856,1789646588411513856,Usage Reasoning Tokens,tokens,p95,512.00
12,1789646578411513856,1789646588411513856,Usage Reasoning Tokens,tokens,p99,512.00
12,1789646578411513856,1789646588411513856,Usage Reasoning Tokens,tokens,std,16.18
12,1789646578411513856,1789646588411513856,Usage Total Tokens,tokens,avg,1619.00
12,1789646578411513856,1789646588411513856,Usage Total Tokens,tokens,min,1619.00
12,1789646578411513856,1789646588411513856,Usage Total Tokens,tokens,max,1619.00
12,1789646578411513856,1789646588411513856,Usage Total Tokens,tokens,sum,51808.00
12,1789646578411513856,1789646588411513856,Usage Total Tokens,tokens,p1,1619.00
12,1789646578411513856,1789646588411513856,Usage Total Tokens,tokens,p5,1619.00
12,1789646578411513856,1789646588411513856,Usage Total Tokens,tokens,p10,1619.00
12,1789646578411513856,1789646588411513856,Usage Total Tokens,tokens,p25,1619.00
12,1789646578411513856,1789646588411513856,Usage Total Tokens,tokens,p50,1619.00
12,1789646578411513856,1789646588411513856,Usage Total Tokens,tokens,p75,1619.00
12,1789646578411513856,1789646588411513856,Usage Total Tokens,tokens,p90,1619.00
12,1789646578411513856,1789646588411513856,Usage Total Tokens,tokens,p95,1619.00
12,1789646578411513856,1789646588411513856,Usage Total Tokens,tokens,p99,1619.00
12,1789646578411513856,1789646588411513856,Usage Total Tokens,tokens,std,0.00
13,1789646588411513856,1789646598411513856,Active Decode Throughput,tokens/sec,avg,1981.18
13,1789646588411513856,1789646598411513856,Active Decode Throughput,tokens/sec,min,7.01
13,1789646588411513856,1789646598411513856,Active Decode Throughput,tokens/sec,max,9639.35
13,1789646588411513856,1789646598411513856,Active Decode Throughput,tokens/sec,p50,2134.50
13,1789646588411513856,1789646598411513856,Active Decode Throughput,tokens/sec,p90,2287.85
13,1789646588411513856,1789646598411513856,Active Decode Throughput,tokens/sec,p95,2353.54
13,1789646588411513856,1789646598411513856,Active Decode Throughput,tokens/sec,p99,3106.73
13,1789646588411513856,1789646598411513856,Active Decode Throughput,tokens/sec,std,654.67
13,1789646588411513856,1789646598411513856,Active Decode Throughput Per User,tokens/sec/user,avg,62.47
13,1789646588411513856,1789646598411513856,Active Decode Throughput Per User,tokens/sec/user,min,3.59
13,1789646588411513856,1789646598411513856,Active Decode Throughput Per User,tokens/sec/user,max,321.31
13,1789646588411513856,1789646598411513856,Active Decode Throughput Per User,tokens/sec/user,p50,66.70
13,1789646588411513856,1789646598411513856,Active Decode Throughput Per User,tokens/sec/user,p90,71.50
13,1789646588411513856,1789646598411513856,Active Decode Throughput Per User,tokens/sec/user,p95,73.55
13,1789646588411513856,1789646598411513856,Active Decode Throughput Per User,tokens/sec/user,p99,97.09
13,1789646588411513856,1789646598411513856,Active Decode Throughput Per User,tokens/sec/user,std,19.03
13,1789646588411513856,1789646598411513856,Active Prefill Throughput,tokens/sec,avg,67711.98
13,1789646588411513856,1789646598411513856,Active Prefill Throughput,tokens/sec,min,3583.72
13,1789646588411513856,1789646598411513856,Active Prefill Throughput,tokens/sec,max,82309.01
13,1789646588411513856,1789646598411513856,Active Prefill Throughput,tokens/sec,p50,76466.78
13,1789646588411513856,1789646598411513856,Active Prefill Throughput,tokens/sec,p90,82309.01
13,1789646588411513856,1789646598411513856,Active Prefill Throughput,tokens/sec,p95,82309.01
13,1789646588411513856,1789646598411513856,Active Prefill Throughput,tokens/sec,p99,82309.01
13,1789646588411513856,1789646598411513856,Active Prefill Throughput,tokens/sec,std,19495.15
13,1789646588411513856,1789646598411513856,Active Prefill Throughput Per User,tokens/sec/user,avg,2752.81
13,1789646588411513856,1789646598411513856,Active Prefill Throughput Per User,tokens/sec/user,min,2498.66
13,1789646588411513856,1789646598411513856,Active Prefill Throughput Per User,tokens/sec/user,max,5030.47
13,1789646588411513856,1789646598411513856,Active Prefill Throughput Per User,tokens/sec/user,p50,2639.72
13,1789646588411513856,1789646598411513856,Active Prefill Throughput Per User,tokens/sec/user,p90,3305.14
13,1789646588411513856,1789646598411513856,Active Prefill Throughput Per User,tokens/sec/user,p95,3306.14
13,1789646588411513856,1789646598411513856,Active Prefill Throughput Per User,tokens/sec/user,p99,5030.47
13,1789646588411513856,1789646598411513856,Active Prefill Throughput Per User,tokens/sec/user,std,478.42
13,1789646588411513856,1789646598411513856,Active Total Throughput,tokens/sec,avg,8497.80
13,1789646588411513856,1789646598411513856,Active Total Throughput,tokens/sec,min,2098.31
13,1789646588411513856,1789646598411513856,Active Total Throughput,tokens/sec,max,82375.17
13,1789646588411513856,1789646598411513856,Active Total Throughput,tokens/sec,p50,2164.19
13,1789646588411513856,1789646598411513856,Active Total Throughput,tokens/sec,p90,2176.62
13,1789646588411513856,1789646598411513856,Active Total Throughput,tokens/sec,p95,76667.80
13,1789646588411513856,1789646598411513856,Active Total Throughput,tokens/sec,p99,82375.17
13,1789646588411513856,1789646598411513856,Active Total Throughput,tokens/sec,std,20302.48
13,1789646588411513856,1789646598411513856,Benchmark Duration,sec,avg,16.15
13,1789646588411513856,1789646598411513856,Decode Duration,ms,avg,7533.35
13,1789646588411513856,1789646598411513856,Decode Duration,ms,min,7432.63
13,1789646588411513856,1789646598411513856,Decode Duration,ms,max,7757.16
13,1789646588411513856,1789646598411513856,Decode Duration,ms,sum,482134.15
13,1789646588411513856,1789646598411513856,Decode Duration,ms,p1,7432.67
13,1789646588411513856,1789646598411513856,Decode Duration,ms,p5,7471.43
13,1789646588411513856,1789646598411513856,Decode Duration,ms,p10,7471.45
13,1789646588411513856,1789646598411513856,Decode Duration,ms,p25,7471.50
13,1789646588411513856,1789646598411513856,Decode Duration,ms,p50,7504.18
13,1789646588411513856,1789646598411513856,Decode Duration,ms,p75,7586.28
13,1789646588411513856,1789646598411513856,Decode Duration,ms,p90,7619.65
13,1789646588411513856,1789646598411513856,Decode Duration,ms,p95,7664.54
13,1789646588411513856,1789646598411513856,Decode Duration,ms,p99,7736.50
13,1789646588411513856,1789646598411513856,Decode Duration,ms,std,72.65
13,1789646588411513856,1789646598411513856,E2E Output Token Throughput,tokens/sec/user,avg,64.37
13,1789646588411513856,1789646598411513856,E2E Output Token Throughput,tokens/sec/user,min,64.17
13,1789646588411513856,1789646598411513856,E2E Output Token Throughput,tokens/sec/user,max,65.84
13,1789646588411513856,1789646598411513856,E2E Output Token Throughput,tokens/sec/user,sum,4119.45
13,1789646588411513856,1789646598411513856,E2E Output Token Throughput,tokens/sec/user,p1,64.17
13,1789646588411513856,1789646598411513856,E2E Output Token Throughput,tokens/sec/user,p5,64.17
13,1789646588411513856,1789646598411513856,E2E Output Token Throughput,tokens/sec/user,p10,64.18
13,1789646588411513856,1789646598411513856,E2E Output Token Throughput,tokens/sec/user,p25,64.18
13,1789646588411513856,1789646598411513856,E2E Output Token Throughput,tokens/sec/user,p50,64.42
13,1789646588411513856,1789646598411513856,E2E Output Token Throughput,tokens/sec/user,p75,64.45
13,1789646588411513856,1789646598411513856,E2E Output Token Throughput,tokens/sec/user,p90,64.45
13,1789646588411513856,1789646598411513856,E2E Output Token Throughput,tokens/sec/user,p95,64.74
13,1789646588411513856,1789646598411513856,E2E Output Token Throughput,tokens/sec/user,p99,65.66
13,1789646588411513856,1789646598411513856,E2E Output Token Throughput,tokens/sec/user,std,0.29
13,1789646588411513856,1789646598411513856,Effective Concurrency,requests,avg,31.98
13,1789646588411513856,1789646598411513856,Effective Concurrency,requests,min,12.00
13,1789646588411513856,1789646598411513856,Effective Concurrency,requests,max,32.00
13,1789646588411513856,1789646598411513856,Effective Concurrency,requests,p50,32.00
13,1789646588411513856,1789646598411513856,Effective Concurrency,requests,p90,32.00
13,1789646588411513856,1789646598411513856,Effective Concurrency,requests,p95,32.00
13,1789646588411513856,1789646598411513856,Effective Concurrency,requests,p99,32.00
13,1789646588411513856,1789646598411513856,Effective Concurrency,requests,std,0.54
13,1789646588411513856,1789646598411513856,Effective Decode Concurrency,requests,avg,29.52
13,1789646588411513856,1789646598411513856,Effective Decode Concurrency,requests,min,1.00
13,1789646588411513856,1789646598411513856,Effective Decode Concurrency,requests,max,32.00
13,1789646588411513856,1789646598411513856,Effective Decode Concurrency,requests,p50,32.00
13,1789646588411513856,1789646598411513856,Effective Decode Concurrency,requests,p90,32.00
13,1789646588411513856,1789646598411513856,Effective Decode Concurrency,requests,p95,32.00
13,1789646588411513856,1789646598411513856,Effective Decode Concurrency,requests,p99,32.00
13,1789646588411513856,1789646598411513856,Effective Decode Concurrency,requests,std,7.96
13,1789646588411513856,1789646598411513856,Effective Decode Throughput,tokens/sec,avg,1981.18
13,1789646588411513856,1789646598411513856,Effective Decode Throughput,tokens/sec,min,7.01
13,1789646588411513856,1789646598411513856,Effective Decode Throughput,tokens/sec,max,9639.35
13,1789646588411513856,1789646598411513856,Effective Decode Throughput,tokens/sec,p50,2134.50
13,1789646588411513856,1789646598411513856,Effective Decode Throughput,tokens/sec,p90,2287.85
13,1789646588411513856,1789646598411513856,Effective Decode Throughput,tokens/sec,p95,2353.54
13,1789646588411513856,1789646598411513856,Effective Decode Throughput,tokens/sec,p99,3106.73
13,1789646588411513856,1789646598411513856,Effective Decode Throughput,tokens/sec,std,654.67
13,1789646588411513856,1789646598411513856,Effective Decode Throughput Per User,tokens/sec/user,avg,62.47
13,1789646588411513856,1789646598411513856,Effective Decode Throughput Per User,tokens/sec/user,min,3.59
13,1789646588411513856,1789646598411513856,Effective Decode Throughput Per User,tokens/sec/user,max,321.31
13,1789646588411513856,1789646598411513856,Effective Decode Throughput Per User,tokens/sec/user,p50,66.70
13,1789646588411513856,1789646598411513856,Effective Decode Throughput Per User,tokens/sec/user,p90,71.50
13,1789646588411513856,1789646598411513856,Effective Decode Throughput Per User,tokens/sec/user,p95,73.55
13,1789646588411513856,1789646598411513856,Effective Decode Throughput Per User,tokens/sec/user,p99,97.09
13,1789646588411513856,1789646598411513856,Effective Decode Throughput Per User,tokens/sec/user,std,19.03
13,1789646588411513856,1789646598411513856,Effective Prefill Concurrency,requests,avg,2.46
13,1789646588411513856,1789646598411513856,Effective Prefill Concurrency,requests,min,0.00
13,1789646588411513856,1789646598411513856,Effective Prefill Concurrency,requests,max,31.00
13,1789646588411513856,1789646598411513856,Effective Prefill Concurrency,requests,p50,0.00
13,1789646588411513856,1789646598411513856,Effective Prefill Concurrency,requests,p90,0.00
13,1789646588411513856,1789646598411513856,Effective Prefill Concurrency,requests,p95,29.00
13,1789646588411513856,1789646598411513856,Effective Prefill Concurrency,requests,p99,31.00
13,1789646588411513856,1789646598411513856,Effective Prefill Concurrency,requests,std,7.93
13,1789646588411513856,1789646598411513856,Effective Prefill Throughput,tokens/sec,avg,6499.72
13,1789646588411513856,1789646598411513856,Effective Prefill Throughput,tokens/sec,min,0.00
13,1789646588411513856,1789646598411513856,Effective Prefill Throughput,tokens/sec,max,82309.01
13,1789646588411513856,1789646598411513856,Effective Prefill Throughput,tokens/sec,p50,0.00
13,1789646588411513856,1789646598411513856,Effective Prefill Throughput,tokens/sec,p90,0.00
13,1789646588411513856,1789646598411513856,Effective Prefill Throughput,tokens/sec,p95,76466.78
13,1789646588411513856,1789646598411513856,Effective Prefill Throughput,tokens/sec,p99,82309.01
13,1789646588411513856,1789646598411513856,Effective Prefill Throughput,tokens/sec,std,20840.94
13,1789646588411513856,1789646598411513856,Effective Prefill Throughput Per User,tokens/sec/user,avg,264.24
13,1789646588411513856,1789646598411513856,Effective Prefill Throughput Per User,tokens/sec/user,min,0.00
13,1789646588411513856,1789646598411513856,Effective Prefill Throughput Per User,tokens/sec/user,max,5030.47
13,1789646588411513856,1789646598411513856,Effective Prefill Throughput Per User,tokens/sec/user,p50,0.00
13,1789646588411513856,1789646598411513856,Effective Prefill Throughput Per User,tokens/sec/user,p90,0.00
13,1789646588411513856,1789646598411513856,Effective Prefill Throughput Per User,tokens/sec/user,p95,2639.72
13,1789646588411513856,1789646598411513856,Effective Prefill Throughput Per User,tokens/sec/user,p99,3305.14
13,1789646588411513856,1789646598411513856,Effective Prefill Throughput Per User,tokens/sec/user,std,824.36
13,1789646588411513856,1789646598411513856,Effective Total Throughput,tokens/sec,avg,8497.80
13,1789646588411513856,1789646598411513856,Effective Total Throughput,tokens/sec,min,2098.31
13,1789646588411513856,1789646598411513856,Effective Total Throughput,tokens/sec,max,82375.17
13,1789646588411513856,1789646598411513856,Effective Total Throughput,tokens/sec,p50,2164.19
13,1789646588411513856,1789646598411513856,Effective Total Throughput,tokens/sec,p90,2176.62
13,1789646588411513856,1789646598411513856,Effective Total Throughput,tokens/sec,p95,76667.80
13,1789646588411513856,1789646598411513856,Effective Total Throughput,tokens/sec,p99,82375.17
13,1789646588411513856,1789646598411513856,Effective Total Throughput,tokens/sec,std,20302.48
13,1789646588411513856,1789646598411513856,HTTP Blocked,ms,avg,0.00
13,1789646588411513856,1789646598411513856,HTTP Blocked,ms,min,0.00
13,1789646588411513856,1789646598411513856,HTTP Blocked,ms,max,0.00
13,1789646588411513856,1789646598411513856,HTTP Blocked,ms,sum,0.00
13,1789646588411513856,1789646598411513856,HTTP Blocked,ms,p1,0.00
13,1789646588411513856,1789646598411513856,HTTP Blocked,ms,p5,0.00
13,1789646588411513856,1789646598411513856,HTTP Blocked,ms,p10,0.00
13,1789646588411513856,1789646598411513856,HTTP Blocked,ms,p25,0.00
13,1789646588411513856,1789646598411513856,HTTP Blocked,ms,p50,0.00
13,1789646588411513856,1789646598411513856,HTTP Blocked,ms,p75,0.00
13,1789646588411513856,1789646598411513856,HTTP Blocked,ms,p90,0.00
13,1789646588411513856,1789646598411513856,HTTP Blocked,ms,p95,0.00
13,1789646588411513856,1789646598411513856,HTTP Blocked,ms,p99,0.00
13,1789646588411513856,1789646598411513856,HTTP Blocked,ms,std,0.00
13,1789646588411513856,1789646598411513856,HTTP Chunks Received,count,avg,469.50
13,1789646588411513856,1789646598411513856,HTTP Chunks Received,count,min,430.00
13,1789646588411513856,1789646598411513856,HTTP Chunks Received,count,max,509.00
13,1789646588411513856,1789646598411513856,HTTP Chunks Received,count,sum,30048.00
13,1789646588411513856,1789646598411513856,HTTP Chunks Received,count,p1,436.93
13,1789646588411513856,1789646598411513856,HTTP Chunks Received,count,p5,448.00
13,1789646588411513856,1789646598411513856,HTTP Chunks Received,count,p10,453.30
13,1789646588411513856,1789646598411513856,HTTP Chunks Received,count,p25,460.50
13,1789646588411513856,1789646598411513856,HTTP Chunks Received,count,p50,469.00
13,1789646588411513856,1789646598411513856,HTTP Chunks Received,count,p75,475.00
13,1789646588411513856,1789646598411513856,HTTP Chunks Received,count,p90,492.70
13,1789646588411513856,1789646598411513856,HTTP Chunks Received,count,p95,498.70
13,1789646588411513856,1789646598411513856,HTTP Chunks Received,count,p99,505.85
13,1789646588411513856,1789646598411513856,HTTP Chunks Received,count,std,15.21
13,1789646588411513856,1789646598411513856,HTTP Chunks Sent,count,avg,1.00
13,1789646588411513856,1789646598411513856,HTTP Chunks Sent,count,min,1.00
13,1789646588411513856,1789646598411513856,HTTP Chunks Sent,count,max,1.00
13,1789646588411513856,1789646598411513856,HTTP Chunks Sent,count,sum,64.00
13,1789646588411513856,1789646598411513856,HTTP Chunks Sent,count,p1,1.00
13,1789646588411513856,1789646598411513856,HTTP Chunks Sent,count,p5,1.00
13,1789646588411513856,1789646598411513856,HTTP Chunks Sent,count,p10,1.00
13,1789646588411513856,1789646598411513856,HTTP Chunks Sent,count,p25,1.00
13,1789646588411513856,1789646598411513856,HTTP Chunks Sent,count,p50,1.00
13,1789646588411513856,1789646598411513856,HTTP Chunks Sent,count,p75,1.00
13,1789646588411513856,1789646598411513856,HTTP Chunks Sent,count,p90,1.00
13,1789646588411513856,1789646598411513856,HTTP Chunks Sent,count,p95,1.00
13,1789646588411513856,1789646598411513856,HTTP Chunks Sent,count,p99,1.00
13,1789646588411513856,1789646598411513856,HTTP Chunks Sent,count,std,0.00
13,1789646588411513856,1789646598411513856,HTTP Connecting,ms,avg,0.00
13,1789646588411513856,1789646598411513856,HTTP Connecting,ms,min,0.00
13,1789646588411513856,1789646598411513856,HTTP Connecting,ms,max,0.00
13,1789646588411513856,1789646598411513856,HTTP Connecting,ms,sum,0.00
13,1789646588411513856,1789646598411513856,HTTP Connecting,ms,p1,0.00
13,1789646588411513856,1789646598411513856,HTTP Connecting,ms,p5,0.00
13,1789646588411513856,1789646598411513856,HTTP Connecting,ms,p10,0.00
13,1789646588411513856,1789646598411513856,HTTP Connecting,ms,p25,0.00
13,1789646588411513856,1789646598411513856,HTTP Connecting,ms,p50,0.00
13,1789646588411513856,1789646598411513856,HTTP Connecting,ms,p75,0.00
13,1789646588411513856,1789646598411513856,HTTP Connecting,ms,p90,0.00
13,1789646588411513856,1789646598411513856,HTTP Connecting,ms,p95,0.00
13,1789646588411513856,1789646598411513856,HTTP Connecting,ms,p99,0.00
13,1789646588411513856,1789646598411513856,HTTP Connecting,ms,std,0.00
13,1789646588411513856,1789646598411513856,HTTP Connection Overhead,ms,avg,0.00
13,1789646588411513856,1789646598411513856,HTTP Connection Overhead,ms,min,0.00
13,1789646588411513856,1789646598411513856,HTTP Connection Overhead,ms,max,0.00
13,1789646588411513856,1789646598411513856,HTTP Connection Overhead,ms,sum,0.00
13,1789646588411513856,1789646598411513856,HTTP Connection Overhead,ms,p1,0.00
13,1789646588411513856,1789646598411513856,HTTP Connection Overhead,ms,p5,0.00
13,1789646588411513856,1789646598411513856,HTTP Connection Overhead,ms,p10,0.00
13,1789646588411513856,1789646598411513856,HTTP Connection Overhead,ms,p25,0.00
13,1789646588411513856,1789646598411513856,HTTP Connection Overhead,ms,p50,0.00
13,1789646588411513856,1789646598411513856,HTTP Connection Overhead,ms,p75,0.00
13,1789646588411513856,1789646598411513856,HTTP Connection Overhead,ms,p90,0.00
13,1789646588411513856,1789646598411513856,HTTP Connection Overhead,ms,p95,0.00
13,1789646588411513856,1789646598411513856,HTTP Connection Overhead,ms,p99,0.00
13,1789646588411513856,1789646598411513856,HTTP Connection Overhead,ms,std,0.00
13,1789646588411513856,1789646598411513856,HTTP Connection Reused,ratio,avg,1.00
13,1789646588411513856,1789646598411513856,HTTP Connection Reused,ratio,min,1.00
13,1789646588411513856,1789646598411513856,HTTP Connection Reused,ratio,max,1.00
13,1789646588411513856,1789646598411513856,HTTP Connection Reused,ratio,sum,64.00
13,1789646588411513856,1789646598411513856,HTTP Connection Reused,ratio,p1,1.00
13,1789646588411513856,1789646598411513856,HTTP Connection Reused,ratio,p5,1.00
13,1789646588411513856,1789646598411513856,HTTP Connection Reused,ratio,p10,1.00
13,1789646588411513856,1789646598411513856,HTTP Connection Reused,ratio,p25,1.00
13,1789646588411513856,1789646598411513856,HTTP Connection Reused,ratio,p50,1.00
13,1789646588411513856,1789646598411513856,HTTP Connection Reused,ratio,p75,1.00
13,1789646588411513856,1789646598411513856,HTTP Connection Reused,ratio,p90,1.00
13,1789646588411513856,1789646598411513856,HTTP Connection Reused,ratio,p95,1.00
13,1789646588411513856,1789646598411513856,HTTP Connection Reused,ratio,p99,1.00
13,1789646588411513856,1789646598411513856,HTTP Connection Reused,ratio,std,0.00
13,1789646588411513856,1789646598411513856,HTTP Data Received,KB,avg,125.20
13,1789646588411513856,1789646598411513856,HTTP Data Received,KB,min,114.70
13,1789646588411513856,1789646598411513856,HTTP Data Received,KB,max,135.61
13,1789646588411513856,1789646598411513856,HTTP Data Received,KB,sum,8012.51
13,1789646588411513856,1789646598411513856,HTTP Data Received,KB,p1,116.56
13,1789646588411513856,1789646598411513856,HTTP Data Received,KB,p5,119.52
13,1789646588411513856,1789646598411513856,HTTP Data Received,KB,p10,120.98
13,1789646588411513856,1789646598411513856,HTTP Data Received,KB,p25,122.72
13,1789646588411513856,1789646598411513856,HTTP Data Received,KB,p50,125.09
13,1789646588411513856,1789646598411513856,HTTP Data Received,KB,p75,126.67
13,1789646588411513856,1789646598411513856,HTTP Data Received,KB,p90,131.25
13,1789646588411513856,1789646598411513856,HTTP Data Received,KB,p95,132.96
13,1789646588411513856,1789646598411513856,HTTP Data Received,KB,p99,134.82
13,1789646588411513856,1789646598411513856,HTTP Data Received,KB,std,4.01
13,1789646588411513856,1789646598411513856,HTTP Data Sent,KB,avg,4.57
13,1789646588411513856,1789646598411513856,HTTP Data Sent,KB,min,4.06
13,1789646588411513856,1789646598411513856,HTTP Data Sent,KB,max,4.96
13,1789646588411513856,1789646598411513856,HTTP Data Sent,KB,sum,292.76
13,1789646588411513856,1789646598411513856,HTTP Data Sent,KB,p1,4.07
13,1789646588411513856,1789646598411513856,HTTP Data Sent,KB,p5,4.27
13,1789646588411513856,1789646598411513856,HTTP Data Sent,KB,p10,4.38
13,1789646588411513856,1789646598411513856,HTTP Data Sent,KB,p25,4.49
13,1789646588411513856,1789646598411513856,HTTP Data Sent,KB,p50,4.56
13,1789646588411513856,1789646598411513856,HTTP Data Sent,KB,p75,4.70
13,1789646588411513856,1789646598411513856,HTTP Data Sent,KB,p90,4.82
13,1789646588411513856,1789646598411513856,HTTP Data Sent,KB,p95,4.85
13,1789646588411513856,1789646598411513856,HTTP Data Sent,KB,p99,4.96
13,1789646588411513856,1789646598411513856,HTTP Data Sent,KB,std,0.18
13,1789646588411513856,1789646598411513856,HTTP DNS Lookup,ms,avg,0.00
13,1789646588411513856,1789646598411513856,HTTP DNS Lookup,ms,min,0.00
13,1789646588411513856,1789646598411513856,HTTP DNS Lookup,ms,max,0.00
13,1789646588411513856,1789646598411513856,HTTP DNS Lookup,ms,sum,0.00
13,1789646588411513856,1789646598411513856,HTTP DNS Lookup,ms,p1,0.00
13,1789646588411513856,1789646598411513856,HTTP DNS Lookup,ms,p5,0.00
13,1789646588411513856,1789646598411513856,HTTP DNS Lookup,ms,p10,0.00
13,1789646588411513856,1789646598411513856,HTTP DNS Lookup,ms,p25,0.00
13,1789646588411513856,1789646598411513856,HTTP DNS Lookup,ms,p50,0.00
13,1789646588411513856,1789646598411513856,HTTP DNS Lookup,ms,p75,0.00
13,1789646588411513856,1789646598411513856,HTTP DNS Lookup,ms,p90,0.00
13,1789646588411513856,1789646598411513856,HTTP DNS Lookup,ms,p95,0.00
13,1789646588411513856,1789646598411513856,HTTP DNS Lookup,ms,p99,0.00
13,1789646588411513856,1789646598411513856,HTTP DNS Lookup,ms,std,0.00
13,1789646588411513856,1789646598411513856,HTTP Duration (excl. conn),ms,avg,7961.34
13,1789646588411513856,1789646598411513856,HTTP Duration (excl. conn),ms,min,7944.28
13,1789646588411513856,1789646598411513856,HTTP Duration (excl. conn),ms,max,7978.21
13,1789646588411513856,1789646598411513856,HTTP Duration (excl. conn),ms,sum,509525.83
13,1789646588411513856,1789646598411513856,HTTP Duration (excl. conn),ms,p1,7944.29
13,1789646588411513856,1789646598411513856,HTTP Duration (excl. conn),ms,p5,7944.32
13,1789646588411513856,1789646598411513856,HTTP Duration (excl. conn),ms,p10,7944.35
13,1789646588411513856,1789646598411513856,HTTP Duration (excl. conn),ms,p25,7944.42
13,1789646588411513856,1789646598411513856,HTTP Duration (excl. conn),ms,p50,7962.48
13,1789646588411513856,1789646598411513856,HTTP Duration (excl. conn),ms,p75,7978.05
13,1789646588411513856,1789646598411513856,HTTP Duration (excl. conn),ms,p90,7978.12
13,1789646588411513856,1789646598411513856,HTTP Duration (excl. conn),ms,p95,7978.15
13,1789646588411513856,1789646598411513856,HTTP Duration (excl. conn),ms,p99,7978.20
13,1789646588411513856,1789646598411513856,HTTP Duration (excl. conn),ms,std,16.61
13,1789646588411513856,1789646598411513856,HTTP Receiving,ms,avg,7540.12
13,1789646588411513856,1789646598411513856,HTTP Receiving,ms,min,7471.44
13,1789646588411513856,1789646598411513856,HTTP Receiving,ms,max,7757.17
13,1789646588411513856,1789646598411513856,HTTP Receiving,ms,sum,482567.93
13,1789646588411513856,1789646598411513856,HTTP Receiving,ms,p1,7471.44
13,1789646588411513856,1789646598411513856,HTTP Receiving,ms,p5,7471.46
13,1789646588411513856,1789646598411513856,HTTP Receiving,ms,p10,7471.47
13,1789646588411513856,1789646598411513856,HTTP Receiving,ms,p25,7471.51
13,1789646588411513856,1789646598411513856,HTTP Receiving,ms,p50,7504.19
13,1789646588411513856,1789646598411513856,HTTP Receiving,ms,p75,7594.61
13,1789646588411513856,1789646598411513856,HTTP Receiving,ms,p90,7639.66
13,1789646588411513856,1789646598411513856,HTTP Receiving,ms,p95,7668.97
13,1789646588411513856,1789646598411513856,HTTP Receiving,ms,p99,7736.51
13,1789646588411513856,1789646598411513856,HTTP Receiving,ms,std,73.77
13,1789646588411513856,1789646598411513856,HTTP Sending,ms,avg,0.14
13,1789646588411513856,1789646598411513856,HTTP Sending,ms,min,0.12
13,1789646588411513856,1789646598411513856,HTTP Sending,ms,max,0.16
13,1789646588411513856,1789646598411513856,HTTP Sending,ms,sum,8.69
13,1789646588411513856,1789646598411513856,HTTP Sending,ms,p1,0.12
13,1789646588411513856,1789646598411513856,HTTP Sending,ms,p5,0.13
13,1789646588411513856,1789646598411513856,HTTP Sending,ms,p10,0.13
13,1789646588411513856,1789646598411513856,HTTP Sending,ms,p25,0.13
13,1789646588411513856,1789646598411513856,HTTP Sending,ms,p50,0.13
13,1789646588411513856,1789646598411513856,HTTP Sending,ms,p75,0.14
13,1789646588411513856,1789646598411513856,HTTP Sending,ms,p90,0.15
13,1789646588411513856,1789646598411513856,HTTP Sending,ms,p95,0.15
13,1789646588411513856,1789646598411513856,HTTP Sending,ms,p99,0.16
13,1789646588411513856,1789646598411513856,HTTP Sending,ms,std,0.01
13,1789646588411513856,1789646598411513856,HTTP Total Time,ms,avg,7961.34
13,1789646588411513856,1789646598411513856,HTTP Total Time,ms,min,7944.28
13,1789646588411513856,1789646598411513856,HTTP Total Time,ms,max,7978.21
13,1789646588411513856,1789646598411513856,HTTP Total Time,ms,sum,509525.83
13,1789646588411513856,1789646598411513856,HTTP Total Time,ms,p1,7944.29
13,1789646588411513856,1789646598411513856,HTTP Total Time,ms,p5,7944.32
13,1789646588411513856,1789646598411513856,HTTP Total Time,ms,p10,7944.35
13,1789646588411513856,1789646598411513856,HTTP Total Time,ms,p25,7944.42
13,1789646588411513856,1789646598411513856,HTTP Total Time,ms,p50,7962.48
13,1789646588411513856,1789646598411513856,HTTP Total Time,ms,p75,7978.05
13,1789646588411513856,1789646598411513856,HTTP Total Time,ms,p90,7978.12
13,1789646588411513856,1789646598411513856,HTTP Total Time,ms,p95,7978.15
13,1789646588411513856,1789646598411513856,HTTP Total Time,ms,p99,7978.20
13,1789646588411513856,1789646598411513856,HTTP Total Time,ms,std,16.61
13,1789646588411513856,1789646598411513856,HTTP Waiting (TTFB),ms,avg,421.08
13,1789646588411513856,1789646598411513856,HTTP Waiting (TTFB),ms,min,219.88
13,1789646588411513856,1789646598411513856,HTTP Waiting (TTFB),ms,max,473.90
13,1789646588411513856,1789646598411513856,HTTP Waiting (TTFB),ms,sum,26949.21
13,1789646588411513856,1789646598411513856,HTTP Waiting (TTFB),ms,p1,220.16
13,1789646588411513856,1789646598411513856,HTTP Waiting (TTFB),ms,p5,308.00
13,1789646588411513856,1789646598411513856,HTTP Waiting (TTFB),ms,p10,308.52
13,1789646588411513856,1789646598411513856,HTTP Waiting (TTFB),ms,p25,357.97
13,1789646588411513856,1789646598411513856,HTTP Waiting (TTFB),ms,p50,472.79
13,1789646588411513856,1789646598411513856,HTTP Waiting (TTFB),ms,p75,473.70
13,1789646588411513856,1789646598411513856,HTTP Waiting (TTFB),ms,p90,473.80
13,1789646588411513856,1789646598411513856,HTTP Waiting (TTFB),ms,p95,473.82
13,1789646588411513856,1789646598411513856,HTTP Waiting (TTFB),ms,p99,473.89
13,1789646588411513856,1789646598411513856,HTTP Waiting (TTFB),ms,std,71.80
13,1789646588411513856,1789646598411513856,Input Sequence Length,tokens,avg,1107.00
13,1789646588411513856,1789646598411513856,Input Sequence Length,tokens,min,1107.00
13,1789646588411513856,1789646598411513856,Input Sequence Length,tokens,max,1107.00
13,1789646588411513856,1789646598411513856,Input Sequence Length,tokens,sum,70848.00
13,1789646588411513856,1789646598411513856,Input Sequence Length,tokens,p1,1107.00
13,1789646588411513856,1789646598411513856,Input Sequence Length,tokens,p5,1107.00
13,1789646588411513856,1789646598411513856,Input Sequence Length,tokens,p10,1107.00
13,1789646588411513856,1789646598411513856,Input Sequence Length,tokens,p25,1107.00
13,1789646588411513856,1789646598411513856,Input Sequence Length,tokens,p50,1107.00
13,1789646588411513856,1789646598411513856,Input Sequence Length,tokens,p75,1107.00
13,1789646588411513856,1789646598411513856,Input Sequence Length,tokens,p90,1107.00
13,1789646588411513856,1789646598411513856,Input Sequence Length,tokens,p95,1107.00
13,1789646588411513856,1789646598411513856,Input Sequence Length,tokens,p99,1107.00
13,1789646588411513856,1789646598411513856,Input Sequence Length,tokens,std,0.00
13,1789646588411513856,1789646598411513856,Input Token Throughput,tokens/sec,avg,7084.80
13,1789646588411513856,1789646598411513856,Inter Chunk Latency,ms,avg,16.08
13,1789646588411513856,1789646598411513856,Inter Chunk Latency,ms,min,1.07
13,1789646588411513856,1789646598411513856,Inter Chunk Latency,ms,max,171.11
13,1789646588411513856,1789646598411513856,Inter Chunk Latency,ms,sum,482134.15
13,1789646588411513856,1789646598411513856,Inter Chunk Latency,ms,p1,8.85
13,1789646588411513856,1789646598411513856,Inter Chunk Latency,ms,p5,13.29
13,1789646588411513856,1789646598411513856,Inter Chunk Latency,ms,p10,14.08
13,1789646588411513856,1789646598411513856,Inter Chunk Latency,ms,p25,14.58
13,1789646588411513856,1789646598411513856,Inter Chunk Latency,ms,p50,14.98
13,1789646588411513856,1789646598411513856,Inter Chunk Latency,ms,p75,15.31
13,1789646588411513856,1789646598411513856,Inter Chunk Latency,ms,p90,15.74
13,1789646588411513856,1789646598411513856,Inter Chunk Latency,ms,p95,29.61
13,1789646588411513856,1789646598411513856,Inter Chunk Latency,ms,p99,30.98
13,1789646588411513856,1789646598411513856,Inter Chunk Latency,ms,std,6.13
13,1789646588411513856,1789646598411513856,Inter Token Latency,ms,avg,14.74
13,1789646588411513856,1789646598411513856,Inter Token Latency,ms,min,14.55
13,1789646588411513856,1789646598411513856,Inter Token Latency,ms,max,15.18
13,1789646588411513856,1789646598411513856,Inter Token Latency,ms,sum,943.51
13,1789646588411513856,1789646598411513856,Inter Token Latency,ms,p1,14.55
13,1789646588411513856,1789646598411513856,Inter Token Latency,ms,p5,14.62
13,1789646588411513856,1789646598411513856,Inter Token Latency,ms,p10,14.62
13,1789646588411513856,1789646598411513856,Inter Token Latency,ms,p25,14.62
13,1789646588411513856,1789646598411513856,Inter Token Latency,ms,p50,14.69
13,1789646588411513856,1789646598411513856,Inter Token Latency,ms,p75,14.85
13,1789646588411513856,1789646598411513856,Inter Token Latency,ms,p90,14.91
13,1789646588411513856,1789646598411513856,Inter Token Latency,ms,p95,15.00
13,1789646588411513856,1789646598411513856,Inter Token Latency,ms,p99,15.14
13,1789646588411513856,1789646598411513856,Inter Token Latency,ms,std,0.14
13,1789646588411513856,1789646598411513856,OSL Mismatch Count,requests,avg,0.00
13,1789646588411513856,1789646598411513856,OSL Mismatch Diff %,%,avg,0.00
13,1789646588411513856,1789646598411513856,OSL Mismatch Diff %,%,min,0.00
13,1789646588411513856,1789646598411513856,OSL Mismatch Diff %,%,max,0.00
13,1789646588411513856,1789646598411513856,OSL Mismatch Diff %,%,sum,0.00
13,1789646588411513856,1789646598411513856,OSL Mismatch Diff %,%,p1,0.00
13,1789646588411513856,1789646598411513856,OSL Mismatch Diff %,%,p5,0.00
13,1789646588411513856,1789646598411513856,OSL Mismatch Diff %,%,p10,0.00
13,1789646588411513856,1789646598411513856,OSL Mismatch Diff %,%,p25,0.00
13,1789646588411513856,1789646598411513856,OSL Mismatch Diff %,%,p50,0.00
13,1789646588411513856,1789646598411513856,OSL Mismatch Diff %,%,p75,0.00
13,1789646588411513856,1789646598411513856,OSL Mismatch Diff %,%,p90,0.00
13,1789646588411513856,1789646598411513856,OSL Mismatch Diff %,%,p95,0.00
13,1789646588411513856,1789646598411513856,OSL Mismatch Diff %,%,p99,0.00
13,1789646588411513856,1789646598411513856,OSL Mismatch Diff %,%,std,0.00
13,1789646588411513856,1789646598411513856,Output Sequence Length,tokens,avg,512.00
13,1789646588411513856,1789646598411513856,Output Sequence Length,tokens,min,512.00
13,1789646588411513856,1789646598411513856,Output Sequence Length,tokens,max,512.00
13,1789646588411513856,1789646598411513856,Output Sequence Length,tokens,sum,32768.00
13,1789646588411513856,1789646598411513856,Output Sequence Length,tokens,p1,512.00
13,1789646588411513856,1789646598411513856,Output Sequence Length,tokens,p5,512.00
13,1789646588411513856,1789646598411513856,Output Sequence Length,tokens,p10,512.00
13,1789646588411513856,1789646598411513856,Output Sequence Length,tokens,p25,512.00
13,1789646588411513856,1789646598411513856,Output Sequence Length,tokens,p50,512.00
13,1789646588411513856,1789646598411513856,Output Sequence Length,tokens,p75,512.00
13,1789646588411513856,1789646598411513856,Output Sequence Length,tokens,p90,512.00
13,1789646588411513856,1789646598411513856,Output Sequence Length,tokens,p95,512.00
13,1789646588411513856,1789646598411513856,Output Sequence Length,tokens,p99,512.00
13,1789646588411513856,1789646598411513856,Output Sequence Length,tokens,std,0.00
13,1789646588411513856,1789646598411513856,Output Token Throughput,tokens/sec,avg,3276.80
13,1789646588411513856,1789646598411513856,Output Token Throughput Per User,tokens/sec/user,avg,67.84
13,1789646588411513856,1789646598411513856,Output Token Throughput Per User,tokens/sec/user,min,65.87
13,1789646588411513856,1789646598411513856,Output Token Throughput Per User,tokens/sec/user,max,68.75
13,1789646588411513856,1789646598411513856,Output Token Throughput Per User,tokens/sec/user,sum,4341.63
13,1789646588411513856,1789646598411513856,Output Token Throughput Per User,tokens/sec/user,p1,66.05
13,1789646588411513856,1789646598411513856,Output Token Throughput Per User,tokens/sec/user,p5,66.67
13,1789646588411513856,1789646598411513856,Output Token Throughput Per User,tokens/sec/user,p10,67.06
13,1789646588411513856,1789646598411513856,Output Token Throughput Per User,tokens/sec/user,p25,67.36
13,1789646588411513856,1789646598411513856,Output Token Throughput Per User,tokens/sec/user,p50,68.10
13,1789646588411513856,1789646598411513856,Output Token Throughput Per User,tokens/sec/user,p75,68.39
13,1789646588411513856,1789646598411513856,Output Token Throughput Per User,tokens/sec/user,p90,68.39
13,1789646588411513856,1789646598411513856,Output Token Throughput Per User,tokens/sec/user,p95,68.39
13,1789646588411513856,1789646598411513856,Output Token Throughput Per User,tokens/sec/user,p99,68.75
13,1789646588411513856,1789646598411513856,Output Token Throughput Per User,tokens/sec/user,std,0.65
13,1789646588411513856,1789646598411513856,Overall Usage Prompt Cache Read %,%,avg,92.50
13,1789646588411513856,1789646598411513856,Prefill Throughput Per User,tokens/sec/user,avg,2727.40
13,1789646588411513856,1789646598411513856,Prefill Throughput Per User,tokens/sec/user,min,2334.98
13,1789646588411513856,1789646598411513856,Prefill Throughput Per User,tokens/sec/user,max,5030.46
13,1789646588411513856,1789646598411513856,Prefill Throughput Per User,tokens/sec/user,sum,174553.77
13,1789646588411513856,1789646598411513856,Prefill Throughput Per User,tokens/sec/user,p1,2334.99
13,1789646588411513856,1789646598411513856,Prefill Throughput Per User,tokens/sec/user,p5,2335.31
13,1789646588411513856,1789646598411513856,Prefill Throughput Per User,tokens/sec/user,p10,2335.42
13,1789646588411513856,1789646598411513856,Prefill Throughput Per User,tokens/sec/user,p25,2335.90
13,1789646588411513856,1789646598411513856,Prefill Throughput Per User,tokens/sec/user,p50,2340.47
13,1789646588411513856,1789646598411513856,Prefill Throughput Per User,tokens/sec/user,p75,3090.84
13,1789646588411513856,1789646598411513856,Prefill Throughput Per User,tokens/sec/user,p90,3585.91
13,1789646588411513856,1789646598411513856,Prefill Throughput Per User,tokens/sec/user,p95,3591.99
13,1789646588411513856,1789646598411513856,Prefill Throughput Per User,tokens/sec/user,p99,5024.09
13,1789646588411513856,1789646598411513856,Prefill Throughput Per User,tokens/sec/user,std,602.04
13,1789646588411513856,1789646598411513856,Reasoning Token Count,tokens,avg,512.00
13,1789646588411513856,1789646598411513856,Reasoning Token Count,tokens,min,512.00
13,1789646588411513856,1789646598411513856,Reasoning Token Count,tokens,max,512.00
13,1789646588411513856,1789646598411513856,Reasoning Token Count,tokens,sum,32768.00
13,1789646588411513856,1789646598411513856,Reasoning Token Count,tokens,p1,512.00
13,1789646588411513856,1789646598411513856,Reasoning Token Count,tokens,p5,512.00
13,1789646588411513856,1789646598411513856,Reasoning Token Count,tokens,p10,512.00
13,1789646588411513856,1789646598411513856,Reasoning Token Count,tokens,p25,512.00
13,1789646588411513856,1789646598411513856,Reasoning Token Count,tokens,p50,512.00
13,1789646588411513856,1789646598411513856,Reasoning Token Count,tokens,p75,512.00
13,1789646588411513856,1789646598411513856,Reasoning Token Count,tokens,p90,512.00
13,1789646588411513856,1789646598411513856,Reasoning Token Count,tokens,p95,512.00
13,1789646588411513856,1789646598411513856,Reasoning Token Count,tokens,p99,512.00
13,1789646588411513856,1789646598411513856,Reasoning Token Count,tokens,std,0.00
13,1789646588411513856,1789646598411513856,Request Count,requests,avg,64.00
13,1789646588411513856,1789646598411513856,Request Latency,ms,avg,7954.62
13,1789646588411513856,1789646598411513856,Request Latency,ms,min,7776.61
13,1789646588411513856,1789646598411513856,Request Latency,ms,max,7978.27
13,1789646588411513856,1789646598411513856,Request Latency,ms,sum,509095.94
13,1789646588411513856,1789646598411513856,Request Latency,ms,p1,7797.51
13,1789646588411513856,1789646598411513856,Request Latency,ms,p5,7908.99
13,1789646588411513856,1789646598411513856,Request Latency,ms,p10,7944.37
13,1789646588411513856,1789646598411513856,Request Latency,ms,p25,7944.46
13,1789646588411513856,1789646598411513856,Request Latency,ms,p50,7947.85
13,1789646588411513856,1789646598411513856,Request Latency,ms,p75,7978.11
13,1789646588411513856,1789646598411513856,Request Latency,ms,p90,7978.18
13,1789646588411513856,1789646598411513856,Request Latency,ms,p95,7978.21
13,1789646588411513856,1789646598411513856,Request Latency,ms,p99,7978.26
13,1789646588411513856,1789646598411513856,Request Latency,ms,std,34.89
13,1789646588411513856,1789646598411513856,Request Throughput,requests/sec,avg,6.40
13,1789646588411513856,1789646598411513856,Time to First Token,ms,avg,421.28
13,1789646588411513856,1789646598411513856,Time to First Token,ms,min,220.06
13,1789646588411513856,1789646598411513856,Time to First Token,ms,max,474.09
13,1789646588411513856,1789646598411513856,Time to First Token,ms,sum,26961.78
13,1789646588411513856,1789646598411513856,Time to First Token,ms,p1,220.34
13,1789646588411513856,1789646598411513856,Time to First Token,ms,p5,308.19
13,1789646588411513856,1789646598411513856,Time to First Token,ms,p10,308.71
13,1789646588411513856,1789646598411513856,Time to First Token,ms,p25,358.16
13,1789646588411513856,1789646598411513856,Time to First Token,ms,p50,472.98
13,1789646588411513856,1789646598411513856,Time to First Token,ms,p75,473.91
13,1789646588411513856,1789646598411513856,Time to First Token,ms,p90,474.00
13,1789646588411513856,1789646598411513856,Time to First Token,ms,p95,474.03
13,1789646588411513856,1789646598411513856,Time to First Token,ms,p99,474.09
13,1789646588411513856,1789646598411513856,Time to First Token,ms,std,71.81
13,1789646588411513856,1789646598411513856,Time to Second Token,ms,avg,45.22
13,1789646588411513856,1789646598411513856,Time to Second Token,ms,min,1.07
13,1789646588411513856,1789646598411513856,Time to Second Token,ms,max,154.85
13,1789646588411513856,1789646598411513856,Time to Second Token,ms,sum,2894.24
13,1789646588411513856,1789646598411513856,Time to Second Token,ms,p1,1.12
13,1789646588411513856,1789646598411513856,Time to Second Token,ms,p5,1.20
13,1789646588411513856,1789646598411513856,Time to Second Token,ms,p10,2.85
13,1789646588411513856,1789646598411513856,Time to Second Token,ms,p25,2.88
13,1789646588411513856,1789646598411513856,Time to Second Token,ms,p50,2.97
13,1789646588411513856,1789646598411513856,Time to Second Token,ms,p75,153.49
13,1789646588411513856,1789646598411513856,Time to Second Token,ms,p90,154.00
13,1789646588411513856,1789646598411513856,Time to Second Token,ms,p95,154.03
13,1789646588411513856,1789646598411513856,Time to Second Token,ms,p99,154.78
13,1789646588411513856,1789646598411513856,Time to Second Token,ms,std,67.98
13,1789646588411513856,1789646598411513856,Tokens In Flight,tokens,avg,44166.00
13,1789646588411513856,1789646598411513856,Tokens In Flight,tokens,min,14816.70
13,1789646588411513856,1789646598411513856,Tokens In Flight,tokens,max,51751.70
13,1789646588411513856,1789646598411513856,Tokens In Flight,tokens,p50,44748.84
13,1789646588411513856,1789646598411513856,Tokens In Flight,tokens,p90,50699.45
13,1789646588411513856,1789646598411513856,Tokens In Flight,tokens,p95,51237.35
13,1789646588411513856,1789646598411513856,Tokens In Flight,tokens,p99,51627.00
13,1789646588411513856,1789646598411513856,Tokens In Flight,tokens,std,5312.08
13,1789646588411513856,1789646598411513856,Total Input Sequence Length,tokens,avg,70848.00
13,1789646588411513856,1789646598411513856,Total Output Sequence Length,tokens,avg,32768.00
13,1789646588411513856,1789646598411513856,Total Reasoning Tokens,tokens,avg,32768.00
13,1789646588411513856,1789646598411513856,Total Token Throughput,tokens/sec,avg,10361.60
13,1789646588411513856,1789646598411513856,Total Usage Completion Tokens,tokens,avg,32768.00
13,1789646588411513856,1789646598411513856,Total Usage Prompt Cache Read Tokens,tokens,avg,65536.00
13,1789646588411513856,1789646598411513856,Total Usage Prompt Tokens,tokens,avg,70848.00
13,1789646588411513856,1789646598411513856,Total Usage Reasoning Tokens,tokens,avg,32768.00
13,1789646588411513856,1789646598411513856,Total Usage Total Tokens,tokens,avg,103616.00
13,1789646588411513856,1789646598411513856,Usage Completion Tokens,tokens,avg,512.00
13,1789646588411513856,1789646598411513856,Usage Completion Tokens,tokens,min,512.00
13,1789646588411513856,1789646598411513856,Usage Completion Tokens,tokens,max,512.00
13,1789646588411513856,1789646598411513856,Usage Completion Tokens,tokens,sum,32768.00
13,1789646588411513856,1789646598411513856,Usage Completion Tokens,tokens,p1,512.00
13,1789646588411513856,1789646598411513856,Usage Completion Tokens,tokens,p5,512.00
13,1789646588411513856,1789646598411513856,Usage Completion Tokens,tokens,p10,512.00
13,1789646588411513856,1789646598411513856,Usage Completion Tokens,tokens,p25,512.00
13,1789646588411513856,1789646598411513856,Usage Completion Tokens,tokens,p50,512.00
13,1789646588411513856,1789646598411513856,Usage Completion Tokens,tokens,p75,512.00
13,1789646588411513856,1789646598411513856,Usage Completion Tokens,tokens,p90,512.00
13,1789646588411513856,1789646598411513856,Usage Completion Tokens,tokens,p95,512.00
13,1789646588411513856,1789646598411513856,Usage Completion Tokens,tokens,p99,512.00
13,1789646588411513856,1789646598411513856,Usage Completion Tokens,tokens,std,0.00
13,1789646588411513856,1789646598411513856,Usage Prompt Cache Read Tokens,tokens,avg,1024.00
13,1789646588411513856,1789646598411513856,Usage Prompt Cache Read Tokens,tokens,min,1024.00
13,1789646588411513856,1789646598411513856,Usage Prompt Cache Read Tokens,tokens,max,1024.00
13,1789646588411513856,1789646598411513856,Usage Prompt Cache Read Tokens,tokens,sum,65536.00
13,1789646588411513856,1789646598411513856,Usage Prompt Cache Read Tokens,tokens,p1,1024.00
13,1789646588411513856,1789646598411513856,Usage Prompt Cache Read Tokens,tokens,p5,1024.00
13,1789646588411513856,1789646598411513856,Usage Prompt Cache Read Tokens,tokens,p10,1024.00
13,1789646588411513856,1789646598411513856,Usage Prompt Cache Read Tokens,tokens,p25,1024.00
13,1789646588411513856,1789646598411513856,Usage Prompt Cache Read Tokens,tokens,p50,1024.00
13,1789646588411513856,1789646598411513856,Usage Prompt Cache Read Tokens,tokens,p75,1024.00
13,1789646588411513856,1789646598411513856,Usage Prompt Cache Read Tokens,tokens,p90,1024.00
13,1789646588411513856,1789646598411513856,Usage Prompt Cache Read Tokens,tokens,p95,1024.00
13,1789646588411513856,1789646598411513856,Usage Prompt Cache Read Tokens,tokens,p99,1024.00
13,1789646588411513856,1789646598411513856,Usage Prompt Cache Read Tokens,tokens,std,0.00
13,1789646588411513856,1789646598411513856,Usage Prompt Tokens,tokens,avg,1107.00
13,1789646588411513856,1789646598411513856,Usage Prompt Tokens,tokens,min,1107.00
13,1789646588411513856,1789646598411513856,Usage Prompt Tokens,tokens,max,1107.00
13,1789646588411513856,1789646598411513856,Usage Prompt Tokens,tokens,sum,70848.00
13,1789646588411513856,1789646598411513856,Usage Prompt Tokens,tokens,p1,1107.00
13,1789646588411513856,1789646598411513856,Usage Prompt Tokens,tokens,p5,1107.00
13,1789646588411513856,1789646598411513856,Usage Prompt Tokens,tokens,p10,1107.00
13,1789646588411513856,1789646598411513856,Usage Prompt Tokens,tokens,p25,1107.00
13,1789646588411513856,1789646598411513856,Usage Prompt Tokens,tokens,p50,1107.00
13,1789646588411513856,1789646598411513856,Usage Prompt Tokens,tokens,p75,1107.00
13,1789646588411513856,1789646598411513856,Usage Prompt Tokens,tokens,p90,1107.00
13,1789646588411513856,1789646598411513856,Usage Prompt Tokens,tokens,p95,1107.00
13,1789646588411513856,1789646598411513856,Usage Prompt Tokens,tokens,p99,1107.00
13,1789646588411513856,1789646598411513856,Usage Prompt Tokens,tokens,std,0.00
13,1789646588411513856,1789646598411513856,Usage Reasoning Tokens,tokens,avg,512.00
13,1789646588411513856,1789646598411513856,Usage Reasoning Tokens,tokens,min,512.00
13,1789646588411513856,1789646598411513856,Usage Reasoning Tokens,tokens,max,512.00
13,1789646588411513856,1789646598411513856,Usage Reasoning Tokens,tokens,sum,32768.00
13,1789646588411513856,1789646598411513856,Usage Reasoning Tokens,tokens,p1,512.00
13,1789646588411513856,1789646598411513856,Usage Reasoning Tokens,tokens,p5,512.00
13,1789646588411513856,1789646598411513856,Usage Reasoning Tokens,tokens,p10,512.00
13,1789646588411513856,1789646598411513856,Usage Reasoning Tokens,tokens,p25,512.00
13,1789646588411513856,1789646598411513856,Usage Reasoning Tokens,tokens,p50,512.00
13,1789646588411513856,1789646598411513856,Usage Reasoning Tokens,tokens,p75,512.00
13,1789646588411513856,1789646598411513856,Usage Reasoning Tokens,tokens,p90,512.00
13,1789646588411513856,1789646598411513856,Usage Reasoning Tokens,tokens,p95,512.00
13,1789646588411513856,1789646598411513856,Usage Reasoning Tokens,tokens,p99,512.00
13,1789646588411513856,1789646598411513856,Usage Reasoning Tokens,tokens,std,0.00
13,1789646588411513856,1789646598411513856,Usage Total Tokens,tokens,avg,1619.00
13,1789646588411513856,1789646598411513856,Usage Total Tokens,tokens,min,1619.00
13,1789646588411513856,1789646598411513856,Usage Total Tokens,tokens,max,1619.00
13,1789646588411513856,1789646598411513856,Usage Total Tokens,tokens,sum,103616.00
13,1789646588411513856,1789646598411513856,Usage Total Tokens,tokens,p1,1619.00
13,1789646588411513856,1789646598411513856,Usage Total Tokens,tokens,p5,1619.00
13,1789646588411513856,1789646598411513856,Usage Total Tokens,tokens,p10,1619.00
13,1789646588411513856,1789646598411513856,Usage Total Tokens,tokens,p25,1619.00
13,1789646588411513856,1789646598411513856,Usage Total Tokens,tokens,p50,1619.00
13,1789646588411513856,1789646598411513856,Usage Total Tokens,tokens,p75,1619.00
13,1789646588411513856,1789646598411513856,Usage Total Tokens,tokens,p90,1619.00
13,1789646588411513856,1789646598411513856,Usage Total Tokens,tokens,p95,1619.00
13,1789646588411513856,1789646598411513856,Usage Total Tokens,tokens,p99,1619.00
13,1789646588411513856,1789646598411513856,Usage Total Tokens,tokens,std,0.00
14,1789646598411513856,1789646608411513856,Active Decode Throughput,tokens/sec,avg,2089.88
14,1789646598411513856,1789646608411513856,Active Decode Throughput,tokens/sec,min,6.45
14,1789646598411513856,1789646608411513856,Active Decode Throughput,tokens/sec,max,10211.79
14,1789646598411513856,1789646608411513856,Active Decode Throughput,tokens/sec,p50,2171.22
14,1789646598411513856,1789646608411513856,Active Decode Throughput,tokens/sec,p90,2335.14
14,1789646598411513856,1789646608411513856,Active Decode Throughput,tokens/sec,p95,2436.84
14,1789646598411513856,1789646608411513856,Active Decode Throughput,tokens/sec,p99,3725.62
14,1789646598411513856,1789646608411513856,Active Decode Throughput,tokens/sec,std,608.20
14,1789646598411513856,1789646608411513856,Active Decode Throughput Per User,tokens/sec/user,avg,65.65
14,1789646598411513856,1789646608411513856,Active Decode Throughput Per User,tokens/sec/user,min,3.23
14,1789646598411513856,1789646608411513856,Active Decode Throughput Per User,tokens/sec/user,max,352.13
14,1789646598411513856,1789646608411513856,Active Decode Throughput Per User,tokens/sec/user,p50,67.85
14,1789646598411513856,1789646608411513856,Active Decode Throughput Per User,tokens/sec/user,p90,72.97
14,1789646598411513856,1789646608411513856,Active Decode Throughput Per User,tokens/sec/user,p95,76.15
14,1789646598411513856,1789646608411513856,Active Decode Throughput Per User,tokens/sec/user,p99,116.43
14,1789646598411513856,1789646608411513856,Active Decode Throughput Per User,tokens/sec/user,std,18.25
14,1789646598411513856,1789646608411513856,Active Prefill Throughput,tokens/sec,avg,64352.02
14,1789646598411513856,1789646608411513856,Active Prefill Throughput,tokens/sec,min,3565.60
14,1789646598411513856,1789646608411513856,Active Prefill Throughput,tokens/sec,max,81315.64
14,1789646598411513856,1789646608411513856,Active Prefill Throughput,tokens/sec,p50,75572.66
14,1789646598411513856,1789646608411513856,Active Prefill Throughput,tokens/sec,p90,81315.64
14,1789646598411513856,1789646608411513856,Active Prefill Throughput,tokens/sec,p95,81315.64
14,1789646598411513856,1789646608411513856,Active Prefill Throughput,tokens/sec,p99,81315.64
14,1789646598411513856,1789646608411513856,Active Prefill Throughput,tokens/sec,std,17746.43
14,1789646598411513856,1789646608411513856,Active Prefill Throughput Per User,tokens/sec/user,avg,2671.36
14,1789646598411513856,1789646608411513856,Active Prefill Throughput Per User,tokens/sec/user,min,2475.34
14,1789646598411513856,1789646608411513856,Active Prefill Throughput Per User,tokens/sec/user,max,4953.31
14,1789646598411513856,1789646608411513856,Active Prefill Throughput Per User,tokens/sec/user,p50,2605.95
14,1789646598411513856,1789646608411513856,Active Prefill Throughput Per User,tokens/sec/user,p90,2623.09
14,1789646598411513856,1789646608411513856,Active Prefill Throughput Per User,tokens/sec/user,p95,3259.58
14,1789646598411513856,1789646608411513856,Active Prefill Throughput Per User,tokens/sec/user,p99,4953.31
14,1789646598411513856,1789646608411513856,Active Prefill Throughput Per User,tokens/sec/user,std,422.95
14,1789646598411513856,1789646608411513856,Active Total Throughput,tokens/sec,avg,6191.44
14,1789646598411513856,1789646608411513856,Active Total Throughput,tokens/sec,min,2107.40
14,1789646598411513856,1789646608411513856,Active Total Throughput,tokens/sec,max,81381.74
14,1789646598411513856,1789646608411513856,Active Total Throughput,tokens/sec,p50,2173.55
14,1789646598411513856,1789646608411513856,Active Total Throughput,tokens/sec,p90,2173.55
14,1789646598411513856,1789646608411513856,Active Total Throughput,tokens/sec,p95,57537.43
14,1789646598411513856,1789646608411513856,Active Total Throughput,tokens/sec,p99,81381.74
14,1789646598411513856,1789646608411513856,Active Total Throughput,tokens/sec,std,15961.25
14,1789646598411513856,1789646608411513856,Benchmark Duration,sec,avg,8.18
14,1789646598411513856,1789646608411513856,Decode Duration,ms,avg,7527.05
14,1789646598411513856,1789646608411513856,Decode Duration,ms,min,7474.83
14,1789646598411513856,1789646608411513856,Decode Duration,ms,max,7730.08
14,1789646598411513856,1789646608411513856,Decode Duration,ms,sum,240865.74
14,1789646598411513856,1789646608411513856,Decode Duration,ms,p1,7474.84
14,1789646598411513856,1789646608411513856,Decode Duration,ms,p5,7474.86
14,1789646598411513856,1789646608411513856,Decode Duration,ms,p10,7474.87
14,1789646598411513856,1789646608411513856,Decode Duration,ms,p25,7474.89
14,1789646598411513856,1789646608411513856,Decode Duration,ms,p50,7474.94
14,1789646598411513856,1789646608411513856,Decode Duration,ms,p75,7590.27
14,1789646598411513856,1789646608411513856,Decode Duration,ms,p90,7638.60
14,1789646598411513856,1789646608411513856,Decode Duration,ms,p95,7644.01
14,1789646598411513856,1789646608411513856,Decode Duration,ms,p99,7703.41
14,1789646598411513856,1789646608411513856,Decode Duration,ms,std,72.19
14,1789646598411513856,1789646608411513856,E2E Output Token Throughput,tokens/sec/user,avg,64.38
14,1789646598411513856,1789646608411513856,E2E Output Token Throughput,tokens/sec/user,min,64.37
14,1789646598411513856,1789646608411513856,E2E Output Token Throughput,tokens/sec/user,max,64.51
14,1789646598411513856,1789646608411513856,E2E Output Token Throughput,tokens/sec/user,sum,2060.05
14,1789646598411513856,1789646608411513856,E2E Output Token Throughput,tokens/sec/user,p1,64.37
14,1789646598411513856,1789646608411513856,E2E Output Token Throughput,tokens/sec/user,p5,64.37
14,1789646598411513856,1789646608411513856,E2E Output Token Throughput,tokens/sec/user,p10,64.37
14,1789646598411513856,1789646608411513856,E2E Output Token Throughput,tokens/sec/user,p25,64.37
14,1789646598411513856,1789646608411513856,E2E Output Token Throughput,tokens/sec/user,p50,64.37
14,1789646598411513856,1789646608411513856,E2E Output Token Throughput,tokens/sec/user,p75,64.37
14,1789646598411513856,1789646608411513856,E2E Output Token Throughput,tokens/sec/user,p90,64.37
14,1789646598411513856,1789646608411513856,E2E Output Token Throughput,tokens/sec/user,p95,64.37
14,1789646598411513856,1789646608411513856,E2E Output Token Throughput,tokens/sec/user,p99,64.47
14,1789646598411513856,1789646608411513856,E2E Output Token Throughput,tokens/sec/user,std,0.02
14,1789646598411513856,1789646608411513856,Effective Concurrency,requests,avg,31.99
14,1789646598411513856,1789646608411513856,Effective Concurrency,requests,min,12.00
14,1789646598411513856,1789646608411513856,Effective Concurrency,requests,max,32.00
14,1789646598411513856,1789646608411513856,Effective Concurrency,requests,p50,32.00
14,1789646598411513856,1789646608411513856,Effective Concurrency,requests,p90,32.00
14,1789646598411513856,1789646608411513856,Effective Concurrency,requests,p95,32.00
14,1789646598411513856,1789646608411513856,Effective Concurrency,requests,p99,32.00
14,1789646598411513856,1789646608411513856,Effective Concurrency,requests,std,0.38
14,1789646598411513856,1789646608411513856,Effective Decode Concurrency,requests,avg,30.39
14,1789646598411513856,1789646608411513856,Effective Decode Concurrency,requests,min,1.00
14,1789646598411513856,1789646608411513856,Effective Decode Concurrency,requests,max,32.00
14,1789646598411513856,1789646608411513856,Effective Decode Concurrency,requests,p50,32.00
14,1789646598411513856,1789646608411513856,Effective Decode Concurrency,requests,p90,32.00
14,1789646598411513856,1789646608411513856,Effective Decode Concurrency,requests,p95,32.00
14,1789646598411513856,1789646608411513856,Effective Decode Concurrency,requests,p99,32.00
14,1789646598411513856,1789646608411513856,Effective Decode Concurrency,requests,std,6.38
14,1789646598411513856,1789646608411513856,Effective Decode Throughput,tokens/sec,avg,2089.88
14,1789646598411513856,1789646608411513856,Effective Decode Throughput,tokens/sec,min,6.45
14,1789646598411513856,1789646608411513856,Effective Decode Throughput,tokens/sec,max,10211.79
14,1789646598411513856,1789646608411513856,Effective Decode Throughput,tokens/sec,p50,2171.22
14,1789646598411513856,1789646608411513856,Effective Decode Throughput,tokens/sec,p90,2335.14
14,1789646598411513856,1789646608411513856,Effective Decode Throughput,tokens/sec,p95,2436.84
14,1789646598411513856,1789646608411513856,Effective Decode Throughput,tokens/sec,p99,3725.62
14,1789646598411513856,1789646608411513856,Effective Decode Throughput,tokens/sec,std,608.20
14,1789646598411513856,1789646608411513856,Effective Decode Throughput Per User,tokens/sec/user,avg,65.65
14,1789646598411513856,1789646608411513856,Effective Decode Throughput Per User,tokens/sec/user,min,3.23
14,1789646598411513856,1789646608411513856,Effective Decode Throughput Per User,tokens/sec/user,max,352.13
14,1789646598411513856,1789646608411513856,Effective Decode Throughput Per User,tokens/sec/user,p50,67.85
14,1789646598411513856,1789646608411513856,Effective Decode Throughput Per User,tokens/sec/user,p90,72.97
14,1789646598411513856,1789646608411513856,Effective Decode Throughput Per User,tokens/sec/user,p95,76.15
14,1789646598411513856,1789646608411513856,Effective Decode Throughput Per User,tokens/sec/user,p99,116.43
14,1789646598411513856,1789646608411513856,Effective Decode Throughput Per User,tokens/sec/user,std,18.25
14,1789646598411513856,1789646608411513856,Effective Prefill Concurrency,requests,avg,1.60
14,1789646598411513856,1789646608411513856,Effective Prefill Concurrency,requests,min,0.00
14,1789646598411513856,1789646608411513856,Effective Prefill Concurrency,requests,max,31.00
14,1789646598411513856,1789646608411513856,Effective Prefill Concurrency,requests,p50,0.00
14,1789646598411513856,1789646608411513856,Effective Prefill Concurrency,requests,p90,0.00
14,1789646598411513856,1789646608411513856,Effective Prefill Concurrency,requests,p95,23.00
14,1789646598411513856,1789646608411513856,Effective Prefill Concurrency,requests,p99,31.00
14,1789646598411513856,1789646608411513856,Effective Prefill Concurrency,requests,std,6.35
14,1789646598411513856,1789646608411513856,Effective Prefill Throughput,tokens/sec,avg,4127.48
14,1789646598411513856,1789646608411513856,Effective Prefill Throughput,tokens/sec,min,0.00
14,1789646598411513856,1789646608411513856,Effective Prefill Throughput,tokens/sec,max,81315.64
14,1789646598411513856,1789646608411513856,Effective Prefill Throughput,tokens/sec,p50,0.00
14,1789646598411513856,1789646608411513856,Effective Prefill Throughput,tokens/sec,p90,0.00
14,1789646598411513856,1789646608411513856,Effective Prefill Throughput,tokens/sec,p95,56932.75
14,1789646598411513856,1789646608411513856,Effective Prefill Throughput,tokens/sec,p99,81315.64
14,1789646598411513856,1789646608411513856,Effective Prefill Throughput,tokens/sec,std,16394.36
14,1789646598411513856,1789646608411513856,Effective Prefill Throughput Per User,tokens/sec/user,avg,171.34
14,1789646598411513856,1789646608411513856,Effective Prefill Throughput Per User,tokens/sec/user,min,0.00
14,1789646598411513856,1789646608411513856,Effective Prefill Throughput Per User,tokens/sec/user,max,4953.31
14,1789646598411513856,1789646608411513856,Effective Prefill Throughput Per User,tokens/sec/user,p50,0.00
14,1789646598411513856,1789646608411513856,Effective Prefill Throughput Per User,tokens/sec/user,p90,0.00
14,1789646598411513856,1789646608411513856,Effective Prefill Throughput Per User,tokens/sec/user,p95,2475.34
14,1789646598411513856,1789646608411513856,Effective Prefill Throughput Per User,tokens/sec/user,p99,2623.09
14,1789646598411513856,1789646608411513856,Effective Prefill Throughput Per User,tokens/sec/user,std,663.19
14,1789646598411513856,1789646608411513856,Effective Total Throughput,tokens/sec,avg,6191.44
14,1789646598411513856,1789646608411513856,Effective Total Throughput,tokens/sec,min,2107.40
14,1789646598411513856,1789646608411513856,Effective Total Throughput,tokens/sec,max,81381.74
14,1789646598411513856,1789646608411513856,Effective Total Throughput,tokens/sec,p50,2173.55
14,1789646598411513856,1789646608411513856,Effective Total Throughput,tokens/sec,p90,2173.55
14,1789646598411513856,1789646608411513856,Effective Total Throughput,tokens/sec,p95,57537.43
14,1789646598411513856,1789646608411513856,Effective Total Throughput,tokens/sec,p99,81381.74
14,1789646598411513856,1789646608411513856,Effective Total Throughput,tokens/sec,std,15961.25
14,1789646598411513856,1789646608411513856,HTTP Blocked,ms,avg,0.00
14,1789646598411513856,1789646608411513856,HTTP Blocked,ms,min,0.00
14,1789646598411513856,1789646608411513856,HTTP Blocked,ms,max,0.00
14,1789646598411513856,1789646608411513856,HTTP Blocked,ms,sum,0.00
14,1789646598411513856,1789646608411513856,HTTP Blocked,ms,p1,0.00
14,1789646598411513856,1789646608411513856,HTTP Blocked,ms,p5,0.00
14,1789646598411513856,1789646608411513856,HTTP Blocked,ms,p10,0.00
14,1789646598411513856,1789646608411513856,HTTP Blocked,ms,p25,0.00
14,1789646598411513856,1789646608411513856,HTTP Blocked,ms,p50,0.00
14,1789646598411513856,1789646608411513856,HTTP Blocked,ms,p75,0.00
14,1789646598411513856,1789646608411513856,HTTP Blocked,ms,p90,0.00
14,1789646598411513856,1789646608411513856,HTTP Blocked,ms,p95,0.00
14,1789646598411513856,1789646608411513856,HTTP Blocked,ms,p99,0.00
14,1789646598411513856,1789646608411513856,HTTP Blocked,ms,std,0.00
14,1789646598411513856,1789646608411513856,HTTP Chunks Received,count,avg,469.78
14,1789646598411513856,1789646608411513856,HTTP Chunks Received,count,min,433.00
14,1789646598411513856,1789646608411513856,HTTP Chunks Received,count,max,508.00
14,1789646598411513856,1789646608411513856,HTTP Chunks Received,count,sum,15033.00
14,1789646598411513856,1789646608411513856,HTTP Chunks Received,count,p1,436.72
14,1789646598411513856,1789646608411513856,HTTP Chunks Received,count,p5,445.55
14,1789646598411513856,1789646608411513856,HTTP Chunks Received,count,p10,447.10
14,1789646598411513856,1789646608411513856,HTTP Chunks Received,count,p25,464.00
14,1789646598411513856,1789646608411513856,HTTP Chunks Received,count,p50,470.50
14,1789646598411513856,1789646608411513856,HTTP Chunks Received,count,p75,475.25
14,1789646598411513856,1789646608411513856,HTTP Chunks Received,count,p90,484.90
14,1789646598411513856,1789646608411513856,HTTP Chunks Received,count,p95,497.65
14,1789646598411513856,1789646608411513856,HTTP Chunks Received,count,p99,507.69
14,1789646598411513856,1789646608411513856,HTTP Chunks Received,count,std,15.71
14,1789646598411513856,1789646608411513856,HTTP Chunks Sent,count,avg,1.00
14,1789646598411513856,1789646608411513856,HTTP Chunks Sent,count,min,1.00
14,1789646598411513856,1789646608411513856,HTTP Chunks Sent,count,max,1.00
14,1789646598411513856,1789646608411513856,HTTP Chunks Sent,count,sum,32.00
14,1789646598411513856,1789646608411513856,HTTP Chunks Sent,count,p1,1.00
14,1789646598411513856,1789646608411513856,HTTP Chunks Sent,count,p5,1.00
14,1789646598411513856,1789646608411513856,HTTP Chunks Sent,count,p10,1.00
14,1789646598411513856,1789646608411513856,HTTP Chunks Sent,count,p25,1.00
14,1789646598411513856,1789646608411513856,HTTP Chunks Sent,count,p50,1.00
14,1789646598411513856,1789646608411513856,HTTP Chunks Sent,count,p75,1.00
14,1789646598411513856,1789646608411513856,HTTP Chunks Sent,count,p90,1.00
14,1789646598411513856,1789646608411513856,HTTP Chunks Sent,count,p95,1.00
14,1789646598411513856,1789646608411513856,HTTP Chunks Sent,count,p99,1.00
14,1789646598411513856,1789646608411513856,HTTP Chunks Sent,count,std,0.00
14,1789646598411513856,1789646608411513856,HTTP Connecting,ms,avg,0.00
14,1789646598411513856,1789646608411513856,HTTP Connecting,ms,min,0.00
14,1789646598411513856,1789646608411513856,HTTP Connecting,ms,max,0.00
14,1789646598411513856,1789646608411513856,HTTP Connecting,ms,sum,0.00
14,1789646598411513856,1789646608411513856,HTTP Connecting,ms,p1,0.00
14,1789646598411513856,1789646608411513856,HTTP Connecting,ms,p5,0.00
14,1789646598411513856,1789646608411513856,HTTP Connecting,ms,p10,0.00
14,1789646598411513856,1789646608411513856,HTTP Connecting,ms,p25,0.00
14,1789646598411513856,1789646608411513856,HTTP Connecting,ms,p50,0.00
14,1789646598411513856,1789646608411513856,HTTP Connecting,ms,p75,0.00
14,1789646598411513856,1789646608411513856,HTTP Connecting,ms,p90,0.00
14,1789646598411513856,1789646608411513856,HTTP Connecting,ms,p95,0.00
14,1789646598411513856,1789646608411513856,HTTP Connecting,ms,p99,0.00
14,1789646598411513856,1789646608411513856,HTTP Connecting,ms,std,0.00
14,1789646598411513856,1789646608411513856,HTTP Connection Overhead,ms,avg,0.00
14,1789646598411513856,1789646608411513856,HTTP Connection Overhead,ms,min,0.00
14,1789646598411513856,1789646608411513856,HTTP Connection Overhead,ms,max,0.00
14,1789646598411513856,1789646608411513856,HTTP Connection Overhead,ms,sum,0.00
14,1789646598411513856,1789646608411513856,HTTP Connection Overhead,ms,p1,0.00
14,1789646598411513856,1789646608411513856,HTTP Connection Overhead,ms,p5,0.00
14,1789646598411513856,1789646608411513856,HTTP Connection Overhead,ms,p10,0.00
14,1789646598411513856,1789646608411513856,HTTP Connection Overhead,ms,p25,0.00
14,1789646598411513856,1789646608411513856,HTTP Connection Overhead,ms,p50,0.00
14,1789646598411513856,1789646608411513856,HTTP Connection Overhead,ms,p75,0.00
14,1789646598411513856,1789646608411513856,HTTP Connection Overhead,ms,p90,0.00
14,1789646598411513856,1789646608411513856,HTTP Connection Overhead,ms,p95,0.00
14,1789646598411513856,1789646608411513856,HTTP Connection Overhead,ms,p99,0.00
14,1789646598411513856,1789646608411513856,HTTP Connection Overhead,ms,std,0.00
14,1789646598411513856,1789646608411513856,HTTP Connection Reused,ratio,avg,1.00
14,1789646598411513856,1789646608411513856,HTTP Connection Reused,ratio,min,1.00
14,1789646598411513856,1789646608411513856,HTTP Connection Reused,ratio,max,1.00
14,1789646598411513856,1789646608411513856,HTTP Connection Reused,ratio,sum,32.00
14,1789646598411513856,1789646608411513856,HTTP Connection Reused,ratio,p1,1.00
14,1789646598411513856,1789646608411513856,HTTP Connection Reused,ratio,p5,1.00
14,1789646598411513856,1789646608411513856,HTTP Connection Reused,ratio,p10,1.00
14,1789646598411513856,1789646608411513856,HTTP Connection Reused,ratio,p25,1.00
14,1789646598411513856,1789646608411513856,HTTP Connection Reused,ratio,p50,1.00
14,1789646598411513856,1789646608411513856,HTTP Connection Reused,ratio,p75,1.00
14,1789646598411513856,1789646608411513856,HTTP Connection Reused,ratio,p90,1.00
14,1789646598411513856,1789646608411513856,HTTP Connection Reused,ratio,p95,1.00
14,1789646598411513856,1789646608411513856,HTTP Connection Reused,ratio,p99,1.00
14,1789646598411513856,1789646608411513856,HTTP Connection Reused,ratio,std,0.00
14,1789646598411513856,1789646608411513856,HTTP Data Received,KB,avg,125.27
14,1789646598411513856,1789646608411513856,HTTP Data Received,KB,min,115.52
14,1789646598411513856,1789646608411513856,HTTP Data Received,KB,max,135.22
14,1789646598411513856,1789646608411513856,HTTP Data Received,KB,sum,4008.69
14,1789646598411513856,1789646608411513856,HTTP Data Received,KB,p1,116.55
14,1789646598411513856,1789646608411513856,HTTP Data Received,KB,p5,118.85
14,1789646598411513856,1789646608411513856,HTTP Data Received,KB,p10,119.33
14,1789646598411513856,1789646608411513856,HTTP Data Received,KB,p25,123.72
14,1789646598411513856,1789646608411513856,HTTP Data Received,KB,p50,125.42
14,1789646598411513856,1789646608411513856,HTTP Data Received,KB,p75,126.71
14,1789646598411513856,1789646608411513856,HTTP Data Received,KB,p90,129.20
14,1789646598411513856,1789646608411513856,HTTP Data Received,KB,p95,132.70
14,1789646598411513856,1789646608411513856,HTTP Data Received,KB,p99,135.20
14,1789646598411513856,1789646608411513856,HTTP Data Received,KB,std,4.14
14,1789646598411513856,1789646608411513856,HTTP Data Sent,KB,avg,4.54
14,1789646598411513856,1789646608411513856,HTTP Data Sent,KB,min,4.16
14,1789646598411513856,1789646608411513856,HTTP Data Sent,KB,max,4.96
14,1789646598411513856,1789646608411513856,HTTP Data Sent,KB,sum,145.15
14,1789646598411513856,1789646608411513856,HTTP Data Sent,KB,p1,4.16
14,1789646598411513856,1789646608411513856,HTTP Data Sent,KB,p5,4.20
14,1789646598411513856,1789646608411513856,HTTP Data Sent,KB,p10,4.26
14,1789646598411513856,1789646608411513856,HTTP Data Sent,KB,p25,4.44
14,1789646598411513856,1789646608411513856,HTTP Data Sent,KB,p50,4.50
14,1789646598411513856,1789646608411513856,HTTP Data Sent,KB,p75,4.65
14,1789646598411513856,1789646608411513856,HTTP Data Sent,KB,p90,4.85
14,1789646598411513856,1789646608411513856,HTTP Data Sent,KB,p95,4.87
14,1789646598411513856,1789646608411513856,HTTP Data Sent,KB,p99,4.94
14,1789646598411513856,1789646608411513856,HTTP Data Sent,KB,std,0.20
14,1789646598411513856,1789646608411513856,HTTP DNS Lookup,ms,avg,0.00
14,1789646598411513856,1789646608411513856,HTTP DNS Lookup,ms,min,0.00
14,1789646598411513856,1789646608411513856,HTTP DNS Lookup,ms,max,0.00
14,1789646598411513856,1789646608411513856,HTTP DNS Lookup,ms,sum,0.00
14,1789646598411513856,1789646608411513856,HTTP DNS Lookup,ms,p1,0.00
14,1789646598411513856,1789646608411513856,HTTP DNS Lookup,ms,p5,0.00
14,1789646598411513856,1789646608411513856,HTTP DNS Lookup,ms,p10,0.00
14,1789646598411513856,1789646608411513856,HTTP DNS Lookup,ms,p25,0.00
14,1789646598411513856,1789646608411513856,HTTP DNS Lookup,ms,p50,0.00
14,1789646598411513856,1789646608411513856,HTTP DNS Lookup,ms,p75,0.00
14,1789646598411513856,1789646608411513856,HTTP DNS Lookup,ms,p90,0.00
14,1789646598411513856,1789646608411513856,HTTP DNS Lookup,ms,p95,0.00
14,1789646598411513856,1789646608411513856,HTTP DNS Lookup,ms,p99,0.00
14,1789646598411513856,1789646608411513856,HTTP DNS Lookup,ms,std,0.00
14,1789646598411513856,1789646608411513856,HTTP Duration (excl. conn),ms,avg,7953.69
14,1789646598411513856,1789646608411513856,HTTP Duration (excl. conn),ms,min,7953.29
14,1789646598411513856,1789646608411513856,HTTP Duration (excl. conn),ms,max,7954.49
14,1789646598411513856,1789646608411513856,HTTP Duration (excl. conn),ms,sum,254518.11
14,1789646598411513856,1789646608411513856,HTTP Duration (excl. conn),ms,p1,7953.31
14,1789646598411513856,1789646608411513856,HTTP Duration (excl. conn),ms,p5,7953.41
14,1789646598411513856,1789646608411513856,HTTP Duration (excl. conn),ms,p10,7953.45
14,1789646598411513856,1789646608411513856,HTTP Duration (excl. conn),ms,p25,7953.56
14,1789646598411513856,1789646608411513856,HTTP Duration (excl. conn),ms,p50,7953.67
14,1789646598411513856,1789646608411513856,HTTP Duration (excl. conn),ms,p75,7953.73
14,1789646598411513856,1789646608411513856,HTTP Duration (excl. conn),ms,p90,7953.79
14,1789646598411513856,1789646608411513856,HTTP Duration (excl. conn),ms,p95,7954.38
14,1789646598411513856,1789646608411513856,HTTP Duration (excl. conn),ms,p99,7954.46
14,1789646598411513856,1789646608411513856,HTTP Duration (excl. conn),ms,std,0.26
14,1789646598411513856,1789646608411513856,HTTP Receiving,ms,avg,7527.59
14,1789646598411513856,1789646608411513856,HTTP Receiving,ms,min,7474.83
14,1789646598411513856,1789646608411513856,HTTP Receiving,ms,max,7730.08
14,1789646598411513856,1789646608411513856,HTTP Receiving,ms,sum,240882.72
14,1789646598411513856,1789646608411513856,HTTP Receiving,ms,p1,7474.84
14,1789646598411513856,1789646608411513856,HTTP Receiving,ms,p5,7474.86
14,1789646598411513856,1789646608411513856,HTTP Receiving,ms,p10,7474.87
14,1789646598411513856,1789646608411513856,HTTP Receiving,ms,p25,7474.90
14,1789646598411513856,1789646608411513856,HTTP Receiving,ms,p50,7474.94
14,1789646598411513856,1789646608411513856,HTTP Receiving,ms,p75,7590.30
14,1789646598411513856,1789646608411513856,HTTP Receiving,ms,p90,7638.60
14,1789646598411513856,1789646608411513856,HTTP Receiving,ms,p95,7644.01
14,1789646598411513856,1789646608411513856,HTTP Receiving,ms,p99,7703.41
14,1789646598411513856,1789646608411513856,HTTP Receiving,ms,std,72.59
14,1789646598411513856,1789646608411513856,HTTP Sending,ms,avg,0.14
14,1789646598411513856,1789646608411513856,HTTP Sending,ms,min,0.12
14,1789646598411513856,1789646608411513856,HTTP Sending,ms,max,0.16
14,1789646598411513856,1789646608411513856,HTTP Sending,ms,sum,4.51
14,1789646598411513856,1789646608411513856,HTTP Sending,ms,p1,0.13
14,1789646598411513856,1789646608411513856,HTTP Sending,ms,p5,0.13
14,1789646598411513856,1789646608411513856,HTTP Sending,ms,p10,0.13
14,1789646598411513856,1789646608411513856,HTTP Sending,ms,p25,0.13
14,1789646598411513856,1789646608411513856,HTTP Sending,ms,p50,0.14
14,1789646598411513856,1789646608411513856,HTTP Sending,ms,p75,0.15
14,1789646598411513856,1789646608411513856,HTTP Sending,ms,p90,0.15
14,1789646598411513856,1789646608411513856,HTTP Sending,ms,p95,0.15
14,1789646598411513856,1789646608411513856,HTTP Sending,ms,p99,0.15
14,1789646598411513856,1789646608411513856,HTTP Sending,ms,std,0.01
14,1789646598411513856,1789646608411513856,HTTP Total Time,ms,avg,7953.69
14,1789646598411513856,1789646608411513856,HTTP Total Time,ms,min,7953.29
14,1789646598411513856,1789646608411513856,HTTP Total Time,ms,max,7954.49
14,1789646598411513856,1789646608411513856,HTTP Total Time,ms,sum,254518.11
14,1789646598411513856,1789646608411513856,HTTP Total Time,ms,p1,7953.31
14,1789646598411513856,1789646608411513856,HTTP Total Time,ms,p5,7953.41
14,1789646598411513856,1789646608411513856,HTTP Total Time,ms,p10,7953.45
14,1789646598411513856,1789646608411513856,HTTP Total Time,ms,p25,7953.56
14,1789646598411513856,1789646608411513856,HTTP Total Time,ms,p50,7953.67
14,1789646598411513856,1789646608411513856,HTTP Total Time,ms,p75,7953.73
14,1789646598411513856,1789646608411513856,HTTP Total Time,ms,p90,7953.79
14,1789646598411513856,1789646608411513856,HTTP Total Time,ms,p95,7954.38
14,1789646598411513856,1789646608411513856,HTTP Total Time,ms,p99,7954.46
14,1789646598411513856,1789646608411513856,HTTP Total Time,ms,std,0.26
14,1789646598411513856,1789646608411513856,HTTP Waiting (TTFB),ms,avg,425.97
14,1789646598411513856,1789646608411513856,HTTP Waiting (TTFB),ms,min,223.30
14,1789646598411513856,1789646608411513856,HTTP Waiting (TTFB),ms,max,478.77
14,1789646598411513856,1789646608411513856,HTTP Waiting (TTFB),ms,sum,13630.88
14,1789646598411513856,1789646608411513856,HTTP Waiting (TTFB),ms,p1,250.26
14,1789646598411513856,1789646608411513856,HTTP Waiting (TTFB),ms,p5,310.28
14,1789646598411513856,1789646608411513856,HTTP Waiting (TTFB),ms,p10,315.55
14,1789646598411513856,1789646608411513856,HTTP Waiting (TTFB),ms,p25,363.02
14,1789646598411513856,1789646608411513856,HTTP Waiting (TTFB),ms,p50,478.59
14,1789646598411513856,1789646608411513856,HTTP Waiting (TTFB),ms,p75,478.65
14,1789646598411513856,1789646608411513856,HTTP Waiting (TTFB),ms,p90,478.70
14,1789646598411513856,1789646608411513856,HTTP Waiting (TTFB),ms,p95,478.73
14,1789646598411513856,1789646608411513856,HTTP Waiting (TTFB),ms,p99,478.76
14,1789646598411513856,1789646608411513856,HTTP Waiting (TTFB),ms,std,72.55
14,1789646598411513856,1789646608411513856,Input Sequence Length,tokens,avg,1107.00
14,1789646598411513856,1789646608411513856,Input Sequence Length,tokens,min,1107.00
14,1789646598411513856,1789646608411513856,Input Sequence Length,tokens,max,1107.00
14,1789646598411513856,1789646608411513856,Input Sequence Length,tokens,sum,35424.00
14,1789646598411513856,1789646608411513856,Input Sequence Length,tokens,p1,1107.00
14,1789646598411513856,1789646608411513856,Input Sequence Length,tokens,p5,1107.00
14,1789646598411513856,1789646608411513856,Input Sequence Length,tokens,p10,1107.00
14,1789646598411513856,1789646608411513856,Input Sequence Length,tokens,p25,1107.00
14,1789646598411513856,1789646608411513856,Input Sequence Length,tokens,p50,1107.00
14,1789646598411513856,1789646608411513856,Input Sequence Length,tokens,p75,1107.00
14,1789646598411513856,1789646608411513856,Input Sequence Length,tokens,p90,1107.00
14,1789646598411513856,1789646608411513856,Input Sequence Length,tokens,p95,1107.00
14,1789646598411513856,1789646608411513856,Input Sequence Length,tokens,p99,1107.00
14,1789646598411513856,1789646608411513856,Input Sequence Length,tokens,std,0.00
14,1789646598411513856,1789646608411513856,Input Token Throughput,tokens/sec,avg,3542.40
14,1789646598411513856,1789646608411513856,Inter Chunk Latency,ms,avg,16.06
14,1789646598411513856,1789646608411513856,Inter Chunk Latency,ms,min,1.07
14,1789646598411513856,1789646608411513856,Inter Chunk Latency,ms,max,172.02
14,1789646598411513856,1789646608411513856,Inter Chunk Latency,ms,sum,240865.74
14,1789646598411513856,1789646608411513856,Inter Chunk Latency,ms,p1,9.06
14,1789646598411513856,1789646608411513856,Inter Chunk Latency,ms,p5,13.39
14,1789646598411513856,1789646608411513856,Inter Chunk Latency,ms,p10,14.18
14,1789646598411513856,1789646608411513856,Inter Chunk Latency,ms,p25,14.59
14,1789646598411513856,1789646608411513856,Inter Chunk Latency,ms,p50,14.89
14,1789646598411513856,1789646608411513856,Inter Chunk Latency,ms,p75,15.25
14,1789646598411513856,1789646608411513856,Inter Chunk Latency,ms,p90,15.76
14,1789646598411513856,1789646608411513856,Inter Chunk Latency,ms,p95,29.50
14,1789646598411513856,1789646608411513856,Inter Chunk Latency,ms,p99,30.75
14,1789646598411513856,1789646608411513856,Inter Chunk Latency,ms,std,6.23
14,1789646598411513856,1789646608411513856,Inter Token Latency,ms,avg,14.73
14,1789646598411513856,1789646608411513856,Inter Token Latency,ms,min,14.63
14,1789646598411513856,1789646608411513856,Inter Token Latency,ms,max,15.13
14,1789646598411513856,1789646608411513856,Inter Token Latency,ms,sum,471.36
14,1789646598411513856,1789646608411513856,Inter Token Latency,ms,p1,14.63
14,1789646598411513856,1789646608411513856,Inter Token Latency,ms,p5,14.63
14,1789646598411513856,1789646608411513856,Inter Token Latency,ms,p10,14.63
14,1789646598411513856,1789646608411513856,Inter Token Latency,ms,p25,14.63
14,1789646598411513856,1789646608411513856,Inter Token Latency,ms,p50,14.63
14,1789646598411513856,1789646608411513856,Inter Token Latency,ms,p75,14.85
14,1789646598411513856,1789646608411513856,Inter Token Latency,ms,p90,14.95
14,1789646598411513856,1789646608411513856,Inter Token Latency,ms,p95,14.96
14,1789646598411513856,1789646608411513856,Inter Token Latency,ms,p99,15.08
14,1789646598411513856,1789646608411513856,Inter Token Latency,ms,std,0.14
14,1789646598411513856,1789646608411513856,OSL Mismatch Count,requests,avg,0.00
14,1789646598411513856,1789646608411513856,OSL Mismatch Diff %,%,avg,0.00
14,1789646598411513856,1789646608411513856,OSL Mismatch Diff %,%,min,0.00
14,1789646598411513856,1789646608411513856,OSL Mismatch Diff %,%,max,0.00
14,1789646598411513856,1789646608411513856,OSL Mismatch Diff %,%,sum,0.00
14,1789646598411513856,1789646608411513856,OSL Mismatch Diff %,%,p1,0.00
14,1789646598411513856,1789646608411513856,OSL Mismatch Diff %,%,p5,0.00
14,1789646598411513856,1789646608411513856,OSL Mismatch Diff %,%,p10,0.00
14,1789646598411513856,1789646608411513856,OSL Mismatch Diff %,%,p25,0.00
14,1789646598411513856,1789646608411513856,OSL Mismatch Diff %,%,p50,0.00
14,1789646598411513856,1789646608411513856,OSL Mismatch Diff %,%,p75,0.00
14,1789646598411513856,1789646608411513856,OSL Mismatch Diff %,%,p90,0.00
14,1789646598411513856,1789646608411513856,OSL Mismatch Diff %,%,p95,0.00
14,1789646598411513856,1789646608411513856,OSL Mismatch Diff %,%,p99,0.00
14,1789646598411513856,1789646608411513856,OSL Mismatch Diff %,%,std,0.00
14,1789646598411513856,1789646608411513856,Output Sequence Length,tokens,avg,512.00
14,1789646598411513856,1789646608411513856,Output Sequence Length,tokens,min,512.00
14,1789646598411513856,1789646608411513856,Output Sequence Length,tokens,max,512.00
14,1789646598411513856,1789646608411513856,Output Sequence Length,tokens,sum,16384.00
14,1789646598411513856,1789646608411513856,Output Sequence Length,tokens,p1,512.00
14,1789646598411513856,1789646608411513856,Output Sequence Length,tokens,p5,512.00
14,1789646598411513856,1789646608411513856,Output Sequence Length,tokens,p10,512.00
14,1789646598411513856,1789646608411513856,Output Sequence Length,tokens,p25,512.00
14,1789646598411513856,1789646608411513856,Output Sequence Length,tokens,p50,512.00
14,1789646598411513856,1789646608411513856,Output Sequence Length,tokens,p75,512.00
14,1789646598411513856,1789646608411513856,Output Sequence Length,tokens,p90,512.00
14,1789646598411513856,1789646608411513856,Output Sequence Length,tokens,p95,512.00
14,1789646598411513856,1789646608411513856,Output Sequence Length,tokens,p99,512.00
14,1789646598411513856,1789646608411513856,Output Sequence Length,tokens,std,0.00
14,1789646598411513856,1789646608411513856,Output Token Throughput,tokens/sec,avg,1638.40
14,1789646598411513856,1789646608411513856,Output Token Throughput Per User,tokens/sec/user,avg,67.89
14,1789646598411513856,1789646608411513856,Output Token Throughput Per User,tokens/sec/user,min,66.11
14,1789646598411513856,1789646608411513856,Output Token Throughput Per User,tokens/sec/user,max,68.36
14,1789646598411513856,1789646608411513856,Output Token Throughput Per User,tokens/sec/user,sum,2172.63
14,1789646598411513856,1789646608411513856,Output Token Throughput Per User,tokens/sec/user,p1,66.34
14,1789646598411513856,1789646608411513856,Output Token Throughput Per User,tokens/sec/user,p5,66.85
14,1789646598411513856,1789646608411513856,Output Token Throughput Per User,tokens/sec/user,p10,66.90
14,1789646598411513856,1789646608411513856,Output Token Throughput Per User,tokens/sec/user,p25,67.32
14,1789646598411513856,1789646608411513856,Output Token Throughput Per User,tokens/sec/user,p50,68.36
14,1789646598411513856,1789646608411513856,Output Token Throughput Per User,tokens/sec/user,p75,68.36
14,1789646598411513856,1789646608411513856,Output Token Throughput Per User,tokens/sec/user,p90,68.36
14,1789646598411513856,1789646608411513856,Output Token Throughput Per User,tokens/sec/user,p95,68.36
14,1789646598411513856,1789646608411513856,Output Token Throughput Per User,tokens/sec/user,p99,68.36
14,1789646598411513856,1789646608411513856,Output Token Throughput Per User,tokens/sec/user,std,0.65
14,1789646598411513856,1789646608411513856,Overall Usage Prompt Cache Read %,%,avg,92.50
14,1789646598411513856,1789646608411513856,Prefill Throughput Per User,tokens/sec/user,avg,2695.90
14,1789646598411513856,1789646608411513856,Prefill Throughput Per User,tokens/sec/user,min,2311.17
14,1789646598411513856,1789646608411513856,Prefill Throughput Per User,tokens/sec/user,max,4953.32
14,1789646598411513856,1789646608411513856,Prefill Throughput Per User,tokens/sec/user,sum,86268.95
14,1789646598411513856,1789646608411513856,Prefill Throughput Per User,tokens/sec/user,p1,2311.23
14,1789646598411513856,1789646608411513856,Prefill Throughput Per User,tokens/sec/user,p5,2311.39
14,1789646598411513856,1789646608411513856,Prefill Throughput Per User,tokens/sec/user,p10,2311.52
14,1789646598411513856,1789646608411513856,Prefill Throughput Per User,tokens/sec/user,p25,2311.76
14,1789646598411513856,1789646608411513856,Prefill Throughput Per User,tokens/sec/user,p50,2312.04
14,1789646598411513856,1789646608411513856,Prefill Throughput Per User,tokens/sec/user,p75,3047.77
14,1789646598411513856,1789646608411513856,Prefill Throughput Per User,tokens/sec/user,p90,3513.75
14,1789646598411513856,1789646608411513856,Prefill Throughput Per User,tokens/sec/user,p95,3565.47
14,1789646598411513856,1789646608411513856,Prefill Throughput Per User,tokens/sec/user,p99,4523.13
14,1789646598411513856,1789646608411513856,Prefill Throughput Per User,tokens/sec/user,std,594.39
14,1789646598411513856,1789646608411513856,Reasoning Token Count,tokens,avg,512.00
14,1789646598411513856,1789646608411513856,Reasoning Token Count,tokens,min,512.00
14,1789646598411513856,1789646608411513856,Reasoning Token Count,tokens,max,512.00
14,1789646598411513856,1789646608411513856,Reasoning Token Count,tokens,sum,16384.00
14,1789646598411513856,1789646608411513856,Reasoning Token Count,tokens,p1,512.00
14,1789646598411513856,1789646608411513856,Reasoning Token Count,tokens,p5,512.00
14,1789646598411513856,1789646608411513856,Reasoning Token Count,tokens,p10,512.00
14,1789646598411513856,1789646608411513856,Reasoning Token Count,tokens,p25,512.00
14,1789646598411513856,1789646608411513856,Reasoning Token Count,tokens,p50,512.00
14,1789646598411513856,1789646608411513856,Reasoning Token Count,tokens,p75,512.00
14,1789646598411513856,1789646608411513856,Reasoning Token Count,tokens,p90,512.00
14,1789646598411513856,1789646608411513856,Reasoning Token Count,tokens,p95,512.00
14,1789646598411513856,1789646608411513856,Reasoning Token Count,tokens,p99,512.00
14,1789646598411513856,1789646608411513856,Reasoning Token Count,tokens,std,0.00
14,1789646598411513856,1789646608411513856,Request Count,requests,avg,32.00
14,1789646598411513856,1789646608411513856,Request Latency,ms,avg,7953.22
14,1789646598411513856,1789646608411513856,Request Latency,ms,min,7936.48
14,1789646598411513856,1789646608411513856,Request Latency,ms,max,7954.56
14,1789646598411513856,1789646608411513856,Request Latency,ms,sum,254503.17
14,1789646598411513856,1789646608411513856,Request Latency,ms,p1,7941.74
14,1789646598411513856,1789646608411513856,Request Latency,ms,p5,7953.46
14,1789646598411513856,1789646608411513856,Request Latency,ms,p10,7953.50
14,1789646598411513856,1789646608411513856,Request Latency,ms,p25,7953.63
14,1789646598411513856,1789646608411513856,Request Latency,ms,p50,7953.73
14,1789646598411513856,1789646608411513856,Request Latency,ms,p75,7953.79
14,1789646598411513856,1789646608411513856,Request Latency,ms,p90,7953.85
14,1789646598411513856,1789646608411513856,Request Latency,ms,p95,7954.44
14,1789646598411513856,1789646608411513856,Request Latency,ms,p99,7954.52
14,1789646598411513856,1789646608411513856,Request Latency,ms,std,3.02
14,1789646598411513856,1789646608411513856,Request Throughput,requests/sec,avg,3.20
14,1789646598411513856,1789646608411513856,Time to First Token,ms,avg,426.17
14,1789646598411513856,1789646608411513856,Time to First Token,ms,min,223.49
14,1789646598411513856,1789646608411513856,Time to First Token,ms,max,478.98
14,1789646598411513856,1789646608411513856,Time to First Token,ms,sum,13637.43
14,1789646598411513856,1789646608411513856,Time to First Token,ms,p1,250.45
14,1789646598411513856,1789646608411513856,Time to First Token,ms,p5,310.48
14,1789646598411513856,1789646608411513856,Time to First Token,ms,p10,315.74
14,1789646598411513856,1789646608411513856,Time to First Token,ms,p25,363.22
14,1789646598411513856,1789646608411513856,Time to First Token,ms,p50,478.80
14,1789646598411513856,1789646608411513856,Time to First Token,ms,p75,478.86
14,1789646598411513856,1789646608411513856,Time to First Token,ms,p90,478.90
14,1789646598411513856,1789646608411513856,Time to First Token,ms,p95,478.93
14,1789646598411513856,1789646608411513856,Time to First Token,ms,p99,478.97
14,1789646598411513856,1789646608411513856,Time to First Token,ms,std,72.55
14,1789646598411513856,1789646608411513856,Time to Second Token,ms,avg,45.35
14,1789646598411513856,1789646608411513856,Time to Second Token,ms,min,1.07
14,1789646598411513856,1789646608411513856,Time to Second Token,ms,max,156.49
14,1789646598411513856,1789646608411513856,Time to Second Token,ms,sum,1451.21
14,1789646598411513856,1789646608411513856,Time to Second Token,ms,p1,1.09
14,1789646598411513856,1789646608411513856,Time to Second Token,ms,p5,1.17
14,1789646598411513856,1789646608411513856,Time to Second Token,ms,p10,2.75
14,1789646598411513856,1789646608411513856,Time to Second Token,ms,p25,2.81
14,1789646598411513856,1789646608411513856,Time to Second Token,ms,p50,2.84
14,1789646598411513856,1789646608411513856,Time to Second Token,ms,p75,154.29
14,1789646598411513856,1789646608411513856,Time to Second Token,ms,p90,154.39
14,1789646598411513856,1789646608411513856,Time to Second Token,ms,p95,154.41
14,1789646598411513856,1789646608411513856,Time to Second Token,ms,p99,155.85
14,1789646598411513856,1789646608411513856,Time to Second Token,ms,std,68.34
14,1789646598411513856,1789646608411513856,Tokens In Flight,tokens,avg,42197.03
14,1789646598411513856,1789646608411513856,Tokens In Flight,tokens,min,14817.90
14,1789646598411513856,1789646608411513856,Tokens In Flight,tokens,max,51753.16
14,1789646598411513856,1789646608411513856,Tokens In Flight,tokens,p50,41178.91
14,1789646598411513856,1789646608411513856,Tokens In Flight,tokens,p90,49666.81
14,1789646598411513856,1789646608411513856,Tokens In Flight,tokens,p95,50728.61
14,1789646598411513856,1789646608411513856,Tokens In Flight,tokens,p99,51522.75
14,1789646598411513856,1789646608411513856,Tokens In Flight,tokens,std,4976.73
14,1789646598411513856,1789646608411513856,Total Input Sequence Length,tokens,avg,35424.00
14,1789646598411513856,1789646608411513856,Total Output Sequence Length,tokens,avg,16384.00
14,1789646598411513856,1789646608411513856,Total Reasoning Tokens,tokens,avg,16384.00
14,1789646598411513856,1789646608411513856,Total Token Throughput,tokens/sec,avg,5180.80
14,1789646598411513856,1789646608411513856,Total Usage Completion Tokens,tokens,avg,16384.00
14,1789646598411513856,1789646608411513856,Total Usage Prompt Cache Read Tokens,tokens,avg,32768.00
14,1789646598411513856,1789646608411513856,Total Usage Prompt Tokens,tokens,avg,35424.00
14,1789646598411513856,1789646608411513856,Total Usage Reasoning Tokens,tokens,avg,16384.00
14,1789646598411513856,1789646608411513856,Total Usage Total Tokens,tokens,avg,51808.00
14,1789646598411513856,1789646608411513856,Usage Completion Tokens,tokens,avg,512.00
14,1789646598411513856,1789646608411513856,Usage Completion Tokens,tokens,min,512.00
14,1789646598411513856,1789646608411513856,Usage Completion Tokens,tokens,max,512.00
14,1789646598411513856,1789646608411513856,Usage Completion Tokens,tokens,sum,16384.00
14,1789646598411513856,1789646608411513856,Usage Completion Tokens,tokens,p1,512.00
14,1789646598411513856,1789646608411513856,Usage Completion Tokens,tokens,p5,512.00
14,1789646598411513856,1789646608411513856,Usage Completion Tokens,tokens,p10,512.00
14,1789646598411513856,1789646608411513856,Usage Completion Tokens,tokens,p25,512.00
14,1789646598411513856,1789646608411513856,Usage Completion Tokens,tokens,p50,512.00
14,1789646598411513856,1789646608411513856,Usage Completion Tokens,tokens,p75,512.00
14,1789646598411513856,1789646608411513856,Usage Completion Tokens,tokens,p90,512.00
14,1789646598411513856,1789646608411513856,Usage Completion Tokens,tokens,p95,512.00
14,1789646598411513856,1789646608411513856,Usage Completion Tokens,tokens,p99,512.00
14,1789646598411513856,1789646608411513856,Usage Completion Tokens,tokens,std,0.00
14,1789646598411513856,1789646608411513856,Usage Prompt Cache Read Tokens,tokens,avg,1024.00
14,1789646598411513856,1789646608411513856,Usage Prompt Cache Read Tokens,tokens,min,1024.00
14,1789646598411513856,1789646608411513856,Usage Prompt Cache Read Tokens,tokens,max,1024.00
14,1789646598411513856,1789646608411513856,Usage Prompt Cache Read Tokens,tokens,sum,32768.00
14,1789646598411513856,1789646608411513856,Usage Prompt Cache Read Tokens,tokens,p1,1024.00
14,1789646598411513856,1789646608411513856,Usage Prompt Cache Read Tokens,tokens,p5,1024.00
14,1789646598411513856,1789646608411513856,Usage Prompt Cache Read Tokens,tokens,p10,1024.00
14,1789646598411513856,1789646608411513856,Usage Prompt Cache Read Tokens,tokens,p25,1024.00
14,1789646598411513856,1789646608411513856,Usage Prompt Cache Read Tokens,tokens,p50,1024.00
14,1789646598411513856,1789646608411513856,Usage Prompt Cache Read Tokens,tokens,p75,1024.00
14,1789646598411513856,1789646608411513856,Usage Prompt Cache Read Tokens,tokens,p90,1024.00
14,1789646598411513856,1789646608411513856,Usage Prompt Cache Read Tokens,tokens,p95,1024.00
14,1789646598411513856,1789646608411513856,Usage Prompt Cache Read Tokens,tokens,p99,1024.00
14,1789646598411513856,1789646608411513856,Usage Prompt Cache Read Tokens,tokens,std,0.00
14,1789646598411513856,1789646608411513856,Usage Prompt Tokens,tokens,avg,1107.00
14,1789646598411513856,1789646608411513856,Usage Prompt Tokens,tokens,min,1107.00
14,1789646598411513856,1789646608411513856,Usage Prompt Tokens,tokens,max,1107.00
14,1789646598411513856,1789646608411513856,Usage Prompt Tokens,tokens,sum,35424.00
14,1789646598411513856,1789646608411513856,Usage Prompt Tokens,tokens,p1,1107.00
14,1789646598411513856,1789646608411513856,Usage Prompt Tokens,tokens,p5,1107.00
14,1789646598411513856,1789646608411513856,Usage Prompt Tokens,tokens,p10,1107.00
14,1789646598411513856,1789646608411513856,Usage Prompt Tokens,tokens,p25,1107.00
14,1789646598411513856,1789646608411513856,Usage Prompt Tokens,tokens,p50,1107.00
14,1789646598411513856,1789646608411513856,Usage Prompt Tokens,tokens,p75,1107.00
14,1789646598411513856,1789646608411513856,Usage Prompt Tokens,tokens,p90,1107.00
14,1789646598411513856,1789646608411513856,Usage Prompt Tokens,tokens,p95,1107.00
14,1789646598411513856,1789646608411513856,Usage Prompt Tokens,tokens,p99,1107.00
14,1789646598411513856,1789646608411513856,Usage Prompt Tokens,tokens,std,0.00
14,1789646598411513856,1789646608411513856,Usage Reasoning Tokens,tokens,avg,512.00
14,1789646598411513856,1789646608411513856,Usage Reasoning Tokens,tokens,min,512.00
14,1789646598411513856,1789646608411513856,Usage Reasoning Tokens,tokens,max,512.00
14,1789646598411513856,1789646608411513856,Usage Reasoning Tokens,tokens,sum,16384.00
14,1789646598411513856,1789646608411513856,Usage Reasoning Tokens,tokens,p1,512.00
14,1789646598411513856,1789646608411513856,Usage Reasoning Tokens,tokens,p5,512.00
14,1789646598411513856,1789646608411513856,Usage Reasoning Tokens,tokens,p10,512.00
14,1789646598411513856,1789646608411513856,Usage Reasoning Tokens,tokens,p25,512.00
14,1789646598411513856,1789646608411513856,Usage Reasoning Tokens,tokens,p50,512.00
14,1789646598411513856,1789646608411513856,Usage Reasoning Tokens,tokens,p75,512.00
14,1789646598411513856,1789646608411513856,Usage Reasoning Tokens,tokens,p90,512.00
14,1789646598411513856,1789646608411513856,Usage Reasoning Tokens,tokens,p95,512.00
14,1789646598411513856,1789646608411513856,Usage Reasoning Tokens,tokens,p99,512.00
14,1789646598411513856,1789646608411513856,Usage Reasoning Tokens,tokens,std,0.00
14,1789646598411513856,1789646608411513856,Usage Total Tokens,tokens,avg,1619.00
14,1789646598411513856,1789646608411513856,Usage Total Tokens,tokens,min,1619.00
14,1789646598411513856,1789646608411513856,Usage Total Tokens,tokens,max,1619.00
14,1789646598411513856,1789646608411513856,Usage Total Tokens,tokens,sum,51808.00
14,1789646598411513856,1789646608411513856,Usage Total Tokens,tokens,p1,1619.00
14,1789646598411513856,1789646608411513856,Usage Total Tokens,tokens,p5,1619.00
14,1789646598411513856,1789646608411513856,Usage Total Tokens,tokens,p10,1619.00
14,1789646598411513856,1789646608411513856,Usage Total Tokens,tokens,p25,1619.00
14,1789646598411513856,1789646608411513856,Usage Total Tokens,tokens,p50,1619.00
14,1789646598411513856,1789646608411513856,Usage Total Tokens,tokens,p75,1619.00
14,1789646598411513856,1789646608411513856,Usage Total Tokens,tokens,p90,1619.00
14,1789646598411513856,1789646608411513856,Usage Total Tokens,tokens,p95,1619.00
14,1789646598411513856,1789646608411513856,Usage Total Tokens,tokens,p99,1619.00
14,1789646598411513856,1789646608411513856,Usage Total Tokens,tokens,std,0.00
15,1789646608411513856,1789646618411513856,Active Decode Throughput,tokens/sec,avg,2077.22
15,1789646608411513856,1789646618411513856,Active Decode Throughput,tokens/sec,min,7.05
15,1789646608411513856,1789646618411513856,Active Decode Throughput,tokens/sec,max,10130.75
15,1789646608411513856,1789646618411513856,Active Decode Throughput,tokens/sec,p50,2159.57
15,1789646608411513856,1789646618411513856,Active Decode Throughput,tokens/sec,p90,2290.48
15,1789646608411513856,1789646618411513856,Active Decode Throughput,tokens/sec,p95,2338.49
15,1789646608411513856,1789646618411513856,Active Decode Throughput,tokens/sec,p99,2948.83
15,1789646608411513856,1789646618411513856,Active Decode Throughput,tokens/sec,std,524.91
15,1789646608411513856,1789646618411513856,Active Decode Throughput Per User,tokens/sec/user,avg,65.24
15,1789646608411513856,1789646618411513856,Active Decode Throughput Per User,tokens/sec/user,min,6.37
15,1789646608411513856,1789646618411513856,Active Decode Throughput Per User,tokens/sec/user,max,337.69
15,1789646608411513856,1789646618411513856,Active Decode Throughput Per User,tokens/sec/user,p50,67.49
15,1789646608411513856,1789646618411513856,Active Decode Throughput Per User,tokens/sec/user,p90,71.58
15,1789646608411513856,1789646618411513856,Active Decode Throughput Per User,tokens/sec/user,p95,73.08
15,1789646608411513856,1789646618411513856,Active Decode Throughput Per User,tokens/sec/user,p99,92.15
15,1789646608411513856,1789646618411513856,Active Decode Throughput Per User,tokens/sec/user,std,15.39
15,1789646608411513856,1789646618411513856,Active Prefill Throughput,tokens/sec,avg,65887.02
15,1789646608411513856,1789646618411513856,Active Prefill Throughput,tokens/sec,min,3570.09
15,1789646608411513856,1789646618411513856,Active Prefill Throughput,tokens/sec,max,81357.46
15,1789646608411513856,1789646618411513856,Active Prefill Throughput,tokens/sec,p50,75577.64
15,1789646608411513856,1789646618411513856,Active Prefill Throughput,tokens/sec,p90,81357.46
15,1789646608411513856,1789646618411513856,Active Prefill Throughput,tokens/sec,p95,81357.46
15,1789646608411513856,1789646618411513856,Active Prefill Throughput,tokens/sec,p99,81357.46
15,1789646608411513856,1789646618411513856,Active Prefill Throughput,tokens/sec,std,18666.61
15,1789646608411513856,1789646618411513856,Active Prefill Throughput Per User,tokens/sec/user,avg,2697.27
15,1789646608411513856,1789646618411513856,Active Prefill Throughput Per User,tokens/sec/user,min,2475.58
15,1789646608411513856,1789646618411513856,Active Prefill Throughput Per User,tokens/sec/user,max,4933.97
15,1789646608411513856,1789646618411513856,Active Prefill Throughput Per User,tokens/sec/user,p50,2606.13
15,1789646608411513856,1789646618411513856,Active Prefill Throughput Per User,tokens/sec/user,p90,3261.47
15,1789646608411513856,1789646618411513856,Active Prefill Throughput Per User,tokens/sec/user,p95,3261.47
15,1789646608411513856,1789646618411513856,Active Prefill Throughput Per User,tokens/sec/user,p99,4933.97
15,1789646608411513856,1789646618411513856,Active Prefill Throughput Per User,tokens/sec/user,std,445.70
15,1789646608411513856,1789646618411513856,Active Total Throughput,tokens/sec,avg,5624.70
15,1789646608411513856,1789646618411513856,Active Total Throughput,tokens/sec,min,2106.37
15,1789646608411513856,1789646618411513856,Active Total Throughput,tokens/sec,max,81423.82
15,1789646608411513856,1789646618411513856,Active Total Throughput,tokens/sec,p50,2172.48
15,1789646608411513856,1789646618411513856,Active Total Throughput,tokens/sec,p90,2180.49
15,1789646608411513856,1789646618411513856,Active Total Throughput,tokens/sec,p95,30921.00
15,1789646608411513856,1789646618411513856,Active Total Throughput,tokens/sec,p99,81423.82
15,1789646608411513856,1789646618411513856,Active Total Throughput,tokens/sec,std,15070.84
15,1789646608411513856,1789646618411513856,Benchmark Duration,sec,avg,8.15
15,1789646608411513856,1789646618411513856,Decode Duration,ms,avg,7494.66
15,1789646608411513856,1789646618411513856,Decode Duration,ms,min,7444.61
15,1789646608411513856,1789646618411513856,Decode Duration,ms,max,7700.97
15,1789646608411513856,1789646618411513856,Decode Duration,ms,sum,239829.18
15,1789646608411513856,1789646618411513856,Decode Duration,ms,p1,7445.52
15,1789646608411513856,1789646618411513856,Decode Duration,ms,p5,7447.56
15,1789646608411513856,1789646618411513856,Decode Duration,ms,p10,7447.57
15,1789646608411513856,1789646618411513856,Decode Duration,ms,p25,7447.60
15,1789646608411513856,1789646618411513856,Decode Duration,ms,p50,7447.63
15,1789646608411513856,1789646618411513856,Decode Duration,ms,p75,7563.17
15,1789646608411513856,1789646618411513856,Decode Duration,ms,p90,7563.23
15,1789646608411513856,1789646618411513856,Decode Duration,ms,p95,7612.92
15,1789646608411513856,1789646618411513856,Decode Duration,ms,p99,7673.69
15,1789646608411513856,1789646618411513856,Decode Duration,ms,std,69.57
15,1789646608411513856,1789646618411513856,E2E Output Token Throughput,tokens/sec/user,avg,64.64
15,1789646608411513856,1789646618411513856,E2E Output Token Throughput,tokens/sec/user,min,64.59
15,1789646608411513856,1789646618411513856,E2E Output Token Throughput,tokens/sec/user,max,66.02
15,1789646608411513856,1789646618411513856,E2E Output Token Throughput,tokens/sec/user,sum,2068.52
15,1789646608411513856,1789646618411513856,E2E Output Token Throughput,tokens/sec/user,p1,64.59
15,1789646608411513856,1789646618411513856,E2E Output Token Throughput,tokens/sec/user,p5,64.59
15,1789646608411513856,1789646618411513856,E2E Output Token Throughput,tokens/sec/user,p10,64.59
15,1789646608411513856,1789646618411513856,E2E Output Token Throughput,tokens/sec/user,p25,64.59
15,1789646608411513856,1789646618411513856,E2E Output Token Throughput,tokens/sec/user,p50,64.59
15,1789646608411513856,1789646618411513856,E2E Output Token Throughput,tokens/sec/user,p75,64.60
15,1789646608411513856,1789646618411513856,E2E Output Token Throughput,tokens/sec/user,p90,64.60
15,1789646608411513856,1789646618411513856,E2E Output Token Throughput,tokens/sec/user,p95,64.62
15,1789646608411513856,1789646618411513856,E2E Output Token Throughput,tokens/sec/user,p99,65.59
15,1789646608411513856,1789646618411513856,E2E Output Token Throughput,tokens/sec/user,std,0.25
15,1789646608411513856,1789646618411513856,Effective Concurrency,requests,avg,31.99
15,1789646608411513856,1789646618411513856,Effective Concurrency,requests,min,12.00
15,1789646608411513856,1789646618411513856,Effective Concurrency,requests,max,32.00
15,1789646608411513856,1789646618411513856,Effective Concurrency,requests,p50,32.00
15,1789646608411513856,1789646618411513856,Effective Concurrency,requests,p90,32.00
15,1789646608411513856,1789646618411513856,Effective Concurrency,requests,p95,32.00
15,1789646608411513856,1789646618411513856,Effective Concurrency,requests,p99,32.00
15,1789646608411513856,1789646618411513856,Effective Concurrency,requests,std,0.39
15,1789646608411513856,1789646618411513856,Effective Decode Concurrency,requests,avg,30.63
15,1789646608411513856,1789646618411513856,Effective Decode Concurrency,requests,min,1.00
15,1789646608411513856,1789646618411513856,Effective Decode Concurrency,requests,max,32.00
15,1789646608411513856,1789646618411513856,Effective Decode Concurrency,requests,p50,32.00
15,1789646608411513856,1789646618411513856,Effective Decode Concurrency,requests,p90,32.00
15,1789646608411513856,1789646618411513856,Effective Decode Concurrency,requests,p95,32.00
15,1789646608411513856,1789646618411513856,Effective Decode Concurrency,requests,p99,32.00
15,1789646608411513856,1789646618411513856,Effective Decode Concurrency,requests,std,6.00
15,1789646608411513856,1789646618411513856,Effective Decode Throughput,tokens/sec,avg,2077.22
15,1789646608411513856,1789646618411513856,Effective Decode Throughput,tokens/sec,min,7.05
15,1789646608411513856,1789646618411513856,Effective Decode Throughput,tokens/sec,max,10130.75
15,1789646608411513856,1789646618411513856,Effective Decode Throughput,tokens/sec,p50,2159.57
15,1789646608411513856,1789646618411513856,Effective Decode Throughput,tokens/sec,p90,2290.48
15,1789646608411513856,1789646618411513856,Effective Decode Throughput,tokens/sec,p95,2338.49
15,1789646608411513856,1789646618411513856,Effective Decode Throughput,tokens/sec,p99,2948.83
15,1789646608411513856,1789646618411513856,Effective Decode Throughput,tokens/sec,std,524.91
15,1789646608411513856,1789646618411513856,Effective Decode Throughput Per User,tokens/sec/user,avg,65.24
15,1789646608411513856,1789646618411513856,Effective Decode Throughput Per User,tokens/sec/user,min,6.37
15,1789646608411513856,1789646618411513856,Effective Decode Throughput Per User,tokens/sec/user,max,337.69
15,1789646608411513856,1789646618411513856,Effective Decode Throughput Per User,tokens/sec/user,p50,67.49
15,1789646608411513856,1789646618411513856,Effective Decode Throughput Per User,tokens/sec/user,p90,71.58
15,1789646608411513856,1789646618411513856,Effective Decode Throughput Per User,tokens/sec/user,p95,73.08
15,1789646608411513856,1789646618411513856,Effective Decode Throughput Per User,tokens/sec/user,p99,92.15
15,1789646608411513856,1789646618411513856,Effective Decode Throughput Per User,tokens/sec/user,std,15.39
15,1789646608411513856,1789646618411513856,Effective Prefill Concurrency,requests,avg,1.36
15,1789646608411513856,1789646618411513856,Effective Prefill Concurrency,requests,min,0.00
15,1789646608411513856,1789646618411513856,Effective Prefill Concurrency,requests,max,31.00
15,1789646608411513856,1789646618411513856,Effective Prefill Concurrency,requests,p50,0.00
15,1789646608411513856,1789646618411513856,Effective Prefill Concurrency,requests,p90,0.00
15,1789646608411513856,1789646618411513856,Effective Prefill Concurrency,requests,p95,9.00
15,1789646608411513856,1789646618411513856,Effective Prefill Concurrency,requests,p99,31.00
15,1789646608411513856,1789646618411513856,Effective Prefill Concurrency,requests,std,5.97
15,1789646608411513856,1789646618411513856,Effective Prefill Throughput,tokens/sec,avg,3542.40
15,1789646608411513856,1789646618411513856,Effective Prefill Throughput,tokens/sec,min,0.00
15,1789646608411513856,1789646618411513856,Effective Prefill Throughput,tokens/sec,max,81357.46
15,1789646608411513856,1789646618411513856,Effective Prefill Throughput,tokens/sec,p50,0.00
15,1789646608411513856,1789646618411513856,Effective Prefill Throughput,tokens/sec,p90,0.00
15,1789646608411513856,1789646618411513856,Effective Prefill Throughput,tokens/sec,p95,29353.21
15,1789646608411513856,1789646618411513856,Effective Prefill Throughput,tokens/sec,p99,81357.46
15,1789646608411513856,1789646618411513856,Effective Prefill Throughput,tokens/sec,std,15478.49
15,1789646608411513856,1789646618411513856,Effective Prefill Throughput Per User,tokens/sec/user,avg,145.02
15,1789646608411513856,1789646618411513856,Effective Prefill Throughput Per User,tokens/sec/user,min,0.00
15,1789646608411513856,1789646618411513856,Effective Prefill Throughput Per User,tokens/sec/user,max,4933.97
15,1789646608411513856,1789646618411513856,Effective Prefill Throughput Per User,tokens/sec/user,p50,0.00
15,1789646608411513856,1789646618411513856,Effective Prefill Throughput Per User,tokens/sec/user,p90,0.00
15,1789646608411513856,1789646618411513856,Effective Prefill Throughput Per User,tokens/sec/user,p95,2475.58
15,1789646608411513856,1789646618411513856,Effective Prefill Throughput Per User,tokens/sec/user,p99,2624.43
15,1789646608411513856,1789646618411513856,Effective Prefill Throughput Per User,tokens/sec/user,std,617.09
15,1789646608411513856,1789646618411513856,Effective Total Throughput,tokens/sec,avg,5624.70
15,1789646608411513856,1789646618411513856,Effective Total Throughput,tokens/sec,min,2106.37
15,1789646608411513856,1789646618411513856,Effective Total Throughput,tokens/sec,max,81423.82
15,1789646608411513856,1789646618411513856,Effective Total Throughput,tokens/sec,p50,2172.48
15,1789646608411513856,1789646618411513856,Effective Total Throughput,tokens/sec,p90,2180.49
15,1789646608411513856,1789646618411513856,Effective Total Throughput,tokens/sec,p95,30921.00
15,1789646608411513856,1789646618411513856,Effective Total Throughput,tokens/sec,p99,81423.82
15,1789646608411513856,1789646618411513856,Effective Total Throughput,tokens/sec,std,15070.84
15,1789646608411513856,1789646618411513856,HTTP Blocked,ms,avg,0.00
15,1789646608411513856,1789646618411513856,HTTP Blocked,ms,min,0.00
15,1789646608411513856,1789646618411513856,HTTP Blocked,ms,max,0.00
15,1789646608411513856,1789646618411513856,HTTP Blocked,ms,sum,0.00
15,1789646608411513856,1789646618411513856,HTTP Blocked,ms,p1,0.00
15,1789646608411513856,1789646618411513856,HTTP Blocked,ms,p5,0.00
15,1789646608411513856,1789646618411513856,HTTP Blocked,ms,p10,0.00
15,1789646608411513856,1789646618411513856,HTTP Blocked,ms,p25,0.00
15,1789646608411513856,1789646618411513856,HTTP Blocked,ms,p50,0.00
15,1789646608411513856,1789646618411513856,HTTP Blocked,ms,p75,0.00
15,1789646608411513856,1789646618411513856,HTTP Blocked,ms,p90,0.00
15,1789646608411513856,1789646618411513856,HTTP Blocked,ms,p95,0.00
15,1789646608411513856,1789646618411513856,HTTP Blocked,ms,p99,0.00
15,1789646608411513856,1789646618411513856,HTTP Blocked,ms,std,0.00
15,1789646608411513856,1789646618411513856,HTTP Chunks Received,count,avg,467.66
15,1789646608411513856,1789646618411513856,HTTP Chunks Received,count,min,417.00
15,1789646608411513856,1789646618411513856,HTTP Chunks Received,count,max,505.00
15,1789646608411513856,1789646618411513856,HTTP Chunks Received,count,sum,14965.00
15,1789646608411513856,1789646618411513856,HTTP Chunks Received,count,p1,425.99
15,1789646608411513856,1789646618411513856,HTTP Chunks Received,count,p5,450.95
15,1789646608411513856,1789646618411513856,HTTP Chunks Received,count,p10,456.00
15,1789646608411513856,1789646618411513856,HTTP Chunks Received,count,p25,459.00
15,1789646608411513856,1789646618411513856,HTTP Chunks Received,count,p50,465.50
15,1789646608411513856,1789646618411513856,HTTP Chunks Received,count,p75,473.25
15,1789646608411513856,1789646618411513856,HTTP Chunks Received,count,p90,491.80
15,1789646608411513856,1789646618411513856,HTTP Chunks Received,count,p95,498.35
15,1789646608411513856,1789646618411513856,HTTP Chunks Received,count,p99,503.45
15,1789646608411513856,1789646618411513856,HTTP Chunks Received,count,std,16.43
15,1789646608411513856,1789646618411513856,HTTP Chunks Sent,count,avg,1.00
15,1789646608411513856,1789646618411513856,HTTP Chunks Sent,count,min,1.00
15,1789646608411513856,1789646618411513856,HTTP Chunks Sent,count,max,1.00
15,1789646608411513856,1789646618411513856,HTTP Chunks Sent,count,sum,32.00
15,1789646608411513856,1789646618411513856,HTTP Chunks Sent,count,p1,1.00
15,1789646608411513856,1789646618411513856,HTTP Chunks Sent,count,p5,1.00
15,1789646608411513856,1789646618411513856,HTTP Chunks Sent,count,p10,1.00
15,1789646608411513856,1789646618411513856,HTTP Chunks Sent,count,p25,1.00
15,1789646608411513856,1789646618411513856,HTTP Chunks Sent,count,p50,1.00
15,1789646608411513856,1789646618411513856,HTTP Chunks Sent,count,p75,1.00
15,1789646608411513856,1789646618411513856,HTTP Chunks Sent,count,p90,1.00
15,1789646608411513856,1789646618411513856,HTTP Chunks Sent,count,p95,1.00
15,1789646608411513856,1789646618411513856,HTTP Chunks Sent,count,p99,1.00
15,1789646608411513856,1789646618411513856,HTTP Chunks Sent,count,std,0.00
15,1789646608411513856,1789646618411513856,HTTP Connecting,ms,avg,0.00
15,1789646608411513856,1789646618411513856,HTTP Connecting,ms,min,0.00
15,1789646608411513856,1789646618411513856,HTTP Connecting,ms,max,0.00
15,1789646608411513856,1789646618411513856,HTTP Connecting,ms,sum,0.00
15,1789646608411513856,1789646618411513856,HTTP Connecting,ms,p1,0.00
15,1789646608411513856,1789646618411513856,HTTP Connecting,ms,p5,0.00
15,1789646608411513856,1789646618411513856,HTTP Connecting,ms,p10,0.00
15,1789646608411513856,1789646618411513856,HTTP Connecting,ms,p25,0.00
15,1789646608411513856,1789646618411513856,HTTP Connecting,ms,p50,0.00
15,1789646608411513856,1789646618411513856,HTTP Connecting,ms,p75,0.00
15,1789646608411513856,1789646618411513856,HTTP Connecting,ms,p90,0.00
15,1789646608411513856,1789646618411513856,HTTP Connecting,ms,p95,0.00
15,1789646608411513856,1789646618411513856,HTTP Connecting,ms,p99,0.00
15,1789646608411513856,1789646618411513856,HTTP Connecting,ms,std,0.00
15,1789646608411513856,1789646618411513856,HTTP Connection Overhead,ms,avg,0.00
15,1789646608411513856,1789646618411513856,HTTP Connection Overhead,ms,min,0.00
15,1789646608411513856,1789646618411513856,HTTP Connection Overhead,ms,max,0.00
15,1789646608411513856,1789646618411513856,HTTP Connection Overhead,ms,sum,0.00
15,1789646608411513856,1789646618411513856,HTTP Connection Overhead,ms,p1,0.00
15,1789646608411513856,1789646618411513856,HTTP Connection Overhead,ms,p5,0.00
15,1789646608411513856,1789646618411513856,HTTP Connection Overhead,ms,p10,0.00
15,1789646608411513856,1789646618411513856,HTTP Connection Overhead,ms,p25,0.00
15,1789646608411513856,1789646618411513856,HTTP Connection Overhead,ms,p50,0.00
15,1789646608411513856,1789646618411513856,HTTP Connection Overhead,ms,p75,0.00
15,1789646608411513856,1789646618411513856,HTTP Connection Overhead,ms,p90,0.00
15,1789646608411513856,1789646618411513856,HTTP Connection Overhead,ms,p95,0.00
15,1789646608411513856,1789646618411513856,HTTP Connection Overhead,ms,p99,0.00
15,1789646608411513856,1789646618411513856,HTTP Connection Overhead,ms,std,0.00
15,1789646608411513856,1789646618411513856,HTTP Connection Reused,ratio,avg,1.00
15,1789646608411513856,1789646618411513856,HTTP Connection Reused,ratio,min,1.00
15,1789646608411513856,1789646618411513856,HTTP Connection Reused,ratio,max,1.00
15,1789646608411513856,1789646618411513856,HTTP Connection Reused,ratio,sum,32.00
15,1789646608411513856,1789646618411513856,HTTP Connection Reused,ratio,p1,1.00
15,1789646608411513856,1789646618411513856,HTTP Connection Reused,ratio,p5,1.00
15,1789646608411513856,1789646618411513856,HTTP Connection Reused,ratio,p10,1.00
15,1789646608411513856,1789646618411513856,HTTP Connection Reused,ratio,p25,1.00
15,1789646608411513856,1789646618411513856,HTTP Connection Reused,ratio,p50,1.00
15,1789646608411513856,1789646618411513856,HTTP Connection Reused,ratio,p75,1.00
15,1789646608411513856,1789646618411513856,HTTP Connection Reused,ratio,p90,1.00
15,1789646608411513856,1789646618411513856,HTTP Connection Reused,ratio,p95,1.00
15,1789646608411513856,1789646618411513856,HTTP Connection Reused,ratio,p99,1.00
15,1789646608411513856,1789646618411513856,HTTP Connection Reused,ratio,std,0.00
15,1789646608411513856,1789646618411513856,HTTP Data Received,KB,avg,124.73
15,1789646608411513856,1789646618411513856,HTTP Data Received,KB,min,111.34
15,1789646608411513856,1789646618411513856,HTTP Data Received,KB,max,134.51
15,1789646608411513856,1789646618411513856,HTTP Data Received,KB,sum,3991.31
15,1789646608411513856,1789646618411513856,HTTP Data Received,KB,p1,113.78
15,1789646608411513856,1789646618411513856,HTTP Data Received,KB,p5,120.48
15,1789646608411513856,1789646618411513856,HTTP Data Received,KB,p10,121.55
15,1789646608411513856,1789646618411513856,HTTP Data Received,KB,p25,122.50
15,1789646608411513856,1789646618411513856,HTTP Data Received,KB,p50,124.21
15,1789646608411513856,1789646618411513856,HTTP Data Received,KB,p75,126.22
15,1789646608411513856,1789646618411513856,HTTP Data Received,KB,p90,131.12
15,1789646608411513856,1789646618411513856,HTTP Data Received,KB,p95,132.80
15,1789646608411513856,1789646618411513856,HTTP Data Received,KB,p99,134.12
15,1789646608411513856,1789646618411513856,HTTP Data Received,KB,std,4.32
15,1789646608411513856,1789646618411513856,HTTP Data Sent,KB,avg,4.53
15,1789646608411513856,1789646618411513856,HTTP Data Sent,KB,min,3.99
15,1789646608411513856,1789646618411513856,HTTP Data Sent,KB,max,4.85
15,1789646608411513856,1789646618411513856,HTTP Data Sent,KB,sum,144.87
15,1789646608411513856,1789646618411513856,HTTP Data Sent,KB,p1,4.02
15,1789646608411513856,1789646618411513856,HTTP Data Sent,KB,p5,4.17
15,1789646608411513856,1789646618411513856,HTTP Data Sent,KB,p10,4.27
15,1789646608411513856,1789646618411513856,HTTP Data Sent,KB,p25,4.46
15,1789646608411513856,1789646618411513856,HTTP Data Sent,KB,p50,4.54
15,1789646608411513856,1789646618411513856,HTTP Data Sent,KB,p75,4.65
15,1789646608411513856,1789646618411513856,HTTP Data Sent,KB,p90,4.77
15,1789646608411513856,1789646618411513856,HTTP Data Sent,KB,p95,4.82
15,1789646608411513856,1789646618411513856,HTTP Data Sent,KB,p99,4.84
15,1789646608411513856,1789646618411513856,HTTP Data Sent,KB,std,0.20
15,1789646608411513856,1789646618411513856,HTTP DNS Lookup,ms,avg,0.00
15,1789646608411513856,1789646618411513856,HTTP DNS Lookup,ms,min,0.00
15,1789646608411513856,1789646618411513856,HTTP DNS Lookup,ms,max,0.00
15,1789646608411513856,1789646618411513856,HTTP DNS Lookup,ms,sum,0.00
15,1789646608411513856,1789646618411513856,HTTP DNS Lookup,ms,p1,0.00
15,1789646608411513856,1789646618411513856,HTTP DNS Lookup,ms,p5,0.00
15,1789646608411513856,1789646618411513856,HTTP DNS Lookup,ms,p10,0.00
15,1789646608411513856,1789646618411513856,HTTP DNS Lookup,ms,p25,0.00
15,1789646608411513856,1789646618411513856,HTTP DNS Lookup,ms,p50,0.00
15,1789646608411513856,1789646618411513856,HTTP DNS Lookup,ms,p75,0.00
15,1789646608411513856,1789646618411513856,HTTP DNS Lookup,ms,p90,0.00
15,1789646608411513856,1789646618411513856,HTTP DNS Lookup,ms,p95,0.00
15,1789646608411513856,1789646618411513856,HTTP DNS Lookup,ms,p99,0.00
15,1789646608411513856,1789646618411513856,HTTP DNS Lookup,ms,std,0.00
15,1789646608411513856,1789646618411513856,HTTP Duration (excl. conn),ms,avg,7925.95
15,1789646608411513856,1789646618411513856,HTTP Duration (excl. conn),ms,min,7922.74
15,1789646608411513856,1789646618411513856,HTTP Duration (excl. conn),ms,max,7926.66
15,1789646608411513856,1789646618411513856,HTTP Duration (excl. conn),ms,sum,253630.45
15,1789646608411513856,1789646618411513856,HTTP Duration (excl. conn),ms,p1,7922.76
15,1789646608411513856,1789646618411513856,HTTP Duration (excl. conn),ms,p5,7922.83
15,1789646608411513856,1789646618411513856,HTTP Duration (excl. conn),ms,p10,7925.32
15,1789646608411513856,1789646618411513856,HTTP Duration (excl. conn),ms,p25,7925.77
15,1789646608411513856,1789646618411513856,HTTP Duration (excl. conn),ms,p50,7926.46
15,1789646608411513856,1789646618411513856,HTTP Duration (excl. conn),ms,p75,7926.52
15,1789646608411513856,1789646618411513856,HTTP Duration (excl. conn),ms,p90,7926.58
15,1789646608411513856,1789646618411513856,HTTP Duration (excl. conn),ms,p95,7926.62
15,1789646608411513856,1789646618411513856,HTTP Duration (excl. conn),ms,p99,7926.65
15,1789646608411513856,1789646618411513856,HTTP Duration (excl. conn),ms,std,1.07
15,1789646608411513856,1789646618411513856,HTTP Receiving,ms,avg,7499.92
15,1789646608411513856,1789646618411513856,HTTP Receiving,ms,min,7447.56
15,1789646608411513856,1789646618411513856,HTTP Receiving,ms,max,7700.98
15,1789646608411513856,1789646618411513856,HTTP Receiving,ms,sum,239997.48
15,1789646608411513856,1789646618411513856,HTTP Receiving,ms,p1,7447.56
15,1789646608411513856,1789646618411513856,HTTP Receiving,ms,p5,7447.57
15,1789646608411513856,1789646618411513856,HTTP Receiving,ms,p10,7447.58
15,1789646608411513856,1789646618411513856,HTTP Receiving,ms,p25,7447.60
15,1789646608411513856,1789646618411513856,HTTP Receiving,ms,p50,7447.63
15,1789646608411513856,1789646618411513856,HTTP Receiving,ms,p75,7563.19
15,1789646608411513856,1789646618411513856,HTTP Receiving,ms,p90,7607.85
15,1789646608411513856,1789646618411513856,HTTP Receiving,ms,p95,7612.92
15,1789646608411513856,1789646618411513856,HTTP Receiving,ms,p99,7673.70
15,1789646608411513856,1789646618411513856,HTTP Receiving,ms,std,71.91
15,1789646608411513856,1789646618411513856,HTTP Sending,ms,avg,0.14
15,1789646608411513856,1789646618411513856,HTTP Sending,ms,min,0.12
15,1789646608411513856,1789646618411513856,HTTP Sending,ms,max,0.16
15,1789646608411513856,1789646618411513856,HTTP Sending,ms,sum,4.45
15,1789646608411513856,1789646618411513856,HTTP Sending,ms,p1,0.12
15,1789646608411513856,1789646618411513856,HTTP Sending,ms,p5,0.12
15,1789646608411513856,1789646618411513856,HTTP Sending,ms,p10,0.13
15,1789646608411513856,1789646618411513856,HTTP Sending,ms,p25,0.13
15,1789646608411513856,1789646618411513856,HTTP Sending,ms,p50,0.14
15,1789646608411513856,1789646618411513856,HTTP Sending,ms,p75,0.15
15,1789646608411513856,1789646618411513856,HTTP Sending,ms,p90,0.15
15,1789646608411513856,1789646618411513856,HTTP Sending,ms,p95,0.15
15,1789646608411513856,1789646618411513856,HTTP Sending,ms,p99,0.16
15,1789646608411513856,1789646618411513856,HTTP Sending,ms,std,0.01
15,1789646608411513856,1789646618411513856,HTTP Total Time,ms,avg,7925.95
15,1789646608411513856,1789646618411513856,HTTP Total Time,ms,min,7922.74
15,1789646608411513856,1789646618411513856,HTTP Total Time,ms,max,7926.66
15,1789646608411513856,1789646618411513856,HTTP Total Time,ms,sum,253630.45
15,1789646608411513856,1789646618411513856,HTTP Total Time,ms,p1,7922.76
15,1789646608411513856,1789646618411513856,HTTP Total Time,ms,p5,7922.83
15,1789646608411513856,1789646618411513856,HTTP Total Time,ms,p10,7925.32
15,1789646608411513856,1789646618411513856,HTTP Total Time,ms,p25,7925.77
15,1789646608411513856,1789646618411513856,HTTP Total Time,ms,p50,7926.46
15,1789646608411513856,1789646618411513856,HTTP Total Time,ms,p75,7926.52
15,1789646608411513856,1789646618411513856,HTTP Total Time,ms,p90,7926.58
15,1789646608411513856,1789646618411513856,HTTP Total Time,ms,p95,7926.62
15,1789646608411513856,1789646618411513856,HTTP Total Time,ms,p99,7926.65
15,1789646608411513856,1789646618411513856,HTTP Total Time,ms,std,1.07
15,1789646608411513856,1789646618411513856,HTTP Waiting (TTFB),ms,avg,425.89
15,1789646608411513856,1789646618411513856,HTTP Waiting (TTFB),ms,min,224.18
15,1789646608411513856,1789646618411513856,HTTP Waiting (TTFB),ms,max,478.94
15,1789646608411513856,1789646618411513856,HTTP Waiting (TTFB),ms,sum,13628.52
15,1789646608411513856,1789646618411513856,HTTP Waiting (TTFB),ms,p1,250.67
15,1789646608411513856,1789646618411513856,HTTP Waiting (TTFB),ms,p5,309.75
15,1789646608411513856,1789646618411513856,HTTP Waiting (TTFB),ms,p10,315.13
15,1789646608411513856,1789646618411513856,HTTP Waiting (TTFB),ms,p25,362.48
15,1789646608411513856,1789646618411513856,HTTP Waiting (TTFB),ms,p50,478.70
15,1789646608411513856,1789646618411513856,HTTP Waiting (TTFB),ms,p75,478.78
15,1789646608411513856,1789646618411513856,HTTP Waiting (TTFB),ms,p90,478.82
15,1789646608411513856,1789646618411513856,HTTP Waiting (TTFB),ms,p95,478.90
15,1789646608411513856,1789646618411513856,HTTP Waiting (TTFB),ms,p99,478.93
15,1789646608411513856,1789646618411513856,HTTP Waiting (TTFB),ms,std,72.72
15,1789646608411513856,1789646618411513856,Input Sequence Length,tokens,avg,1107.00
15,1789646608411513856,1789646618411513856,Input Sequence Length,tokens,min,1107.00
15,1789646608411513856,1789646618411513856,Input Sequence Length,tokens,max,1107.00
15,1789646608411513856,1789646618411513856,Input Sequence Length,tokens,sum,35424.00
15,1789646608411513856,1789646618411513856,Input Sequence Length,tokens,p1,1107.00
15,1789646608411513856,1789646618411513856,Input Sequence Length,tokens,p5,1107.00
15,1789646608411513856,1789646618411513856,Input Sequence Length,tokens,p10,1107.00
15,1789646608411513856,1789646618411513856,Input Sequence Length,tokens,p25,1107.00
15,1789646608411513856,1789646618411513856,Input Sequence Length,tokens,p50,1107.00
15,1789646608411513856,1789646618411513856,Input Sequence Length,tokens,p75,1107.00
15,1789646608411513856,1789646618411513856,Input Sequence Length,tokens,p90,1107.00
15,1789646608411513856,1789646618411513856,Input Sequence Length,tokens,p95,1107.00
15,1789646608411513856,1789646618411513856,Input Sequence Length,tokens,p99,1107.00
15,1789646608411513856,1789646618411513856,Input Sequence Length,tokens,std,0.00
15,1789646608411513856,1789646618411513856,Input Token Throughput,tokens/sec,avg,3542.40
15,1789646608411513856,1789646618411513856,Inter Chunk Latency,ms,avg,16.06
15,1789646608411513856,1789646618411513856,Inter Chunk Latency,ms,min,1.02
15,1789646608411513856,1789646618411513856,Inter Chunk Latency,ms,max,208.11
15,1789646608411513856,1789646618411513856,Inter Chunk Latency,ms,sum,239829.18
15,1789646608411513856,1789646618411513856,Inter Chunk Latency,ms,p1,8.95
15,1789646608411513856,1789646618411513856,Inter Chunk Latency,ms,p5,13.19
15,1789646608411513856,1789646618411513856,Inter Chunk Latency,ms,p10,14.05
15,1789646608411513856,1789646618411513856,Inter Chunk Latency,ms,p25,14.56
15,1789646608411513856,1789646618411513856,Inter Chunk Latency,ms,p50,14.88
15,1789646608411513856,1789646618411513856,Inter Chunk Latency,ms,p75,15.17
15,1789646608411513856,1789646618411513856,Inter Chunk Latency,ms,p90,15.80
15,1789646608411513856,1789646618411513856,Inter Chunk Latency,ms,p95,29.52
15,1789646608411513856,1789646618411513856,Inter Chunk Latency,ms,p99,30.56
15,1789646608411513856,1789646618411513856,Inter Chunk Latency,ms,std,6.23
15,1789646608411513856,1789646618411513856,Inter Token Latency,ms,avg,14.67
15,1789646608411513856,1789646618411513856,Inter Token Latency,ms,min,14.57
15,1789646608411513856,1789646618411513856,Inter Token Latency,ms,max,15.07
15,1789646608411513856,1789646618411513856,Inter Token Latency,ms,sum,469.33
15,1789646608411513856,1789646618411513856,Inter Token Latency,ms,p1,14.57
15,1789646608411513856,1789646618411513856,Inter Token Latency,ms,p5,14.57
15,1789646608411513856,1789646618411513856,Inter Token Latency,ms,p10,14.57
15,1789646608411513856,1789646618411513856,Inter Token Latency,ms,p25,14.57
15,1789646608411513856,1789646618411513856,Inter Token Latency,ms,p50,14.57
15,1789646608411513856,1789646618411513856,Inter Token Latency,ms,p75,14.80
15,1789646608411513856,1789646618411513856,Inter Token Latency,ms,p90,14.80
15,1789646608411513856,1789646618411513856,Inter Token Latency,ms,p95,14.90
15,1789646608411513856,1789646618411513856,Inter Token Latency,ms,p99,15.02
15,1789646608411513856,1789646618411513856,Inter Token Latency,ms,std,0.14
15,1789646608411513856,1789646618411513856,OSL Mismatch Count,requests,avg,0.00
15,1789646608411513856,1789646618411513856,OSL Mismatch Diff %,%,avg,0.00
15,1789646608411513856,1789646618411513856,OSL Mismatch Diff %,%,min,0.00
15,1789646608411513856,1789646618411513856,OSL Mismatch Diff %,%,max,0.00
15,1789646608411513856,1789646618411513856,OSL Mismatch Diff %,%,sum,0.00
15,1789646608411513856,1789646618411513856,OSL Mismatch Diff %,%,p1,0.00
15,1789646608411513856,1789646618411513856,OSL Mismatch Diff %,%,p5,0.00
15,1789646608411513856,1789646618411513856,OSL Mismatch Diff %,%,p10,0.00
15,1789646608411513856,1789646618411513856,OSL Mismatch Diff %,%,p25,0.00
15,1789646608411513856,1789646618411513856,OSL Mismatch Diff %,%,p50,0.00
15,1789646608411513856,1789646618411513856,OSL Mismatch Diff %,%,p75,0.00
15,1789646608411513856,1789646618411513856,OSL Mismatch Diff %,%,p90,0.00
15,1789646608411513856,1789646618411513856,OSL Mismatch Diff %,%,p95,0.00
15,1789646608411513856,1789646618411513856,OSL Mismatch Diff %,%,p99,0.00
15,1789646608411513856,1789646618411513856,OSL Mismatch Diff %,%,std,0.00
15,1789646608411513856,1789646618411513856,Output Sequence Length,tokens,avg,512.00
15,1789646608411513856,1789646618411513856,Output Sequence Length,tokens,min,512.00
15,1789646608411513856,1789646618411513856,Output Sequence Length,tokens,max,512.00
15,1789646608411513856,1789646618411513856,Output Sequence Length,tokens,sum,16384.00
15,1789646608411513856,1789646618411513856,Output Sequence Length,tokens,p1,512.00
15,1789646608411513856,1789646618411513856,Output Sequence Length,tokens,p5,512.00
15,1789646608411513856,1789646618411513856,Output Sequence Length,tokens,p10,512.00
15,1789646608411513856,1789646618411513856,Output Sequence Length,tokens,p25,512.00
15,1789646608411513856,1789646618411513856,Output Sequence Length,tokens,p50,512.00
15,1789646608411513856,1789646618411513856,Output Sequence Length,tokens,p75,512.00
15,1789646608411513856,1789646618411513856,Output Sequence Length,tokens,p90,512.00
15,1789646608411513856,1789646618411513856,Output Sequence Length,tokens,p95,512.00
15,1789646608411513856,1789646618411513856,Output Sequence Length,tokens,p99,512.00
15,1789646608411513856,1789646618411513856,Output Sequence Length,tokens,std,0.00
15,1789646608411513856,1789646618411513856,Output Token Throughput,tokens/sec,avg,1638.40
15,1789646608411513856,1789646618411513856,Output Token Throughput Per User,tokens/sec/user,avg,68.19
15,1789646608411513856,1789646618411513856,Output Token Throughput Per User,tokens/sec/user,min,66.36
15,1789646608411513856,1789646618411513856,Output Token Throughput Per User,tokens/sec/user,max,68.64
15,1789646608411513856,1789646618411513856,Output Token Throughput Per User,tokens/sec/user,sum,2182.01
15,1789646608411513856,1789646618411513856,Output Token Throughput Per User,tokens/sec/user,p1,66.59
15,1789646608411513856,1789646618411513856,Output Token Throughput Per User,tokens/sec/user,p5,67.12
15,1789646608411513856,1789646618411513856,Output Token Throughput Per User,tokens/sec/user,p10,67.56
15,1789646608411513856,1789646618411513856,Output Token Throughput Per User,tokens/sec/user,p25,67.56
15,1789646608411513856,1789646618411513856,Output Token Throughput Per User,tokens/sec/user,p50,68.61
15,1789646608411513856,1789646618411513856,Output Token Throughput Per User,tokens/sec/user,p75,68.61
15,1789646608411513856,1789646618411513856,Output Token Throughput Per User,tokens/sec/user,p90,68.61
15,1789646608411513856,1789646618411513856,Output Token Throughput Per User,tokens/sec/user,p95,68.61
15,1789646608411513856,1789646618411513856,Output Token Throughput Per User,tokens/sec/user,p99,68.63
15,1789646608411513856,1789646618411513856,Output Token Throughput Per User,tokens/sec/user,std,0.63
15,1789646608411513856,1789646618411513856,Overall Usage Prompt Cache Read %,%,avg,92.50
15,1789646608411513856,1789646618411513856,Prefill Throughput Per User,tokens/sec/user,avg,2696.61
15,1789646608411513856,1789646618411513856,Prefill Throughput Per User,tokens/sec/user,min,2310.52
15,1789646608411513856,1789646618411513856,Prefill Throughput Per User,tokens/sec/user,max,4933.97
15,1789646608411513856,1789646618411513856,Prefill Throughput Per User,tokens/sec/user,sum,86291.43
15,1789646608411513856,1789646618411513856,Prefill Throughput Per User,tokens/sec/user,p1,2310.53
15,1789646608411513856,1789646618411513856,Prefill Throughput Per User,tokens/sec/user,p5,2310.63
15,1789646608411513856,1789646618411513856,Prefill Throughput Per User,tokens/sec/user,p10,2310.90
15,1789646608411513856,1789646618411513856,Prefill Throughput Per User,tokens/sec/user,p25,2311.10
15,1789646608411513856,1789646618411513856,Prefill Throughput Per User,tokens/sec/user,p50,2311.48
15,1789646608411513856,1789646618411513856,Prefill Throughput Per User,tokens/sec/user,p75,3052.40
15,1789646608411513856,1789646618411513856,Prefill Throughput Per User,tokens/sec/user,p90,3518.39
15,1789646608411513856,1789646618411513856,Prefill Throughput Per User,tokens/sec/user,p95,3571.73
15,1789646608411513856,1789646618411513856,Prefill Throughput Per User,tokens/sec/user,p99,4512.09
15,1789646608411513856,1789646618411513856,Prefill Throughput Per User,tokens/sec/user,std,593.82
15,1789646608411513856,1789646618411513856,Reasoning Token Count,tokens,avg,512.00
15,1789646608411513856,1789646618411513856,Reasoning Token Count,tokens,min,512.00
15,1789646608411513856,1789646618411513856,Reasoning Token Count,tokens,max,512.00
15,1789646608411513856,1789646618411513856,Reasoning Token Count,tokens,sum,16384.00
15,1789646608411513856,1789646618411513856,Reasoning Token Count,tokens,p1,512.00
15,1789646608411513856,1789646618411513856,Reasoning Token Count,tokens,p5,512.00
15,1789646608411513856,1789646618411513856,Reasoning Token Count,tokens,p10,512.00
15,1789646608411513856,1789646618411513856,Reasoning Token Count,tokens,p25,512.00
15,1789646608411513856,1789646618411513856,Reasoning Token Count,tokens,p50,512.00
15,1789646608411513856,1789646618411513856,Reasoning Token Count,tokens,p75,512.00
15,1789646608411513856,1789646618411513856,Reasoning Token Count,tokens,p90,512.00
15,1789646608411513856,1789646618411513856,Reasoning Token Count,tokens,p95,512.00
15,1789646608411513856,1789646618411513856,Reasoning Token Count,tokens,p99,512.00
15,1789646608411513856,1789646618411513856,Reasoning Token Count,tokens,std,0.00
15,1789646608411513856,1789646618411513856,Request Count,requests,avg,32.00
15,1789646608411513856,1789646618411513856,Request Latency,ms,avg,7920.75
15,1789646608411513856,1789646618411513856,Request Latency,ms,min,7754.68
15,1789646608411513856,1789646618411513856,Request Latency,ms,max,7926.72
15,1789646608411513856,1789646618411513856,Request Latency,ms,sum,253464.14
15,1789646608411513856,1789646618411513856,Request Latency,ms,p1,7806.80
15,1789646608411513856,1789646618411513856,Request Latency,ms,p5,7922.85
15,1789646608411513856,1789646618411513856,Request Latency,ms,p10,7925.37
15,1789646608411513856,1789646618411513856,Request Latency,ms,p25,7925.83
15,1789646608411513856,1789646618411513856,Request Latency,ms,p50,7926.52
15,1789646608411513856,1789646618411513856,Request Latency,ms,p75,7926.58
15,1789646608411513856,1789646618411513856,Request Latency,ms,p90,7926.64
15,1789646608411513856,1789646618411513856,Request Latency,ms,p95,7926.68
15,1789646608411513856,1789646618411513856,Request Latency,ms,p99,7926.71
15,1789646608411513856,1789646618411513856,Request Latency,ms,std,29.84
15,1789646608411513856,1789646618411513856,Request Throughput,requests/sec,avg,3.20
15,1789646608411513856,1789646618411513856,Time to First Token,ms,avg,426.09
15,1789646608411513856,1789646618411513856,Time to First Token,ms,min,224.36
15,1789646608411513856,1789646618411513856,Time to First Token,ms,max,479.11
15,1789646608411513856,1789646618411513856,Time to First Token,ms,sum,13634.96
15,1789646608411513856,1789646618411513856,Time to First Token,ms,p1,250.85
15,1789646608411513856,1789646618411513856,Time to First Token,ms,p5,309.93
15,1789646608411513856,1789646618411513856,Time to First Token,ms,p10,315.33
15,1789646608411513856,1789646618411513856,Time to First Token,ms,p25,362.67
15,1789646608411513856,1789646618411513856,Time to First Token,ms,p50,478.91
15,1789646608411513856,1789646618411513856,Time to First Token,ms,p75,478.99
15,1789646608411513856,1789646618411513856,Time to First Token,ms,p90,479.03
15,1789646608411513856,1789646618411513856,Time to First Token,ms,p95,479.09
15,1789646608411513856,1789646618411513856,Time to First Token,ms,p99,479.11
15,1789646608411513856,1789646618411513856,Time to First Token,ms,std,72.72
15,1789646608411513856,1789646618411513856,Time to Second Token,ms,avg,45.59
15,1789646608411513856,1789646618411513856,Time to Second Token,ms,min,1.02
15,1789646608411513856,1789646618411513856,Time to Second Token,ms,max,155.42
15,1789646608411513856,1789646618411513856,Time to Second Token,ms,sum,1458.77
15,1789646608411513856,1789646618411513856,Time to Second Token,ms,p1,1.04
15,1789646608411513856,1789646618411513856,Time to Second Token,ms,p5,1.13
15,1789646608411513856,1789646618411513856,Time to Second Token,ms,p10,2.86
15,1789646608411513856,1789646618411513856,Time to Second Token,ms,p25,2.89
15,1789646608411513856,1789646618411513856,Time to Second Token,ms,p50,2.90
15,1789646608411513856,1789646618411513856,Time to Second Token,ms,p75,154.97
15,1789646608411513856,1789646618411513856,Time to Second Token,ms,p90,155.36
15,1789646608411513856,1789646618411513856,Time to Second Token,ms,p95,155.37
15,1789646608411513856,1789646618411513856,Time to Second Token,ms,p99,155.41
15,1789646608411513856,1789646618411513856,Time to Second Token,ms,std,68.62
15,1789646608411513856,1789646618411513856,Tokens In Flight,tokens,avg,43096.23
15,1789646608411513856,1789646618411513856,Tokens In Flight,tokens,min,14816.71
15,1789646608411513856,1789646618411513856,Tokens In Flight,tokens,max,51749.06
15,1789646608411513856,1789646618411513856,Tokens In Flight,tokens,p50,42792.45
15,1789646608411513856,1789646618411513856,Tokens In Flight,tokens,p90,49656.47
15,1789646608411513856,1789646618411513856,Tokens In Flight,tokens,p95,50684.04
15,1789646608411513856,1789646618411513856,Tokens In Flight,tokens,p99,51522.39
15,1789646608411513856,1789646618411513856,Tokens In Flight,tokens,std,4440.94
15,1789646608411513856,1789646618411513856,Total Input Sequence Length,tokens,avg,35424.00
15,1789646608411513856,1789646618411513856,Total Output Sequence Length,tokens,avg,16384.00
15,1789646608411513856,1789646618411513856,Total Reasoning Tokens,tokens,avg,16384.00
15,1789646608411513856,1789646618411513856,Total Token Throughput,tokens/sec,avg,5180.80
15,1789646608411513856,1789646618411513856,Total Usage Completion Tokens,tokens,avg,16384.00
15,1789646608411513856,1789646618411513856,Total Usage Prompt Cache Read Tokens,tokens,avg,32768.00
15,1789646608411513856,1789646618411513856,Total Usage Prompt Tokens,tokens,avg,35424.00
15,1789646608411513856,1789646618411513856,Total Usage Reasoning Tokens,tokens,avg,16384.00
15,1789646608411513856,1789646618411513856,Total Usage Total Tokens,tokens,avg,51808.00
15,1789646608411513856,1789646618411513856,Usage Completion Tokens,tokens,avg,512.00
15,1789646608411513856,1789646618411513856,Usage Completion Tokens,tokens,min,512.00
15,1789646608411513856,1789646618411513856,Usage Completion Tokens,tokens,max,512.00
15,1789646608411513856,1789646618411513856,Usage Completion Tokens,tokens,sum,16384.00
15,1789646608411513856,1789646618411513856,Usage Completion Tokens,tokens,p1,512.00
15,1789646608411513856,1789646618411513856,Usage Completion Tokens,tokens,p5,512.00
15,1789646608411513856,1789646618411513856,Usage Completion Tokens,tokens,p10,512.00
15,1789646608411513856,1789646618411513856,Usage Completion Tokens,tokens,p25,512.00
15,1789646608411513856,1789646618411513856,Usage Completion Tokens,tokens,p50,512.00
15,1789646608411513856,1789646618411513856,Usage Completion Tokens,tokens,p75,512.00
15,1789646608411513856,1789646618411513856,Usage Completion Tokens,tokens,p90,512.00
15,1789646608411513856,1789646618411513856,Usage Completion Tokens,tokens,p95,512.00
15,1789646608411513856,1789646618411513856,Usage Completion Tokens,tokens,p99,512.00
15,1789646608411513856,1789646618411513856,Usage Completion Tokens,tokens,std,0.00
15,1789646608411513856,1789646618411513856,Usage Prompt Cache Read Tokens,tokens,avg,1024.00
15,1789646608411513856,1789646618411513856,Usage Prompt Cache Read Tokens,tokens,min,1024.00
15,1789646608411513856,1789646618411513856,Usage Prompt Cache Read Tokens,tokens,max,1024.00
15,1789646608411513856,1789646618411513856,Usage Prompt Cache Read Tokens,tokens,sum,32768.00
15,1789646608411513856,1789646618411513856,Usage Prompt Cache Read Tokens,tokens,p1,1024.00
15,1789646608411513856,1789646618411513856,Usage Prompt Cache Read Tokens,tokens,p5,1024.00
15,1789646608411513856,1789646618411513856,Usage Prompt Cache Read Tokens,tokens,p10,1024.00
15,1789646608411513856,1789646618411513856,Usage Prompt Cache Read Tokens,tokens,p25,1024.00
15,1789646608411513856,1789646618411513856,Usage Prompt Cache Read Tokens,tokens,p50,1024.00
15,1789646608411513856,1789646618411513856,Usage Prompt Cache Read Tokens,tokens,p75,1024.00
15,1789646608411513856,1789646618411513856,Usage Prompt Cache Read Tokens,tokens,p90,1024.00
15,1789646608411513856,1789646618411513856,Usage Prompt Cache Read Tokens,tokens,p95,1024.00
15,1789646608411513856,1789646618411513856,Usage Prompt Cache Read Tokens,tokens,p99,1024.00
15,1789646608411513856,1789646618411513856,Usage Prompt Cache Read Tokens,tokens,std,0.00
15,1789646608411513856,1789646618411513856,Usage Prompt Tokens,tokens,avg,1107.00
15,1789646608411513856,1789646618411513856,Usage Prompt Tokens,tokens,min,1107.00
15,1789646608411513856,1789646618411513856,Usage Prompt Tokens,tokens,max,1107.00
15,1789646608411513856,1789646618411513856,Usage Prompt Tokens,tokens,sum,35424.00
15,1789646608411513856,1789646618411513856,Usage Prompt Tokens,tokens,p1,1107.00
15,1789646608411513856,1789646618411513856,Usage Prompt Tokens,tokens,p5,1107.00
15,1789646608411513856,1789646618411513856,Usage Prompt Tokens,tokens,p10,1107.00
15,1789646608411513856,1789646618411513856,Usage Prompt Tokens,tokens,p25,1107.00
15,1789646608411513856,1789646618411513856,Usage Prompt Tokens,tokens,p50,1107.00
15,1789646608411513856,1789646618411513856,Usage Prompt Tokens,tokens,p75,1107.00
15,1789646608411513856,1789646618411513856,Usage Prompt Tokens,tokens,p90,1107.00
15,1789646608411513856,1789646618411513856,Usage Prompt Tokens,tokens,p95,1107.00
15,1789646608411513856,1789646618411513856,Usage Prompt Tokens,tokens,p99,1107.00
15,1789646608411513856,1789646618411513856,Usage Prompt Tokens,tokens,std,0.00
15,1789646608411513856,1789646618411513856,Usage Reasoning Tokens,tokens,avg,512.00
15,1789646608411513856,1789646618411513856,Usage Reasoning Tokens,tokens,min,512.00
15,1789646608411513856,1789646618411513856,Usage Reasoning Tokens,tokens,max,512.00
15,1789646608411513856,1789646618411513856,Usage Reasoning Tokens,tokens,sum,16384.00
15,1789646608411513856,1789646618411513856,Usage Reasoning Tokens,tokens,p1,512.00
15,1789646608411513856,1789646618411513856,Usage Reasoning Tokens,tokens,p5,512.00
15,1789646608411513856,1789646618411513856,Usage Reasoning Tokens,tokens,p10,512.00
15,1789646608411513856,1789646618411513856,Usage Reasoning Tokens,tokens,p25,512.00
15,1789646608411513856,1789646618411513856,Usage Reasoning Tokens,tokens,p50,512.00
15,1789646608411513856,1789646618411513856,Usage Reasoning Tokens,tokens,p75,512.00
15,1789646608411513856,1789646618411513856,Usage Reasoning Tokens,tokens,p90,512.00
15,1789646608411513856,1789646618411513856,Usage Reasoning Tokens,tokens,p95,512.00
15,1789646608411513856,1789646618411513856,Usage Reasoning Tokens,tokens,p99,512.00
15,1789646608411513856,1789646618411513856,Usage Reasoning Tokens,tokens,std,0.00
15,1789646608411513856,1789646618411513856,Usage Total Tokens,tokens,avg,1619.00
15,1789646608411513856,1789646618411513856,Usage Total Tokens,tokens,min,1619.00
15,1789646608411513856,1789646618411513856,Usage Total Tokens,tokens,max,1619.00
15,1789646608411513856,1789646618411513856,Usage Total Tokens,tokens,sum,51808.00
15,1789646608411513856,1789646618411513856,Usage Total Tokens,tokens,p1,1619.00
15,1789646608411513856,1789646618411513856,Usage Total Tokens,tokens,p5,1619.00
15,1789646608411513856,1789646618411513856,Usage Total Tokens,tokens,p10,1619.00
15,1789646608411513856,1789646618411513856,Usage Total Tokens,tokens,p25,1619.00
15,1789646608411513856,1789646618411513856,Usage Total Tokens,tokens,p50,1619.00
15,1789646608411513856,1789646618411513856,Usage Total Tokens,tokens,p75,1619.00
15,1789646608411513856,1789646618411513856,Usage Total Tokens,tokens,p90,1619.00
15,1789646608411513856,1789646618411513856,Usage Total Tokens,tokens,p95,1619.00
15,1789646608411513856,1789646618411513856,Usage Total Tokens,tokens,p99,1619.00
15,1789646608411513856,1789646618411513856,Usage Total Tokens,tokens,std,0.00
16,1789646618411513856,1789646628411513856,Active Decode Throughput,tokens/sec,avg,2081.86
16,1789646618411513856,1789646628411513856,Active Decode Throughput,tokens/sec,min,7.30
16,1789646618411513856,1789646628411513856,Active Decode Throughput,tokens/sec,max,9754.10
16,1789646618411513856,1789646628411513856,Active Decode Throughput,tokens/sec,p50,2157.66
16,1789646618411513856,1789646628411513856,Active Decode Throughput,tokens/sec,p90,2293.61
16,1789646618411513856,1789646628411513856,Active Decode Throughput,tokens/sec,p95,2347.33
16,1789646618411513856,1789646628411513856,Active Decode Throughput,tokens/sec,p99,2960.71
16,1789646618411513856,1789646628411513856,Active Decode Throughput,tokens/sec,std,522.68
16,1789646618411513856,1789646628411513856,Active Decode Throughput Per User,tokens/sec/user,avg,65.35
16,1789646618411513856,1789646628411513856,Active Decode Throughput Per User,tokens/sec/user,min,3.65
16,1789646618411513856,1789646628411513856,Active Decode Throughput Per User,tokens/sec/user,max,325.14
16,1789646618411513856,1789646628411513856,Active Decode Throughput Per User,tokens/sec/user,p50,67.43
16,1789646618411513856,1789646628411513856,Active Decode Throughput Per User,tokens/sec/user,p90,71.68
16,1789646618411513856,1789646628411513856,Active Decode Throughput Per User,tokens/sec/user,p95,73.35
16,1789646618411513856,1789646628411513856,Active Decode Throughput Per User,tokens/sec/user,p99,92.52
16,1789646618411513856,1789646628411513856,Active Decode Throughput Per User,tokens/sec/user,std,15.45
16,1789646618411513856,1789646628411513856,Active Prefill Throughput,tokens/sec,avg,66380.18
16,1789646618411513856,1789646628411513856,Active Prefill Throughput,tokens/sec,min,3587.99
16,1789646618411513856,1789646628411513856,Active Prefill Throughput,tokens/sec,max,82224.76
16,1789646618411513856,1789646628411513856,Active Prefill Throughput,tokens/sec,p50,76444.48
16,1789646618411513856,1789646628411513856,Active Prefill Throughput,tokens/sec,p90,82224.76
16,1789646618411513856,1789646628411513856,Active Prefill Throughput,tokens/sec,p95,82224.76
16,1789646618411513856,1789646628411513856,Active Prefill Throughput,tokens/sec,p99,82224.76
16,1789646618411513856,1789646628411513856,Active Prefill Throughput,tokens/sec,std,19070.37
16,1789646618411513856,1789646628411513856,Active Prefill Throughput Per User,tokens/sec/user,avg,2730.78
16,1789646618411513856,1789646628411513856,Active Prefill Throughput Per User,tokens/sec/user,min,2500.72
16,1789646618411513856,1789646628411513856,Active Prefill Throughput Per User,tokens/sec/user,max,4987.85
16,1789646618411513856,1789646628411513856,Active Prefill Throughput Per User,tokens/sec/user,p50,2636.02
16,1789646618411513856,1789646628411513856,Active Prefill Throughput Per User,tokens/sec/user,p90,3299.56
16,1789646618411513856,1789646628411513856,Active Prefill Throughput Per User,tokens/sec/user,p95,3299.56
16,1789646618411513856,1789646628411513856,Active Prefill Throughput Per User,tokens/sec/user,p99,4987.85
16,1789646618411513856,1789646628411513856,Active Prefill Throughput Per User,tokens/sec/user,std,459.06
16,1789646618411513856,1789646628411513856,Active Total Throughput,tokens/sec,avg,5626.97
16,1789646618411513856,1789646628411513856,Active Total Throughput,tokens/sec,min,2114.13
16,1789646618411513856,1789646628411513856,Active Total Throughput,tokens/sec,max,82290.95
16,1789646618411513856,1789646628411513856,Active Total Throughput,tokens/sec,p50,2175.31
16,1789646618411513856,1789646628411513856,Active Total Throughput,tokens/sec,p90,2180.49
16,1789646618411513856,1789646628411513856,Active Total Throughput,tokens/sec,p95,31269.62
16,1789646618411513856,1789646628411513856,Active Total Throughput,tokens/sec,p99,82290.95
16,1789646618411513856,1789646628411513856,Active Total Throughput,tokens/sec,std,15150.90
16,1789646618411513856,1789646628411513856,Benchmark Duration,sec,avg,8.17
16,1789646618411513856,1789646628411513856,Decode Duration,ms,avg,7511.23
16,1789646618411513856,1789646628411513856,Decode Duration,ms,min,7425.96
16,1789646618411513856,1789646628411513856,Decode Duration,ms,max,7719.73
16,1789646618411513856,1789646628411513856,Decode Duration,ms,sum,240359.26
16,1789646618411513856,1789646628411513856,Decode Duration,ms,p1,7437.17
16,1789646618411513856,1789646628411513856,Decode Duration,ms,p5,7463.75
16,1789646618411513856,1789646628411513856,Decode Duration,ms,p10,7465.08
16,1789646618411513856,1789646628411513856,Decode Duration,ms,p25,7465.11
16,1789646618411513856,1789646628411513856,Decode Duration,ms,p50,7465.15
16,1789646618411513856,1789646628411513856,Decode Duration,ms,p75,7581.02
16,1789646618411513856,1789646628411513856,Decode Duration,ms,p90,7581.10
16,1789646618411513856,1789646628411513856,Decode Duration,ms,p95,7632.88
16,1789646618411513856,1789646628411513856,Decode Duration,ms,p99,7692.82
16,1789646618411513856,1789646628411513856,Decode Duration,ms,std,71.18
16,1789646618411513856,1789646628411513856,E2E Output Token Throughput,tokens/sec/user,avg,64.54
16,1789646618411513856,1789646628411513856,E2E Output Token Throughput,tokens/sec/user,min,64.47
16,1789646618411513856,1789646628411513856,E2E Output Token Throughput,tokens/sec/user,max,65.89
16,1789646618411513856,1789646628411513856,E2E Output Token Throughput,tokens/sec/user,sum,2065.41
16,1789646618411513856,1789646628411513856,E2E Output Token Throughput,tokens/sec/user,p1,64.47
16,1789646618411513856,1789646628411513856,E2E Output Token Throughput,tokens/sec/user,p5,64.47
16,1789646618411513856,1789646628411513856,E2E Output Token Throughput,tokens/sec/user,p10,64.49
16,1789646618411513856,1789646628411513856,E2E Output Token Throughput,tokens/sec/user,p25,64.49
16,1789646618411513856,1789646628411513856,E2E Output Token Throughput,tokens/sec/user,p50,64.49
16,1789646618411513856,1789646628411513856,E2E Output Token Throughput,tokens/sec/user,p75,64.49
16,1789646618411513856,1789646628411513856,E2E Output Token Throughput,tokens/sec/user,p90,64.49
16,1789646618411513856,1789646628411513856,E2E Output Token Throughput,tokens/sec/user,p95,64.64
16,1789646618411513856,1789646628411513856,E2E Output Token Throughput,tokens/sec/user,p99,65.56
16,1789646618411513856,1789646628411513856,E2E Output Token Throughput,tokens/sec/user,std,0.25
16,1789646618411513856,1789646628411513856,Effective Concurrency,requests,avg,31.99
16,1789646618411513856,1789646628411513856,Effective Concurrency,requests,min,12.00
16,1789646618411513856,1789646628411513856,Effective Concurrency,requests,max,32.00
16,1789646618411513856,1789646628411513856,Effective Concurrency,requests,p50,32.00
16,1789646618411513856,1789646628411513856,Effective Concurrency,requests,p90,32.00
16,1789646618411513856,1789646628411513856,Effective Concurrency,requests,p95,32.00
16,1789646618411513856,1789646628411513856,Effective Concurrency,requests,p99,32.00
16,1789646618411513856,1789646628411513856,Effective Concurrency,requests,std,0.39
16,1789646618411513856,1789646628411513856,Effective Decode Concurrency,requests,avg,30.64
16,1789646618411513856,1789646628411513856,Effective Decode Concurrency,requests,min,1.00
16,1789646618411513856,1789646628411513856,Effective Decode Concurrency,requests,max,32.00
16,1789646618411513856,1789646628411513856,Effective Decode Concurrency,requests,p50,32.00
16,1789646618411513856,1789646628411513856,Effective Decode Concurrency,requests,p90,32.00
16,1789646618411513856,1789646628411513856,Effective Decode Concurrency,requests,p95,32.00
16,1789646618411513856,1789646628411513856,Effective Decode Concurrency,requests,p99,32.00
16,1789646618411513856,1789646628411513856,Effective Decode Concurrency,requests,std,5.97
16,1789646618411513856,1789646628411513856,Effective Decode Throughput,tokens/sec,avg,2081.86
16,1789646618411513856,1789646628411513856,Effective Decode Throughput,tokens/sec,min,7.30
16,1789646618411513856,1789646628411513856,Effective Decode Throughput,tokens/sec,max,9754.10
16,1789646618411513856,1789646628411513856,Effective Decode Throughput,tokens/sec,p50,2157.66
16,1789646618411513856,1789646628411513856,Effective Decode Throughput,tokens/sec,p90,2293.61
16,1789646618411513856,1789646628411513856,Effective Decode Throughput,tokens/sec,p95,2347.33
16,1789646618411513856,1789646628411513856,Effective Decode Throughput,tokens/sec,p99,2960.71
16,1789646618411513856,1789646628411513856,Effective Decode Throughput,tokens/sec,std,522.68
16,1789646618411513856,1789646628411513856,Effective Decode Throughput Per User,tokens/sec/user,avg,65.35
16,1789646618411513856,1789646628411513856,Effective Decode Throughput Per User,tokens/sec/user,min,3.65
16,1789646618411513856,1789646628411513856,Effective Decode Throughput Per User,tokens/sec/user,max,325.14
16,1789646618411513856,1789646628411513856,Effective Decode Throughput Per User,tokens/sec/user,p50,67.43
16,1789646618411513856,1789646628411513856,Effective Decode Throughput Per User,tokens/sec/user,p90,71.68
16,1789646618411513856,1789646628411513856,Effective Decode Throughput Per User,tokens/sec/user,p95,73.35
16,1789646618411513856,1789646628411513856,Effective Decode Throughput Per User,tokens/sec/user,p99,92.52
16,1789646618411513856,1789646628411513856,Effective Decode Throughput Per User,tokens/sec/user,std,15.45
16,1789646618411513856,1789646628411513856,Effective Prefill Concurrency,requests,avg,1.35
16,1789646618411513856,1789646628411513856,Effective Prefill Concurrency,requests,min,0.00
16,1789646618411513856,1789646628411513856,Effective Prefill Concurrency,requests,max,31.00
16,1789646618411513856,1789646628411513856,Effective Prefill Concurrency,requests,p50,0.00
16,1789646618411513856,1789646628411513856,Effective Prefill Concurrency,requests,p90,0.00
16,1789646618411513856,1789646628411513856,Effective Prefill Concurrency,requests,p95,9.00
16,1789646618411513856,1789646628411513856,Effective Prefill Concurrency,requests,p99,31.00
16,1789646618411513856,1789646628411513856,Effective Prefill Concurrency,requests,std,5.94
16,1789646618411513856,1789646628411513856,Effective Prefill Throughput,tokens/sec,avg,3542.40
16,1789646618411513856,1789646628411513856,Effective Prefill Throughput,tokens/sec,min,0.00
16,1789646618411513856,1789646628411513856,Effective Prefill Throughput,tokens/sec,max,82224.76
16,1789646618411513856,1789646628411513856,Effective Prefill Throughput,tokens/sec,p50,0.00
16,1789646618411513856,1789646628411513856,Effective Prefill Throughput,tokens/sec,p90,0.00
16,1789646618411513856,1789646628411513856,Effective Prefill Throughput,tokens/sec,p95,29696.00
16,1789646618411513856,1789646628411513856,Effective Prefill Throughput,tokens/sec,p99,82224.76
16,1789646618411513856,1789646628411513856,Effective Prefill Throughput,tokens/sec,std,15556.49
16,1789646618411513856,1789646628411513856,Effective Prefill Throughput Per User,tokens/sec/user,avg,145.73
16,1789646618411513856,1789646628411513856,Effective Prefill Throughput Per User,tokens/sec/user,min,0.00
16,1789646618411513856,1789646628411513856,Effective Prefill Throughput Per User,tokens/sec/user,max,4987.85
16,1789646618411513856,1789646628411513856,Effective Prefill Throughput Per User,tokens/sec/user,p50,0.00
16,1789646618411513856,1789646628411513856,Effective Prefill Throughput Per User,tokens/sec/user,p90,0.00
16,1789646618411513856,1789646628411513856,Effective Prefill Throughput Per User,tokens/sec/user,p95,2500.72
16,1789646618411513856,1789646628411513856,Effective Prefill Throughput Per User,tokens/sec/user,p99,2652.41
16,1789646618411513856,1789646628411513856,Effective Prefill Throughput Per User,tokens/sec/user,std,622.87
16,1789646618411513856,1789646628411513856,Effective Total Throughput,tokens/sec,avg,5626.97
16,1789646618411513856,1789646628411513856,Effective Total Throughput,tokens/sec,min,2114.13
16,1789646618411513856,1789646628411513856,Effective Total Throughput,tokens/sec,max,82290.95
16,1789646618411513856,1789646628411513856,Effective Total Throughput,tokens/sec,p50,2175.31
16,1789646618411513856,1789646628411513856,Effective Total Throughput,tokens/sec,p90,2180.49
16,1789646618411513856,1789646628411513856,Effective Total Throughput,tokens/sec,p95,31269.62
16,1789646618411513856,1789646628411513856,Effective Total Throughput,tokens/sec,p99,82290.95
16,1789646618411513856,1789646628411513856,Effective Total Throughput,tokens/sec,std,15150.90
16,1789646618411513856,1789646628411513856,HTTP Blocked,ms,avg,0.00
16,1789646618411513856,1789646628411513856,HTTP Blocked,ms,min,0.00
16,1789646618411513856,1789646628411513856,HTTP Blocked,ms,max,0.00
16,1789646618411513856,1789646628411513856,HTTP Blocked,ms,sum,0.00
16,1789646618411513856,1789646628411513856,HTTP Blocked,ms,p1,0.00
16,1789646618411513856,1789646628411513856,HTTP Blocked,ms,p5,0.00
16,1789646618411513856,1789646628411513856,HTTP Blocked,ms,p10,0.00
16,1789646618411513856,1789646628411513856,HTTP Blocked,ms,p25,0.00
16,1789646618411513856,1789646628411513856,HTTP Blocked,ms,p50,0.00
16,1789646618411513856,1789646628411513856,HTTP Blocked,ms,p75,0.00
16,1789646618411513856,1789646628411513856,HTTP Blocked,ms,p90,0.00
16,1789646618411513856,1789646628411513856,HTTP Blocked,ms,p95,0.00
16,1789646618411513856,1789646628411513856,HTTP Blocked,ms,p99,0.00
16,1789646618411513856,1789646628411513856,HTTP Blocked,ms,std,0.00
16,1789646618411513856,1789646628411513856,HTTP Chunks Received,count,avg,471.53
16,1789646618411513856,1789646628411513856,HTTP Chunks Received,count,min,442.00
16,1789646618411513856,1789646628411513856,HTTP Chunks Received,count,max,505.00
16,1789646618411513856,1789646628411513856,HTTP Chunks Received,count,sum,15089.00
16,1789646618411513856,1789646628411513856,HTTP Chunks Received,count,p1,443.24
16,1789646618411513856,1789646628411513856,HTTP Chunks Received,count,p5,449.30
16,1789646618411513856,1789646628411513856,HTTP Chunks Received,count,p10,453.40
16,1789646618411513856,1789646628411513856,HTTP Chunks Received,count,p25,461.50
16,1789646618411513856,1789646628411513856,HTTP Chunks Received,count,p50,469.50
16,1789646618411513856,1789646628411513856,HTTP Chunks Received,count,p75,481.25
16,1789646618411513856,1789646628411513856,HTTP Chunks Received,count,p90,496.60
16,1789646618411513856,1789646628411513856,HTTP Chunks Received,count,p95,497.45
16,1789646618411513856,1789646628411513856,HTTP Chunks Received,count,p99,502.83
16,1789646618411513856,1789646628411513856,HTTP Chunks Received,count,std,15.59
16,1789646618411513856,1789646628411513856,HTTP Chunks Sent,count,avg,1.00
16,1789646618411513856,1789646628411513856,HTTP Chunks Sent,count,min,1.00
16,1789646618411513856,1789646628411513856,HTTP Chunks Sent,count,max,1.00
16,1789646618411513856,1789646628411513856,HTTP Chunks Sent,count,sum,32.00
16,1789646618411513856,1789646628411513856,HTTP Chunks Sent,count,p1,1.00
16,1789646618411513856,1789646628411513856,HTTP Chunks Sent,count,p5,1.00
16,1789646618411513856,1789646628411513856,HTTP Chunks Sent,count,p10,1.00
16,1789646618411513856,1789646628411513856,HTTP Chunks Sent,count,p25,1.00
16,1789646618411513856,1789646628411513856,HTTP Chunks Sent,count,p50,1.00
16,1789646618411513856,1789646628411513856,HTTP Chunks Sent,count,p75,1.00
16,1789646618411513856,1789646628411513856,HTTP Chunks Sent,count,p90,1.00
16,1789646618411513856,1789646628411513856,HTTP Chunks Sent,count,p95,1.00
16,1789646618411513856,1789646628411513856,HTTP Chunks Sent,count,p99,1.00
16,1789646618411513856,1789646628411513856,HTTP Chunks Sent,count,std,0.00
16,1789646618411513856,1789646628411513856,HTTP Connecting,ms,avg,0.00
16,1789646618411513856,1789646628411513856,HTTP Connecting,ms,min,0.00
16,1789646618411513856,1789646628411513856,HTTP Connecting,ms,max,0.00
16,1789646618411513856,1789646628411513856,HTTP Connecting,ms,sum,0.00
16,1789646618411513856,1789646628411513856,HTTP Connecting,ms,p1,0.00
16,1789646618411513856,1789646628411513856,HTTP Connecting,ms,p5,0.00
16,1789646618411513856,1789646628411513856,HTTP Connecting,ms,p10,0.00
16,1789646618411513856,1789646628411513856,HTTP Connecting,ms,p25,0.00
16,1789646618411513856,1789646628411513856,HTTP Connecting,ms,p50,0.00
16,1789646618411513856,1789646628411513856,HTTP Connecting,ms,p75,0.00
16,1789646618411513856,1789646628411513856,HTTP Connecting,ms,p90,0.00
16,1789646618411513856,1789646628411513856,HTTP Connecting,ms,p95,0.00
16,1789646618411513856,1789646628411513856,HTTP Connecting,ms,p99,0.00
16,1789646618411513856,1789646628411513856,HTTP Connecting,ms,std,0.00
16,1789646618411513856,1789646628411513856,HTTP Connection Overhead,ms,avg,0.00
16,1789646618411513856,1789646628411513856,HTTP Connection Overhead,ms,min,0.00
16,1789646618411513856,1789646628411513856,HTTP Connection Overhead,ms,max,0.00
16,1789646618411513856,1789646628411513856,HTTP Connection Overhead,ms,sum,0.00
16,1789646618411513856,1789646628411513856,HTTP Connection Overhead,ms,p1,0.00
16,1789646618411513856,1789646628411513856,HTTP Connection Overhead,ms,p5,0.00
16,1789646618411513856,1789646628411513856,HTTP Connection Overhead,ms,p10,0.00
16,1789646618411513856,1789646628411513856,HTTP Connection Overhead,ms,p25,0.00
16,1789646618411513856,1789646628411513856,HTTP Connection Overhead,ms,p50,0.00
16,1789646618411513856,1789646628411513856,HTTP Connection Overhead,ms,p75,0.00
16,1789646618411513856,1789646628411513856,HTTP Connection Overhead,ms,p90,0.00
16,1789646618411513856,1789646628411513856,HTTP Connection Overhead,ms,p95,0.00
16,1789646618411513856,1789646628411513856,HTTP Connection Overhead,ms,p99,0.00
16,1789646618411513856,1789646628411513856,HTTP Connection Overhead,ms,std,0.00
16,1789646618411513856,1789646628411513856,HTTP Connection Reused,ratio,avg,1.00
16,1789646618411513856,1789646628411513856,HTTP Connection Reused,ratio,min,1.00
16,1789646618411513856,1789646628411513856,HTTP Connection Reused,ratio,max,1.00
16,1789646618411513856,1789646628411513856,HTTP Connection Reused,ratio,sum,32.00
16,1789646618411513856,1789646628411513856,HTTP Connection Reused,ratio,p1,1.00
16,1789646618411513856,1789646628411513856,HTTP Connection Reused,ratio,p5,1.00
16,1789646618411513856,1789646628411513856,HTTP Connection Reused,ratio,p10,1.00
16,1789646618411513856,1789646628411513856,HTTP Connection Reused,ratio,p25,1.00
16,1789646618411513856,1789646628411513856,HTTP Connection Reused,ratio,p50,1.00
16,1789646618411513856,1789646628411513856,HTTP Connection Reused,ratio,p75,1.00
16,1789646618411513856,1789646628411513856,HTTP Connection Reused,ratio,p90,1.00
16,1789646618411513856,1789646628411513856,HTTP Connection Reused,ratio,p95,1.00
16,1789646618411513856,1789646628411513856,HTTP Connection Reused,ratio,p99,1.00
16,1789646618411513856,1789646628411513856,HTTP Connection Reused,ratio,std,0.00
16,1789646618411513856,1789646628411513856,HTTP Data Received,KB,avg,125.74
16,1789646618411513856,1789646628411513856,HTTP Data Received,KB,min,117.93
16,1789646618411513856,1789646628411513856,HTTP Data Received,KB,max,134.46
16,1789646618411513856,1789646628411513856,HTTP Data Received,KB,sum,4023.59
16,1789646618411513856,1789646628411513856,HTTP Data Received,KB,p1,118.29
16,1789646618411513856,1789646628411513856,HTTP Data Received,KB,p5,119.89
16,1789646618411513856,1789646628411513856,HTTP Data Received,KB,p10,120.90
16,1789646618411513856,1789646628411513856,HTTP Data Received,KB,p25,123.11
16,1789646618411513856,1789646628411513856,HTTP Data Received,KB,p50,125.26
16,1789646618411513856,1789646628411513856,HTTP Data Received,KB,p75,128.36
16,1789646618411513856,1789646628411513856,HTTP Data Received,KB,p90,132.22
16,1789646618411513856,1789646628411513856,HTTP Data Received,KB,p95,132.63
16,1789646618411513856,1789646628411513856,HTTP Data Received,KB,p99,133.96
16,1789646618411513856,1789646628411513856,HTTP Data Received,KB,std,4.10
16,1789646618411513856,1789646628411513856,HTTP Data Sent,KB,avg,4.60
16,1789646618411513856,1789646628411513856,HTTP Data Sent,KB,min,4.08
16,1789646618411513856,1789646628411513856,HTTP Data Sent,KB,max,4.96
16,1789646618411513856,1789646628411513856,HTTP Data Sent,KB,sum,147.28
16,1789646618411513856,1789646628411513856,HTTP Data Sent,KB,p1,4.17
16,1789646618411513856,1789646628411513856,HTTP Data Sent,KB,p5,4.38
16,1789646618411513856,1789646628411513856,HTTP Data Sent,KB,p10,4.39
16,1789646618411513856,1789646628411513856,HTTP Data Sent,KB,p25,4.50
16,1789646618411513856,1789646628411513856,HTTP Data Sent,KB,p50,4.58
16,1789646618411513856,1789646628411513856,HTTP Data Sent,KB,p75,4.71
16,1789646618411513856,1789646628411513856,HTTP Data Sent,KB,p90,4.83
16,1789646618411513856,1789646628411513856,HTTP Data Sent,KB,p95,4.90
16,1789646618411513856,1789646628411513856,HTTP Data Sent,KB,p99,4.96
16,1789646618411513856,1789646628411513856,HTTP Data Sent,KB,std,0.18
16,1789646618411513856,1789646628411513856,HTTP DNS Lookup,ms,avg,0.00
16,1789646618411513856,1789646628411513856,HTTP DNS Lookup,ms,min,0.00
16,1789646618411513856,1789646628411513856,HTTP DNS Lookup,ms,max,0.00
16,1789646618411513856,1789646628411513856,HTTP DNS Lookup,ms,sum,0.00
16,1789646618411513856,1789646628411513856,HTTP DNS Lookup,ms,p1,0.00
16,1789646618411513856,1789646628411513856,HTTP DNS Lookup,ms,p5,0.00
16,1789646618411513856,1789646628411513856,HTTP DNS Lookup,ms,p10,0.00
16,1789646618411513856,1789646628411513856,HTTP DNS Lookup,ms,p25,0.00
16,1789646618411513856,1789646628411513856,HTTP DNS Lookup,ms,p50,0.00
16,1789646618411513856,1789646628411513856,HTTP DNS Lookup,ms,p75,0.00
16,1789646618411513856,1789646628411513856,HTTP DNS Lookup,ms,p90,0.00
16,1789646618411513856,1789646628411513856,HTTP DNS Lookup,ms,p95,0.00
16,1789646618411513856,1789646628411513856,HTTP DNS Lookup,ms,p99,0.00
16,1789646618411513856,1789646628411513856,HTTP DNS Lookup,ms,std,0.00
16,1789646618411513856,1789646628411513856,HTTP Duration (excl. conn),ms,avg,7939.18
16,1789646618411513856,1789646628411513856,HTTP Duration (excl. conn),ms,min,7938.52
16,1789646618411513856,1789646628411513856,HTTP Duration (excl. conn),ms,max,7941.62
16,1789646618411513856,1789646628411513856,HTTP Duration (excl. conn),ms,sum,254053.70
16,1789646618411513856,1789646628411513856,HTTP Duration (excl. conn),ms,p1,7938.53
16,1789646618411513856,1789646628411513856,HTTP Duration (excl. conn),ms,p5,7938.55
16,1789646618411513856,1789646628411513856,HTTP Duration (excl. conn),ms,p10,7938.57
16,1789646618411513856,1789646628411513856,HTTP Duration (excl. conn),ms,p25,7938.67
16,1789646618411513856,1789646628411513856,HTTP Duration (excl. conn),ms,p50,7938.73
16,1789646618411513856,1789646628411513856,HTTP Duration (excl. conn),ms,p75,7939.39
16,1789646618411513856,1789646628411513856,HTTP Duration (excl. conn),ms,p90,7940.92
16,1789646618411513856,1789646628411513856,HTTP Duration (excl. conn),ms,p95,7941.26
16,1789646618411513856,1789646628411513856,HTTP Duration (excl. conn),ms,p99,7941.51
16,1789646618411513856,1789646628411513856,HTTP Duration (excl. conn),ms,std,0.87
16,1789646618411513856,1789646628411513856,HTTP Receiving,ms,avg,7517.79
16,1789646618411513856,1789646628411513856,HTTP Receiving,ms,min,7465.08
16,1789646618411513856,1789646628411513856,HTTP Receiving,ms,max,7719.74
16,1789646618411513856,1789646628411513856,HTTP Receiving,ms,sum,240569.15
16,1789646618411513856,1789646628411513856,HTTP Receiving,ms,p1,7465.08
16,1789646618411513856,1789646628411513856,HTTP Receiving,ms,p5,7465.08
16,1789646618411513856,1789646628411513856,HTTP Receiving,ms,p10,7465.09
16,1789646618411513856,1789646628411513856,HTTP Receiving,ms,p25,7465.12
16,1789646618411513856,1789646628411513856,HTTP Receiving,ms,p50,7465.15
16,1789646618411513856,1789646628411513856,HTTP Receiving,ms,p75,7581.03
16,1789646618411513856,1789646628411513856,HTTP Receiving,ms,p90,7627.61
16,1789646618411513856,1789646628411513856,HTTP Receiving,ms,p95,7632.87
16,1789646618411513856,1789646628411513856,HTTP Receiving,ms,p99,7692.83
16,1789646618411513856,1789646628411513856,HTTP Receiving,ms,std,72.45
16,1789646618411513856,1789646628411513856,HTTP Sending,ms,avg,0.14
16,1789646618411513856,1789646628411513856,HTTP Sending,ms,min,0.13
16,1789646618411513856,1789646628411513856,HTTP Sending,ms,max,0.15
16,1789646618411513856,1789646628411513856,HTTP Sending,ms,sum,4.40
16,1789646618411513856,1789646628411513856,HTTP Sending,ms,p1,0.13
16,1789646618411513856,1789646628411513856,HTTP Sending,ms,p5,0.13
16,1789646618411513856,1789646628411513856,HTTP Sending,ms,p10,0.13
16,1789646618411513856,1789646628411513856,HTTP Sending,ms,p25,0.13
16,1789646618411513856,1789646628411513856,HTTP Sending,ms,p50,0.14
16,1789646618411513856,1789646628411513856,HTTP Sending,ms,p75,0.14
16,1789646618411513856,1789646628411513856,HTTP Sending,ms,p90,0.15
16,1789646618411513856,1789646628411513856,HTTP Sending,ms,p95,0.15
16,1789646618411513856,1789646628411513856,HTTP Sending,ms,p99,0.15
16,1789646618411513856,1789646628411513856,HTTP Sending,ms,std,0.01
16,1789646618411513856,1789646628411513856,HTTP Total Time,ms,avg,7939.18
16,1789646618411513856,1789646628411513856,HTTP Total Time,ms,min,7938.52
16,1789646618411513856,1789646628411513856,HTTP Total Time,ms,max,7941.62
16,1789646618411513856,1789646628411513856,HTTP Total Time,ms,sum,254053.70
16,1789646618411513856,1789646628411513856,HTTP Total Time,ms,p1,7938.53
16,1789646618411513856,1789646628411513856,HTTP Total Time,ms,p5,7938.55
16,1789646618411513856,1789646628411513856,HTTP Total Time,ms,p10,7938.57
16,1789646618411513856,1789646628411513856,HTTP Total Time,ms,p25,7938.67
16,1789646618411513856,1789646628411513856,HTTP Total Time,ms,p50,7938.73
16,1789646618411513856,1789646628411513856,HTTP Total Time,ms,p75,7939.39
16,1789646618411513856,1789646628411513856,HTTP Total Time,ms,p90,7940.92
16,1789646618411513856,1789646628411513856,HTTP Total Time,ms,p95,7941.26
16,1789646618411513856,1789646628411513856,HTTP Total Time,ms,p99,7941.51
16,1789646618411513856,1789646628411513856,HTTP Total Time,ms,std,0.87
16,1789646618411513856,1789646628411513856,HTTP Waiting (TTFB),ms,avg,421.25
16,1789646618411513856,1789646628411513856,HTTP Waiting (TTFB),ms,min,221.75
16,1789646618411513856,1789646628411513856,HTTP Waiting (TTFB),ms,max,473.55
16,1789646618411513856,1789646628411513856,HTTP Waiting (TTFB),ms,sum,13480.15
16,1789646618411513856,1789646628411513856,HTTP Waiting (TTFB),ms,p1,248.53
16,1789646618411513856,1789646628411513856,HTTP Waiting (TTFB),ms,p5,308.16
16,1789646618411513856,1789646628411513856,HTTP Waiting (TTFB),ms,p10,313.32
16,1789646618411513856,1789646628411513856,HTTP Waiting (TTFB),ms,p25,358.22
16,1789646618411513856,1789646628411513856,HTTP Waiting (TTFB),ms,p50,473.32
16,1789646618411513856,1789646628411513856,HTTP Waiting (TTFB),ms,p75,473.44
16,1789646618411513856,1789646628411513856,HTTP Waiting (TTFB),ms,p90,473.46
16,1789646618411513856,1789646628411513856,HTTP Waiting (TTFB),ms,p95,473.48
16,1789646618411513856,1789646628411513856,HTTP Waiting (TTFB),ms,p99,473.54
16,1789646618411513856,1789646628411513856,HTTP Waiting (TTFB),ms,std,71.65
16,1789646618411513856,1789646628411513856,Input Sequence Length,tokens,avg,1107.00
16,1789646618411513856,1789646628411513856,Input Sequence Length,tokens,min,1107.00
16,1789646618411513856,1789646628411513856,Input Sequence Length,tokens,max,1107.00
16,1789646618411513856,1789646628411513856,Input Sequence Length,tokens,sum,35424.00
16,1789646618411513856,1789646628411513856,Input Sequence Length,tokens,p1,1107.00
16,1789646618411513856,1789646628411513856,Input Sequence Length,tokens,p5,1107.00
16,1789646618411513856,1789646628411513856,Input Sequence Length,tokens,p10,1107.00
16,1789646618411513856,1789646628411513856,Input Sequence Length,tokens,p25,1107.00
16,1789646618411513856,1789646628411513856,Input Sequence Length,tokens,p50,1107.00
16,1789646618411513856,1789646628411513856,Input Sequence Length,tokens,p75,1107.00
16,1789646618411513856,1789646628411513856,Input Sequence Length,tokens,p90,1107.00
16,1789646618411513856,1789646628411513856,Input Sequence Length,tokens,p95,1107.00
16,1789646618411513856,1789646628411513856,Input Sequence Length,tokens,p99,1107.00
16,1789646618411513856,1789646628411513856,Input Sequence Length,tokens,std,0.00
16,1789646618411513856,1789646628411513856,Input Token Throughput,tokens/sec,avg,3542.40
16,1789646618411513856,1789646628411513856,Inter Chunk Latency,ms,avg,15.97
16,1789646618411513856,1789646628411513856,Inter Chunk Latency,ms,min,1.12
16,1789646618411513856,1789646628411513856,Inter Chunk Latency,ms,max,170.82
16,1789646618411513856,1789646628411513856,Inter Chunk Latency,ms,sum,240359.26
16,1789646618411513856,1789646628411513856,Inter Chunk Latency,ms,p1,8.95
16,1789646618411513856,1789646628411513856,Inter Chunk Latency,ms,p5,13.32
16,1789646618411513856,1789646628411513856,Inter Chunk Latency,ms,p10,14.05
16,1789646618411513856,1789646628411513856,Inter Chunk Latency,ms,p25,14.53
16,1789646618411513856,1789646628411513856,Inter Chunk Latency,ms,p50,14.92
16,1789646618411513856,1789646628411513856,Inter Chunk Latency,ms,p75,15.22
16,1789646618411513856,1789646628411513856,Inter Chunk Latency,ms,p90,15.60
16,1789646618411513856,1789646628411513856,Inter Chunk Latency,ms,p95,29.43
16,1789646618411513856,1789646628411513856,Inter Chunk Latency,ms,p99,30.73
16,1789646618411513856,1789646628411513856,Inter Chunk Latency,ms,std,6.03
16,1789646618411513856,1789646628411513856,Inter Token Latency,ms,avg,14.70
16,1789646618411513856,1789646628411513856,Inter Token Latency,ms,min,14.53
16,1789646618411513856,1789646628411513856,Inter Token Latency,ms,max,15.11
16,1789646618411513856,1789646628411513856,Inter Token Latency,ms,sum,470.37
16,1789646618411513856,1789646628411513856,Inter Token Latency,ms,p1,14.55
16,1789646618411513856,1789646628411513856,Inter Token Latency,ms,p5,14.61
16,1789646618411513856,1789646628411513856,Inter Token Latency,ms,p10,14.61
16,1789646618411513856,1789646628411513856,Inter Token Latency,ms,p25,14.61
16,1789646618411513856,1789646628411513856,Inter Token Latency,ms,p50,14.61
16,1789646618411513856,1789646628411513856,Inter Token Latency,ms,p75,14.84
16,1789646618411513856,1789646628411513856,Inter Token Latency,ms,p90,14.84
16,1789646618411513856,1789646628411513856,Inter Token Latency,ms,p95,14.94
16,1789646618411513856,1789646628411513856,Inter Token Latency,ms,p99,15.05
16,1789646618411513856,1789646628411513856,Inter Token Latency,ms,std,0.14
16,1789646618411513856,1789646628411513856,OSL Mismatch Count,requests,avg,0.00
16,1789646618411513856,1789646628411513856,OSL Mismatch Diff %,%,avg,0.00
16,1789646618411513856,1789646628411513856,OSL Mismatch Diff %,%,min,0.00
16,1789646618411513856,1789646628411513856,OSL Mismatch Diff %,%,max,0.00
16,1789646618411513856,1789646628411513856,OSL Mismatch Diff %,%,sum,0.00
16,1789646618411513856,1789646628411513856,OSL Mismatch Diff %,%,p1,0.00
16,1789646618411513856,1789646628411513856,OSL Mismatch Diff %,%,p5,0.00
16,1789646618411513856,1789646628411513856,OSL Mismatch Diff %,%,p10,0.00
16,1789646618411513856,1789646628411513856,OSL Mismatch Diff %,%,p25,0.00
16,1789646618411513856,1789646628411513856,OSL Mismatch Diff %,%,p50,0.00
16,1789646618411513856,1789646628411513856,OSL Mismatch Diff %,%,p75,0.00
16,1789646618411513856,1789646628411513856,OSL Mismatch Diff %,%,p90,0.00
16,1789646618411513856,1789646628411513856,OSL Mismatch Diff %,%,p95,0.00
16,1789646618411513856,1789646628411513856,OSL Mismatch Diff %,%,p99,0.00
16,1789646618411513856,1789646628411513856,OSL Mismatch Diff %,%,std,0.00
16,1789646618411513856,1789646628411513856,Output Sequence Length,tokens,avg,512.00
16,1789646618411513856,1789646628411513856,Output Sequence Length,tokens,min,512.00
16,1789646618411513856,1789646628411513856,Output Sequence Length,tokens,max,512.00
16,1789646618411513856,1789646628411513856,Output Sequence Length,tokens,sum,16384.00
16,1789646618411513856,1789646628411513856,Output Sequence Length,tokens,p1,512.00
16,1789646618411513856,1789646628411513856,Output Sequence Length,tokens,p5,512.00
16,1789646618411513856,1789646628411513856,Output Sequence Length,tokens,p10,512.00
16,1789646618411513856,1789646628411513856,Output Sequence Length,tokens,p25,512.00
16,1789646618411513856,1789646628411513856,Output Sequence Length,tokens,p50,512.00
16,1789646618411513856,1789646628411513856,Output Sequence Length,tokens,p75,512.00
16,1789646618411513856,1789646628411513856,Output Sequence Length,tokens,p90,512.00
16,1789646618411513856,1789646628411513856,Output Sequence Length,tokens,p95,512.00
16,1789646618411513856,1789646628411513856,Output Sequence Length,tokens,p99,512.00
16,1789646618411513856,1789646628411513856,Output Sequence Length,tokens,std,0.00
16,1789646618411513856,1789646628411513856,Output Token Throughput,tokens/sec,avg,1638.40
16,1789646618411513856,1789646628411513856,Output Token Throughput Per User,tokens/sec/user,avg,68.04
16,1789646618411513856,1789646628411513856,Output Token Throughput Per User,tokens/sec/user,min,66.19
16,1789646618411513856,1789646628411513856,Output Token Throughput Per User,tokens/sec/user,max,68.81
16,1789646618411513856,1789646628411513856,Output Token Throughput Per User,tokens/sec/user,sum,2177.20
16,1789646618411513856,1789646628411513856,Output Token Throughput Per User,tokens/sec/user,p1,66.43
16,1789646618411513856,1789646628411513856,Output Token Throughput Per User,tokens/sec/user,p5,66.95
16,1789646618411513856,1789646628411513856,Output Token Throughput Per User,tokens/sec/user,p10,67.40
16,1789646618411513856,1789646628411513856,Output Token Throughput Per User,tokens/sec/user,p25,67.41
16,1789646618411513856,1789646628411513856,Output Token Throughput Per User,tokens/sec/user,p50,68.45
16,1789646618411513856,1789646628411513856,Output Token Throughput Per User,tokens/sec/user,p75,68.45
16,1789646618411513856,1789646628411513856,Output Token Throughput Per User,tokens/sec/user,p90,68.45
16,1789646618411513856,1789646628411513856,Output Token Throughput Per User,tokens/sec/user,p95,68.46
16,1789646618411513856,1789646628411513856,Output Token Throughput Per User,tokens/sec/user,p99,68.71
16,1789646618411513856,1789646628411513856,Output Token Throughput Per User,tokens/sec/user,std,0.64
16,1789646618411513856,1789646628411513856,Overall Usage Prompt Cache Read %,%,avg,92.50
16,1789646618411513856,1789646628411513856,Prefill Throughput Per User,tokens/sec/user,avg,2725.39
16,1789646618411513856,1789646628411513856,Prefill Throughput Per User,tokens/sec/user,min,2336.62
16,1789646618411513856,1789646628411513856,Prefill Throughput Per User,tokens/sec/user,max,4987.85
16,1789646618411513856,1789646628411513856,Prefill Throughput Per User,tokens/sec/user,sum,87212.60
16,1789646618411513856,1789646628411513856,Prefill Throughput Per User,tokens/sec/user,p1,2336.72
16,1789646618411513856,1789646628411513856,Prefill Throughput Per User,tokens/sec/user,p5,2337.02
16,1789646618411513856,1789646628411513856,Prefill Throughput Per User,tokens/sec/user,p10,2337.13
16,1789646618411513856,1789646628411513856,Prefill Throughput Per User,tokens/sec/user,p25,2337.26
16,1789646618411513856,1789646628411513856,Prefill Throughput Per User,tokens/sec/user,p50,2337.79
16,1789646618411513856,1789646628411513856,Prefill Throughput Per User,tokens/sec/user,p75,3088.48
16,1789646618411513856,1789646628411513856,Prefill Throughput Per User,tokens/sec/user,p90,3538.10
16,1789646618411513856,1789646628411513856,Prefill Throughput Per User,tokens/sec/user,p95,3590.02
16,1789646618411513856,1789646628411513856,Prefill Throughput Per User,tokens/sec/user,p99,4554.67
16,1789646618411513856,1789646628411513856,Prefill Throughput Per User,tokens/sec/user,std,597.48
16,1789646618411513856,1789646628411513856,Reasoning Token Count,tokens,avg,512.00
16,1789646618411513856,1789646628411513856,Reasoning Token Count,tokens,min,512.00
16,1789646618411513856,1789646628411513856,Reasoning Token Count,tokens,max,512.00
16,1789646618411513856,1789646628411513856,Reasoning Token Count,tokens,sum,16384.00
16,1789646618411513856,1789646628411513856,Reasoning Token Count,tokens,p1,512.00
16,1789646618411513856,1789646628411513856,Reasoning Token Count,tokens,p5,512.00
16,1789646618411513856,1789646628411513856,Reasoning Token Count,tokens,p10,512.00
16,1789646618411513856,1789646628411513856,Reasoning Token Count,tokens,p25,512.00
16,1789646618411513856,1789646628411513856,Reasoning Token Count,tokens,p50,512.00
16,1789646618411513856,1789646628411513856,Reasoning Token Count,tokens,p75,512.00
16,1789646618411513856,1789646628411513856,Reasoning Token Count,tokens,p90,512.00
16,1789646618411513856,1789646628411513856,Reasoning Token Count,tokens,p95,512.00
16,1789646618411513856,1789646628411513856,Reasoning Token Count,tokens,p99,512.00
16,1789646618411513856,1789646628411513856,Reasoning Token Count,tokens,std,0.00
16,1789646618411513856,1789646628411513856,Request Count,requests,avg,32.00
16,1789646618411513856,1789646628411513856,Request Latency,ms,avg,7932.68
16,1789646618411513856,1789646628411513856,Request Latency,ms,min,7770.66
16,1789646618411513856,1789646628411513856,Request Latency,ms,max,7941.67
16,1789646618411513856,1789646628411513856,Request Latency,ms,sum,253845.79
16,1789646618411513856,1789646628411513856,Request Latency,ms,p1,7810.58
16,1789646618411513856,1789646628411513856,Request Latency,ms,p5,7920.96
16,1789646618411513856,1789646628411513856,Request Latency,ms,p10,7938.63
16,1789646618411513856,1789646628411513856,Request Latency,ms,p25,7938.72
16,1789646618411513856,1789646628411513856,Request Latency,ms,p50,7938.78
16,1789646618411513856,1789646628411513856,Request Latency,ms,p75,7939.43
16,1789646618411513856,1789646628411513856,Request Latency,ms,p90,7939.55
16,1789646618411513856,1789646628411513856,Request Latency,ms,p95,7941.22
16,1789646618411513856,1789646628411513856,Request Latency,ms,p99,7941.56
16,1789646618411513856,1789646628411513856,Request Latency,ms,std,29.92
16,1789646618411513856,1789646628411513856,Request Throughput,requests/sec,avg,3.20
16,1789646618411513856,1789646628411513856,Time to First Token,ms,avg,421.45
16,1789646618411513856,1789646628411513856,Time to First Token,ms,min,221.94
16,1789646618411513856,1789646628411513856,Time to First Token,ms,max,473.76
16,1789646618411513856,1789646628411513856,Time to First Token,ms,sum,13486.53
16,1789646618411513856,1789646628411513856,Time to First Token,ms,p1,248.72
16,1789646618411513856,1789646628411513856,Time to First Token,ms,p5,308.35
16,1789646618411513856,1789646628411513856,Time to First Token,ms,p10,313.51
16,1789646618411513856,1789646628411513856,Time to First Token,ms,p25,358.43
16,1789646618411513856,1789646628411513856,Time to First Token,ms,p50,473.52
16,1789646618411513856,1789646628411513856,Time to First Token,ms,p75,473.63
16,1789646618411513856,1789646628411513856,Time to First Token,ms,p90,473.66
16,1789646618411513856,1789646628411513856,Time to First Token,ms,p95,473.68
16,1789646618411513856,1789646628411513856,Time to First Token,ms,p99,473.74
16,1789646618411513856,1789646628411513856,Time to First Token,ms,std,71.66
16,1789646618411513856,1789646628411513856,Time to Second Token,ms,avg,45.51
16,1789646618411513856,1789646628411513856,Time to Second Token,ms,min,1.12
16,1789646618411513856,1789646628411513856,Time to Second Token,ms,max,155.06
16,1789646618411513856,1789646628411513856,Time to Second Token,ms,sum,1456.31
16,1789646618411513856,1789646628411513856,Time to Second Token,ms,p1,1.15
16,1789646618411513856,1789646628411513856,Time to Second Token,ms,p5,1.24
16,1789646618411513856,1789646628411513856,Time to Second Token,ms,p10,2.92
16,1789646618411513856,1789646628411513856,Time to Second Token,ms,p25,2.94
16,1789646618411513856,1789646628411513856,Time to Second Token,ms,p50,2.97
16,1789646618411513856,1789646628411513856,Time to Second Token,ms,p75,153.93
16,1789646618411513856,1789646628411513856,Time to Second Token,ms,p90,155.01
16,1789646618411513856,1789646628411513856,Time to Second Token,ms,p95,155.03
16,1789646618411513856,1789646628411513856,Time to Second Token,ms,p99,155.05
16,1789646618411513856,1789646628411513856,Time to Second Token,ms,std,68.40
16,1789646618411513856,1789646628411513856,Tokens In Flight,tokens,avg,44008.05
16,1789646618411513856,1789646628411513856,Tokens In Flight,tokens,min,14817.86
16,1789646618411513856,1789646628411513856,Tokens In Flight,tokens,max,51747.82
16,1789646618411513856,1789646628411513856,Tokens In Flight,tokens,p50,45009.48
16,1789646618411513856,1789646628411513856,Tokens In Flight,tokens,p90,49623.64
16,1789646618411513856,1789646628411513856,Tokens In Flight,tokens,p95,50667.00
16,1789646618411513856,1789646628411513856,Tokens In Flight,tokens,p99,51512.19
16,1789646618411513856,1789646628411513856,Tokens In Flight,tokens,std,4603.98
16,1789646618411513856,1789646628411513856,Total Input Sequence Length,tokens,avg,35424.00
16,1789646618411513856,1789646628411513856,Total Output Sequence Length,tokens,avg,16384.00
16,1789646618411513856,1789646628411513856,Total Reasoning Tokens,tokens,avg,16384.00
16,1789646618411513856,1789646628411513856,Total Token Throughput,tokens/sec,avg,5180.80
16,1789646618411513856,1789646628411513856,Total Usage Completion Tokens,tokens,avg,16384.00
16,1789646618411513856,1789646628411513856,Total Usage Prompt Cache Read Tokens,tokens,avg,32768.00
16,1789646618411513856,1789646628411513856,Total Usage Prompt Tokens,tokens,avg,35424.00
16,1789646618411513856,1789646628411513856,Total Usage Reasoning Tokens,tokens,avg,16384.00
16,1789646618411513856,1789646628411513856,Total Usage Total Tokens,tokens,avg,51808.00
16,1789646618411513856,1789646628411513856,Usage Completion Tokens,tokens,avg,512.00
16,1789646618411513856,1789646628411513856,Usage Completion Tokens,tokens,min,512.00
16,1789646618411513856,1789646628411513856,Usage Completion Tokens,tokens,max,512.00
16,1789646618411513856,1789646628411513856,Usage Completion Tokens,tokens,sum,16384.00
16,1789646618411513856,1789646628411513856,Usage Completion Tokens,tokens,p1,512.00
16,1789646618411513856,1789646628411513856,Usage Completion Tokens,tokens,p5,512.00
16,1789646618411513856,1789646628411513856,Usage Completion Tokens,tokens,p10,512.00
16,1789646618411513856,1789646628411513856,Usage Completion Tokens,tokens,p25,512.00
16,1789646618411513856,1789646628411513856,Usage Completion Tokens,tokens,p50,512.00
16,1789646618411513856,1789646628411513856,Usage Completion Tokens,tokens,p75,512.00
16,1789646618411513856,1789646628411513856,Usage Completion Tokens,tokens,p90,512.00
16,1789646618411513856,1789646628411513856,Usage Completion Tokens,tokens,p95,512.00
16,1789646618411513856,1789646628411513856,Usage Completion Tokens,tokens,p99,512.00
16,1789646618411513856,1789646628411513856,Usage Completion Tokens,tokens,std,0.00
16,1789646618411513856,1789646628411513856,Usage Prompt Cache Read Tokens,tokens,avg,1024.00
16,1789646618411513856,1789646628411513856,Usage Prompt Cache Read Tokens,tokens,min,1024.00
16,1789646618411513856,1789646628411513856,Usage Prompt Cache Read Tokens,tokens,max,1024.00
16,1789646618411513856,1789646628411513856,Usage Prompt Cache Read Tokens,tokens,sum,32768.00
16,1789646618411513856,1789646628411513856,Usage Prompt Cache Read Tokens,tokens,p1,1024.00
16,1789646618411513856,1789646628411513856,Usage Prompt Cache Read Tokens,tokens,p5,1024.00
16,1789646618411513856,1789646628411513856,Usage Prompt Cache Read Tokens,tokens,p10,1024.00
16,1789646618411513856,1789646628411513856,Usage Prompt Cache Read Tokens,tokens,p25,1024.00
16,1789646618411513856,1789646628411513856,Usage Prompt Cache Read Tokens,tokens,p50,1024.00
16,1789646618411513856,1789646628411513856,Usage Prompt Cache Read Tokens,tokens,p75,1024.00
16,1789646618411513856,1789646628411513856,Usage Prompt Cache Read Tokens,tokens,p90,1024.00
16,1789646618411513856,1789646628411513856,Usage Prompt Cache Read Tokens,tokens,p95,1024.00
16,1789646618411513856,1789646628411513856,Usage Prompt Cache Read Tokens,tokens,p99,1024.00
16,1789646618411513856,1789646628411513856,Usage Prompt Cache Read Tokens,tokens,std,0.00
16,1789646618411513856,1789646628411513856,Usage Prompt Tokens,tokens,avg,1107.00
16,1789646618411513856,1789646628411513856,Usage Prompt Tokens,tokens,min,1107.00
16,1789646618411513856,1789646628411513856,Usage Prompt Tokens,tokens,max,1107.00
16,1789646618411513856,1789646628411513856,Usage Prompt Tokens,tokens,sum,35424.00
16,1789646618411513856,1789646628411513856,Usage Prompt Tokens,tokens,p1,1107.00
16,1789646618411513856,1789646628411513856,Usage Prompt Tokens,tokens,p5,1107.00
16,1789646618411513856,1789646628411513856,Usage Prompt Tokens,tokens,p10,1107.00
16,1789646618411513856,1789646628411513856,Usage Prompt Tokens,tokens,p25,1107.00
16,1789646618411513856,1789646628411513856,Usage Prompt Tokens,tokens,p50,1107.00
16,1789646618411513856,1789646628411513856,Usage Prompt Tokens,tokens,p75,1107.00
16,1789646618411513856,1789646628411513856,Usage Prompt Tokens,tokens,p90,1107.00
16,1789646618411513856,1789646628411513856,Usage Prompt Tokens,tokens,p95,1107.00
16,1789646618411513856,1789646628411513856,Usage Prompt Tokens,tokens,p99,1107.00
16,1789646618411513856,1789646628411513856,Usage Prompt Tokens,tokens,std,0.00
16,1789646618411513856,1789646628411513856,Usage Reasoning Tokens,tokens,avg,512.00
16,1789646618411513856,1789646628411513856,Usage Reasoning Tokens,tokens,min,512.00
16,1789646618411513856,1789646628411513856,Usage Reasoning Tokens,tokens,max,512.00
16,1789646618411513856,1789646628411513856,Usage Reasoning Tokens,tokens,sum,16384.00
16,1789646618411513856,1789646628411513856,Usage Reasoning Tokens,tokens,p1,512.00
16,1789646618411513856,1789646628411513856,Usage Reasoning Tokens,tokens,p5,512.00
16,1789646618411513856,1789646628411513856,Usage Reasoning Tokens,tokens,p10,512.00
16,1789646618411513856,1789646628411513856,Usage Reasoning Tokens,tokens,p25,512.00
16,1789646618411513856,1789646628411513856,Usage Reasoning Tokens,tokens,p50,512.00
16,1789646618411513856,1789646628411513856,Usage Reasoning Tokens,tokens,p75,512.00
16,1789646618411513856,1789646628411513856,Usage Reasoning Tokens,tokens,p90,512.00
16,1789646618411513856,1789646628411513856,Usage Reasoning Tokens,tokens,p95,512.00
16,1789646618411513856,1789646628411513856,Usage Reasoning Tokens,tokens,p99,512.00
16,1789646618411513856,1789646628411513856,Usage Reasoning Tokens,tokens,std,0.00
16,1789646618411513856,1789646628411513856,Usage Total Tokens,tokens,avg,1619.00
16,1789646618411513856,1789646628411513856,Usage Total Tokens,tokens,min,1619.00
16,1789646618411513856,1789646628411513856,Usage Total Tokens,tokens,max,1619.00
16,1789646618411513856,1789646628411513856,Usage Total Tokens,tokens,sum,51808.00
16,1789646618411513856,1789646628411513856,Usage Total Tokens,tokens,p1,1619.00
16,1789646618411513856,1789646628411513856,Usage Total Tokens,tokens,p5,1619.00
16,1789646618411513856,1789646628411513856,Usage Total Tokens,tokens,p10,1619.00
16,1789646618411513856,1789646628411513856,Usage Total Tokens,tokens,p25,1619.00
16,1789646618411513856,1789646628411513856,Usage Total Tokens,tokens,p50,1619.00
16,1789646618411513856,1789646628411513856,Usage Total Tokens,tokens,p75,1619.00
16,1789646618411513856,1789646628411513856,Usage Total Tokens,tokens,p90,1619.00
16,1789646618411513856,1789646628411513856,Usage Total Tokens,tokens,p95,1619.00
16,1789646618411513856,1789646628411513856,Usage Total Tokens,tokens,p99,1619.00
16,1789646618411513856,1789646628411513856,Usage Total Tokens,tokens,std,0.00
17,1789646628411513856,1789646638411513856,Active Decode Throughput,tokens/sec,avg,1990.06
17,1789646628411513856,1789646638411513856,Active Decode Throughput,tokens/sec,min,6.77
17,1789646628411513856,1789646638411513856,Active Decode Throughput,tokens/sec,max,9568.98
17,1789646628411513856,1789646638411513856,Active Decode Throughput,tokens/sec,p50,2148.37
17,1789646628411513856,1789646638411513856,Active Decode Throughput,tokens/sec,p90,2326.01
17,1789646628411513856,1789646638411513856,Active Decode Throughput,tokens/sec,p95,2388.07
17,1789646628411513856,1789646638411513856,Active Decode Throughput,tokens/sec,p99,3722.20
17,1789646628411513856,1789646638411513856,Active Decode Throughput,tokens/sec,std,727.26
17,1789646628411513856,1789646638411513856,Active Decode Throughput Per User,tokens/sec/user,avg,62.77
17,1789646628411513856,1789646638411513856,Active Decode Throughput Per User,tokens/sec/user,min,4.13
17,1789646628411513856,1789646638411513856,Active Decode Throughput Per User,tokens/sec/user,max,322.00
17,1789646628411513856,1789646638411513856,Active Decode Throughput Per User,tokens/sec/user,p50,67.14
17,1789646628411513856,1789646638411513856,Active Decode Throughput Per User,tokens/sec/user,p90,72.69
17,1789646628411513856,1789646638411513856,Active Decode Throughput Per User,tokens/sec/user,p95,74.63
17,1789646628411513856,1789646638411513856,Active Decode Throughput Per User,tokens/sec/user,p99,117.95
17,1789646628411513856,1789646638411513856,Active Decode Throughput Per User,tokens/sec/user,std,21.51
17,1789646628411513856,1789646638411513856,Active Prefill Throughput,tokens/sec,avg,66080.08
17,1789646628411513856,1789646638411513856,Active Prefill Throughput,tokens/sec,min,3537.68
17,1789646628411513856,1789646638411513856,Active Prefill Throughput,tokens/sec,max,81592.18
17,1789646628411513856,1789646638411513856,Active Prefill Throughput,tokens/sec,p50,75679.39
17,1789646628411513856,1789646638411513856,Active Prefill Throughput,tokens/sec,p90,81592.18
17,1789646628411513856,1789646638411513856,Active Prefill Throughput,tokens/sec,p95,81592.18
17,1789646628411513856,1789646638411513856,Active Prefill Throughput,tokens/sec,p99,81592.18
17,1789646628411513856,1789646638411513856,Active Prefill Throughput,tokens/sec,std,18621.92
17,1789646628411513856,1789646638411513856,Active Prefill Throughput Per User,tokens/sec/user,avg,2701.34
17,1789646628411513856,1789646638411513856,Active Prefill Throughput Per User,tokens/sec/user,min,2475.31
17,1789646628411513856,1789646638411513856,Active Prefill Throughput Per User,tokens/sec/user,max,5002.54
17,1789646628411513856,1789646638411513856,Active Prefill Throughput Per User,tokens/sec/user,p50,2616.11
17,1789646628411513856,1789646638411513856,Active Prefill Throughput Per User,tokens/sec/user,p90,3262.29
17,1789646628411513856,1789646638411513856,Active Prefill Throughput Per User,tokens/sec/user,p95,3277.58
17,1789646628411513856,1789646638411513856,Active Prefill Throughput Per User,tokens/sec/user,p99,5002.54
17,1789646628411513856,1789646638411513856,Active Prefill Throughput Per User,tokens/sec/user,std,448.18
17,1789646628411513856,1789646638411513856,Active Total Throughput,tokens/sec,avg,9079.20
17,1789646628411513856,1789646638411513856,Active Total Throughput,tokens/sec,min,2109.12
17,1789646628411513856,1789646638411513856,Active Total Throughput,tokens/sec,max,81658.59
17,1789646628411513856,1789646638411513856,Active Total Throughput,tokens/sec,p50,2182.30
17,1789646628411513856,1789646638411513856,Active Total Throughput,tokens/sec,p90,30935.52
17,1789646628411513856,1789646638411513856,Active Total Throughput,tokens/sec,p95,75880.92
17,1789646628411513856,1789646638411513856,Active Total Throughput,tokens/sec,p99,81658.59
17,1789646628411513856,1789646638411513856,Active Total Throughput,tokens/sec,std,20772.10
17,1789646628411513856,1789646638411513856,Benchmark Duration,sec,avg,16.00
17,1789646628411513856,1789646638411513856,Decode Duration,ms,avg,7456.58
17,1789646628411513856,1789646638411513856,Decode Duration,ms,min,7378.94
17,1789646628411513856,1789646638411513856,Decode Duration,ms,max,7695.24
17,1789646628411513856,1789646638411513856,Decode Duration,ms,sum,477220.89
17,1789646628411513856,1789646638411513856,Decode Duration,ms,p1,7380.88
17,1789646628411513856,1789646638411513856,Decode Duration,ms,p5,7382.05
17,1789646628411513856,1789646638411513856,Decode Duration,ms,p10,7382.07
17,1789646628411513856,1789646638411513856,Decode Duration,ms,p25,7382.11
17,1789646628411513856,1789646638411513856,Decode Duration,ms,p50,7441.33
17,1789646628411513856,1789646638411513856,Decode Duration,ms,p75,7497.78
17,1789646628411513856,1789646638411513856,Decode Duration,ms,p90,7557.05
17,1789646628411513856,1789646638411513856,Decode Duration,ms,p95,7599.17
17,1789646628411513856,1789646638411513856,Decode Duration,ms,p99,7660.34
17,1789646628411513856,1789646638411513856,Decode Duration,ms,std,75.58
17,1789646628411513856,1789646638411513856,E2E Output Token Throughput,tokens/sec/user,avg,64.96
17,1789646628411513856,1789646638411513856,E2E Output Token Throughput,tokens/sec/user,min,64.66
17,1789646628411513856,1789646638411513856,E2E Output Token Throughput,tokens/sec/user,max,66.56
17,1789646628411513856,1789646638411513856,E2E Output Token Throughput,tokens/sec/user,sum,4157.49
17,1789646628411513856,1789646638411513856,E2E Output Token Throughput,tokens/sec/user,p1,64.66
17,1789646628411513856,1789646638411513856,E2E Output Token Throughput,tokens/sec/user,p5,64.66
17,1789646628411513856,1789646638411513856,E2E Output Token Throughput,tokens/sec/user,p10,64.66
17,1789646628411513856,1789646638411513856,E2E Output Token Throughput,tokens/sec/user,p25,64.66
17,1789646628411513856,1789646638411513856,E2E Output Token Throughput,tokens/sec/user,p50,65.13
17,1789646628411513856,1789646638411513856,E2E Output Token Throughput,tokens/sec/user,p75,65.14
17,1789646628411513856,1789646638411513856,E2E Output Token Throughput,tokens/sec/user,p90,65.14
17,1789646628411513856,1789646638411513856,E2E Output Token Throughput,tokens/sec/user,p95,65.25
17,1789646628411513856,1789646638411513856,E2E Output Token Throughput,tokens/sec/user,p99,66.26
17,1789646628411513856,1789646638411513856,E2E Output Token Throughput,tokens/sec/user,std,0.34
17,1789646628411513856,1789646638411513856,Effective Concurrency,requests,avg,31.98
17,1789646628411513856,1789646638411513856,Effective Concurrency,requests,min,12.00
17,1789646628411513856,1789646638411513856,Effective Concurrency,requests,max,32.00
17,1789646628411513856,1789646638411513856,Effective Concurrency,requests,p50,32.00
17,1789646628411513856,1789646638411513856,Effective Concurrency,requests,p90,32.00
17,1789646628411513856,1789646638411513856,Effective Concurrency,requests,p95,32.00
17,1789646628411513856,1789646638411513856,Effective Concurrency,requests,p99,32.00
17,1789646628411513856,1789646638411513856,Effective Concurrency,requests,std,0.55
17,1789646628411513856,1789646638411513856,Effective Decode Concurrency,requests,avg,29.26
17,1789646628411513856,1789646638411513856,Effective Decode Concurrency,requests,min,1.00
17,1789646628411513856,1789646638411513856,Effective Decode Concurrency,requests,max,32.00
17,1789646628411513856,1789646638411513856,Effective Decode Concurrency,requests,p50,32.00
17,1789646628411513856,1789646638411513856,Effective Decode Concurrency,requests,p90,32.00
17,1789646628411513856,1789646638411513856,Effective Decode Concurrency,requests,p95,32.00
17,1789646628411513856,1789646638411513856,Effective Decode Concurrency,requests,p99,32.00
17,1789646628411513856,1789646638411513856,Effective Decode Concurrency,requests,std,8.25
17,1789646628411513856,1789646638411513856,Effective Decode Throughput,tokens/sec,avg,1990.06
17,1789646628411513856,1789646638411513856,Effective Decode Throughput,tokens/sec,min,6.77
17,1789646628411513856,1789646638411513856,Effective Decode Throughput,tokens/sec,max,9568.98
17,1789646628411513856,1789646638411513856,Effective Decode Throughput,tokens/sec,p50,2148.37
17,1789646628411513856,1789646638411513856,Effective Decode Throughput,tokens/sec,p90,2326.01
17,1789646628411513856,1789646638411513856,Effective Decode Throughput,tokens/sec,p95,2388.07
17,1789646628411513856,1789646638411513856,Effective Decode Throughput,tokens/sec,p99,3722.20
17,1789646628411513856,1789646638411513856,Effective Decode Throughput,tokens/sec,std,727.26
17,1789646628411513856,1789646638411513856,Effective Decode Throughput Per User,tokens/sec/user,avg,62.77
17,1789646628411513856,1789646638411513856,Effective Decode Throughput Per User,tokens/sec/user,min,4.13
17,1789646628411513856,1789646638411513856,Effective Decode Throughput Per User,tokens/sec/user,max,322.00
17,1789646628411513856,1789646638411513856,Effective Decode Throughput Per User,tokens/sec/user,p50,67.14
17,1789646628411513856,1789646638411513856,Effective Decode Throughput Per User,tokens/sec/user,p90,72.69
17,1789646628411513856,1789646638411513856,Effective Decode Throughput Per User,tokens/sec/user,p95,74.63
17,1789646628411513856,1789646638411513856,Effective Decode Throughput Per User,tokens/sec/user,p99,117.95
17,1789646628411513856,1789646638411513856,Effective Decode Throughput Per User,tokens/sec/user,std,21.51
17,1789646628411513856,1789646638411513856,Effective Prefill Concurrency,requests,avg,2.72
17,1789646628411513856,1789646638411513856,Effective Prefill Concurrency,requests,min,0.00
17,1789646628411513856,1789646638411513856,Effective Prefill Concurrency,requests,max,31.00
17,1789646628411513856,1789646638411513856,Effective Prefill Concurrency,requests,p50,0.00
17,1789646628411513856,1789646638411513856,Effective Prefill Concurrency,requests,p90,9.00
17,1789646628411513856,1789646638411513856,Effective Prefill Concurrency,requests,p95,29.00
17,1789646628411513856,1789646638411513856,Effective Prefill Concurrency,requests,p99,31.00
17,1789646628411513856,1789646638411513856,Effective Prefill Concurrency,requests,std,8.22
17,1789646628411513856,1789646638411513856,Effective Prefill Throughput,tokens/sec,avg,7084.80
17,1789646628411513856,1789646638411513856,Effective Prefill Throughput,tokens/sec,min,0.00
17,1789646628411513856,1789646638411513856,Effective Prefill Throughput,tokens/sec,max,81592.18
17,1789646628411513856,1789646638411513856,Effective Prefill Throughput,tokens/sec,p50,0.00
17,1789646628411513856,1789646638411513856,Effective Prefill Throughput,tokens/sec,p90,29360.58
17,1789646628411513856,1789646638411513856,Effective Prefill Throughput,tokens/sec,p95,75679.39
17,1789646628411513856,1789646638411513856,Effective Prefill Throughput,tokens/sec,p99,81592.18
17,1789646628411513856,1789646638411513856,Effective Prefill Throughput,tokens/sec,std,21334.23
17,1789646628411513856,1789646638411513856,Effective Prefill Throughput Per User,tokens/sec/user,avg,289.62
17,1789646628411513856,1789646638411513856,Effective Prefill Throughput Per User,tokens/sec/user,min,0.00
17,1789646628411513856,1789646638411513856,Effective Prefill Throughput Per User,tokens/sec/user,max,5002.54
17,1789646628411513856,1789646638411513856,Effective Prefill Throughput Per User,tokens/sec/user,p50,0.00
17,1789646628411513856,1789646638411513856,Effective Prefill Throughput Per User,tokens/sec/user,p90,2475.31
17,1789646628411513856,1789646638411513856,Effective Prefill Throughput Per User,tokens/sec/user,p95,2616.11
17,1789646628411513856,1789646638411513856,Effective Prefill Throughput Per User,tokens/sec/user,p99,3262.29
17,1789646628411513856,1789646638411513856,Effective Prefill Throughput Per User,tokens/sec/user,std,848.54
17,1789646628411513856,1789646638411513856,Effective Total Throughput,tokens/sec,avg,9079.20
17,1789646628411513856,1789646638411513856,Effective Total Throughput,tokens/sec,min,2109.12
17,1789646628411513856,1789646638411513856,Effective Total Throughput,tokens/sec,max,81658.59
17,1789646628411513856,1789646638411513856,Effective Total Throughput,tokens/sec,p50,2182.30
17,1789646628411513856,1789646638411513856,Effective Total Throughput,tokens/sec,p90,30935.52
17,1789646628411513856,1789646638411513856,Effective Total Throughput,tokens/sec,p95,75880.92
17,1789646628411513856,1789646638411513856,Effective Total Throughput,tokens/sec,p99,81658.59
17,1789646628411513856,1789646638411513856,Effective Total Throughput,tokens/sec,std,20772.10
17,1789646628411513856,1789646638411513856,HTTP Blocked,ms,avg,0.00
17,1789646628411513856,1789646638411513856,HTTP Blocked,ms,min,0.00
17,1789646628411513856,1789646638411513856,HTTP Blocked,ms,max,0.00
17,1789646628411513856,1789646638411513856,HTTP Blocked,ms,sum,0.00
17,1789646628411513856,1789646638411513856,HTTP Blocked,ms,p1,0.00
17,1789646628411513856,1789646638411513856,HTTP Blocked,ms,p5,0.00
17,1789646628411513856,1789646638411513856,HTTP Blocked,ms,p10,0.00
17,1789646628411513856,1789646638411513856,HTTP Blocked,ms,p25,0.00
17,1789646628411513856,1789646638411513856,HTTP Blocked,ms,p50,0.00
17,1789646628411513856,1789646638411513856,HTTP Blocked,ms,p75,0.00
17,1789646628411513856,1789646638411513856,HTTP Blocked,ms,p90,0.00
17,1789646628411513856,1789646638411513856,HTTP Blocked,ms,p95,0.00
17,1789646628411513856,1789646638411513856,HTTP Blocked,ms,p99,0.00
17,1789646628411513856,1789646638411513856,HTTP Blocked,ms,std,0.00
17,1789646628411513856,1789646638411513856,HTTP Chunks Received,count,avg,469.70
17,1789646628411513856,1789646638411513856,HTTP Chunks Received,count,min,434.00
17,1789646628411513856,1789646638411513856,HTTP Chunks Received,count,max,507.00
17,1789646628411513856,1789646638411513856,HTTP Chunks Received,count,sum,30061.00
17,1789646628411513856,1789646638411513856,HTTP Chunks Received,count,p1,435.89
17,1789646628411513856,1789646638411513856,HTTP Chunks Received,count,p5,447.30
17,1789646628411513856,1789646638411513856,HTTP Chunks Received,count,p10,456.60
17,1789646628411513856,1789646638411513856,HTTP Chunks Received,count,p25,461.00
17,1789646628411513856,1789646638411513856,HTTP Chunks Received,count,p50,469.00
17,1789646628411513856,1789646638411513856,HTTP Chunks Received,count,p75,476.00
17,1789646628411513856,1789646638411513856,HTTP Chunks Received,count,p90,489.10
17,1789646628411513856,1789646638411513856,HTTP Chunks Received,count,p95,498.70
17,1789646628411513856,1789646638411513856,HTTP Chunks Received,count,p99,505.11
17,1789646628411513856,1789646638411513856,HTTP Chunks Received,count,std,14.15
17,1789646628411513856,1789646638411513856,HTTP Chunks Sent,count,avg,1.00
17,1789646628411513856,1789646638411513856,HTTP Chunks Sent,count,min,1.00
17,1789646628411513856,1789646638411513856,HTTP Chunks Sent,count,max,1.00
17,1789646628411513856,1789646638411513856,HTTP Chunks Sent,count,sum,64.00
17,1789646628411513856,1789646638411513856,HTTP Chunks Sent,count,p1,1.00
17,1789646628411513856,1789646638411513856,HTTP Chunks Sent,count,p5,1.00
17,1789646628411513856,1789646638411513856,HTTP Chunks Sent,count,p10,1.00
17,1789646628411513856,1789646638411513856,HTTP Chunks Sent,count,p25,1.00
17,1789646628411513856,1789646638411513856,HTTP Chunks Sent,count,p50,1.00
17,1789646628411513856,1789646638411513856,HTTP Chunks Sent,count,p75,1.00
17,1789646628411513856,1789646638411513856,HTTP Chunks Sent,count,p90,1.00
17,1789646628411513856,1789646638411513856,HTTP Chunks Sent,count,p95,1.00
17,1789646628411513856,1789646638411513856,HTTP Chunks Sent,count,p99,1.00
17,1789646628411513856,1789646638411513856,HTTP Chunks Sent,count,std,0.00
17,1789646628411513856,1789646638411513856,HTTP Connecting,ms,avg,0.00
17,1789646628411513856,1789646638411513856,HTTP Connecting,ms,min,0.00
17,1789646628411513856,1789646638411513856,HTTP Connecting,ms,max,0.00
17,1789646628411513856,1789646638411513856,HTTP Connecting,ms,sum,0.00
17,1789646628411513856,1789646638411513856,HTTP Connecting,ms,p1,0.00
17,1789646628411513856,1789646638411513856,HTTP Connecting,ms,p5,0.00
17,1789646628411513856,1789646638411513856,HTTP Connecting,ms,p10,0.00
17,1789646628411513856,1789646638411513856,HTTP Connecting,ms,p25,0.00
17,1789646628411513856,1789646638411513856,HTTP Connecting,ms,p50,0.00
17,1789646628411513856,1789646638411513856,HTTP Connecting,ms,p75,0.00
17,1789646628411513856,1789646638411513856,HTTP Connecting,ms,p90,0.00
17,1789646628411513856,1789646638411513856,HTTP Connecting,ms,p95,0.00
17,1789646628411513856,1789646638411513856,HTTP Connecting,ms,p99,0.00
17,1789646628411513856,1789646638411513856,HTTP Connecting,ms,std,0.00
17,1789646628411513856,1789646638411513856,HTTP Connection Overhead,ms,avg,0.00
17,1789646628411513856,1789646638411513856,HTTP Connection Overhead,ms,min,0.00
17,1789646628411513856,1789646638411513856,HTTP Connection Overhead,ms,max,0.00
17,1789646628411513856,1789646638411513856,HTTP Connection Overhead,ms,sum,0.00
17,1789646628411513856,1789646638411513856,HTTP Connection Overhead,ms,p1,0.00
17,1789646628411513856,1789646638411513856,HTTP Connection Overhead,ms,p5,0.00
17,1789646628411513856,1789646638411513856,HTTP Connection Overhead,ms,p10,0.00
17,1789646628411513856,1789646638411513856,HTTP Connection Overhead,ms,p25,0.00
17,1789646628411513856,1789646638411513856,HTTP Connection Overhead,ms,p50,0.00
17,1789646628411513856,1789646638411513856,HTTP Connection Overhead,ms,p75,0.00
17,1789646628411513856,1789646638411513856,HTTP Connection Overhead,ms,p90,0.00
17,1789646628411513856,1789646638411513856,HTTP Connection Overhead,ms,p95,0.00
17,1789646628411513856,1789646638411513856,HTTP Connection Overhead,ms,p99,0.00
17,1789646628411513856,1789646638411513856,HTTP Connection Overhead,ms,std,0.00
17,1789646628411513856,1789646638411513856,HTTP Connection Reused,ratio,avg,1.00
17,1789646628411513856,1789646638411513856,HTTP Connection Reused,ratio,min,1.00
17,1789646628411513856,1789646638411513856,HTTP Connection Reused,ratio,max,1.00
17,1789646628411513856,1789646638411513856,HTTP Connection Reused,ratio,sum,64.00
17,1789646628411513856,1789646638411513856,HTTP Connection Reused,ratio,p1,1.00
17,1789646628411513856,1789646638411513856,HTTP Connection Reused,ratio,p5,1.00
17,1789646628411513856,1789646638411513856,HTTP Connection Reused,ratio,p10,1.00
17,1789646628411513856,1789646638411513856,HTTP Connection Reused,ratio,p25,1.00
17,1789646628411513856,1789646638411513856,HTTP Connection Reused,ratio,p50,1.00
17,1789646628411513856,1789646638411513856,HTTP Connection Reused,ratio,p75,1.00
17,1789646628411513856,1789646638411513856,HTTP Connection Reused,ratio,p90,1.00
17,1789646628411513856,1789646638411513856,HTTP Connection Reused,ratio,p95,1.00
17,1789646628411513856,1789646638411513856,HTTP Connection Reused,ratio,p99,1.00
17,1789646628411513856,1789646638411513856,HTTP Connection Reused,ratio,std,0.00
17,1789646628411513856,1789646638411513856,HTTP Data Received,KB,avg,125.24
17,1789646628411513856,1789646638411513856,HTTP Data Received,KB,min,115.70
17,1789646628411513856,1789646638411513856,HTTP Data Received,KB,max,135.00
17,1789646628411513856,1789646638411513856,HTTP Data Received,KB,sum,8015.47
17,1789646628411513856,1789646638411513856,HTTP Data Received,KB,p1,116.31
17,1789646628411513856,1789646638411513856,HTTP Data Received,KB,p5,119.35
17,1789646628411513856,1789646638411513856,HTTP Data Received,KB,p10,121.73
17,1789646628411513856,1789646638411513856,HTTP Data Received,KB,p25,122.99
17,1789646628411513856,1789646638411513856,HTTP Data Received,KB,p50,125.15
17,1789646628411513856,1789646638411513856,HTTP Data Received,KB,p75,126.87
17,1789646628411513856,1789646638411513856,HTTP Data Received,KB,p90,130.36
17,1789646628411513856,1789646638411513856,HTTP Data Received,KB,p95,132.89
17,1789646628411513856,1789646638411513856,HTTP Data Received,KB,p99,134.71
17,1789646628411513856,1789646638411513856,HTTP Data Received,KB,std,3.74
17,1789646628411513856,1789646638411513856,HTTP Data Sent,KB,avg,4.54
17,1789646628411513856,1789646638411513856,HTTP Data Sent,KB,min,3.99
17,1789646628411513856,1789646638411513856,HTTP Data Sent,KB,max,4.96
17,1789646628411513856,1789646638411513856,HTTP Data Sent,KB,sum,290.57
17,1789646628411513856,1789646638411513856,HTTP Data Sent,KB,p1,4.04
17,1789646628411513856,1789646638411513856,HTTP Data Sent,KB,p5,4.17
17,1789646628411513856,1789646638411513856,HTTP Data Sent,KB,p10,4.26
17,1789646628411513856,1789646638411513856,HTTP Data Sent,KB,p25,4.45
17,1789646628411513856,1789646638411513856,HTTP Data Sent,KB,p50,4.54
17,1789646628411513856,1789646638411513856,HTTP Data Sent,KB,p75,4.66
17,1789646628411513856,1789646638411513856,HTTP Data Sent,KB,p90,4.82
17,1789646628411513856,1789646638411513856,HTTP Data Sent,KB,p95,4.85
17,1789646628411513856,1789646638411513856,HTTP Data Sent,KB,p99,4.91
17,1789646628411513856,1789646638411513856,HTTP Data Sent,KB,std,0.20
17,1789646628411513856,1789646638411513856,HTTP DNS Lookup,ms,avg,0.00
17,1789646628411513856,1789646638411513856,HTTP DNS Lookup,ms,min,0.00
17,1789646628411513856,1789646638411513856,HTTP DNS Lookup,ms,max,0.00
17,1789646628411513856,1789646638411513856,HTTP DNS Lookup,ms,sum,0.00
17,1789646628411513856,1789646638411513856,HTTP DNS Lookup,ms,p1,0.00
17,1789646628411513856,1789646638411513856,HTTP DNS Lookup,ms,p5,0.00
17,1789646628411513856,1789646638411513856,HTTP DNS Lookup,ms,p10,0.00
17,1789646628411513856,1789646638411513856,HTTP DNS Lookup,ms,p25,0.00
17,1789646628411513856,1789646638411513856,HTTP DNS Lookup,ms,p50,0.00
17,1789646628411513856,1789646638411513856,HTTP DNS Lookup,ms,p75,0.00
17,1789646628411513856,1789646638411513856,HTTP DNS Lookup,ms,p90,0.00
17,1789646628411513856,1789646638411513856,HTTP DNS Lookup,ms,p95,0.00
17,1789646628411513856,1789646638411513856,HTTP DNS Lookup,ms,p99,0.00
17,1789646628411513856,1789646638411513856,HTTP DNS Lookup,ms,std,0.00
17,1789646628411513856,1789646638411513856,HTTP Duration (excl. conn),ms,avg,7889.38
17,1789646628411513856,1789646638411513856,HTTP Duration (excl. conn),ms,min,7859.86
17,1789646628411513856,1789646638411513856,HTTP Duration (excl. conn),ms,max,7918.91
17,1789646628411513856,1789646638411513856,HTTP Duration (excl. conn),ms,sum,504920.48
17,1789646628411513856,1789646638411513856,HTTP Duration (excl. conn),ms,p1,7859.91
17,1789646628411513856,1789646638411513856,HTTP Duration (excl. conn),ms,p5,7859.97
17,1789646628411513856,1789646638411513856,HTTP Duration (excl. conn),ms,p10,7859.99
17,1789646628411513856,1789646638411513856,HTTP Duration (excl. conn),ms,p25,7860.09
17,1789646628411513856,1789646638411513856,HTTP Duration (excl. conn),ms,p50,7888.83
17,1789646628411513856,1789646638411513856,HTTP Duration (excl. conn),ms,p75,7918.69
17,1789646628411513856,1789646638411513856,HTTP Duration (excl. conn),ms,p90,7918.79
17,1789646628411513856,1789646638411513856,HTTP Duration (excl. conn),ms,p95,7918.81
17,1789646628411513856,1789646638411513856,HTTP Duration (excl. conn),ms,p99,7918.88
17,1789646628411513856,1789646638411513856,HTTP Duration (excl. conn),ms,std,29.00
17,1789646628411513856,1789646638411513856,HTTP Receiving,ms,avg,7464.13
17,1789646628411513856,1789646638411513856,HTTP Receiving,ms,min,7382.03
17,1789646628411513856,1789646638411513856,HTTP Receiving,ms,max,7695.24
17,1789646628411513856,1789646638411513856,HTTP Receiving,ms,sum,477704.16
17,1789646628411513856,1789646638411513856,HTTP Receiving,ms,p1,7382.05
17,1789646628411513856,1789646638411513856,HTTP Receiving,ms,p5,7382.07
17,1789646628411513856,1789646638411513856,HTTP Receiving,ms,p10,7382.08
17,1789646628411513856,1789646638411513856,HTTP Receiving,ms,p25,7382.12
17,1789646628411513856,1789646638411513856,HTTP Receiving,ms,p50,7441.35
17,1789646628411513856,1789646638411513856,HTTP Receiving,ms,p75,7510.19
17,1789646628411513856,1789646638411513856,HTTP Receiving,ms,p90,7557.08
17,1789646628411513856,1789646638411513856,HTTP Receiving,ms,p95,7606.58
17,1789646628411513856,1789646638411513856,HTTP Receiving,ms,p99,7660.35
17,1789646628411513856,1789646638411513856,HTTP Receiving,ms,std,77.97
17,1789646628411513856,1789646638411513856,HTTP Sending,ms,avg,0.13
17,1789646628411513856,1789646638411513856,HTTP Sending,ms,min,0.12
17,1789646628411513856,1789646638411513856,HTTP Sending,ms,max,0.15
17,1789646628411513856,1789646638411513856,HTTP Sending,ms,sum,8.61
17,1789646628411513856,1789646638411513856,HTTP Sending,ms,p1,0.12
17,1789646628411513856,1789646638411513856,HTTP Sending,ms,p5,0.13
17,1789646628411513856,1789646638411513856,HTTP Sending,ms,p10,0.13
17,1789646628411513856,1789646638411513856,HTTP Sending,ms,p25,0.13
17,1789646628411513856,1789646638411513856,HTTP Sending,ms,p50,0.13
17,1789646628411513856,1789646638411513856,HTTP Sending,ms,p75,0.14
17,1789646628411513856,1789646638411513856,HTTP Sending,ms,p90,0.14
17,1789646628411513856,1789646638411513856,HTTP Sending,ms,p95,0.14
17,1789646628411513856,1789646638411513856,HTTP Sending,ms,p99,0.15
17,1789646628411513856,1789646638411513856,HTTP Sending,ms,std,0.00
17,1789646628411513856,1789646638411513856,HTTP Total Time,ms,avg,7889.38
17,1789646628411513856,1789646638411513856,HTTP Total Time,ms,min,7859.86
17,1789646628411513856,1789646638411513856,HTTP Total Time,ms,max,7918.91
17,1789646628411513856,1789646638411513856,HTTP Total Time,ms,sum,504920.48
17,1789646628411513856,1789646638411513856,HTTP Total Time,ms,p1,7859.91
17,1789646628411513856,1789646638411513856,HTTP Total Time,ms,p5,7859.97
17,1789646628411513856,1789646638411513856,HTTP Total Time,ms,p10,7859.99
17,1789646628411513856,1789646638411513856,HTTP Total Time,ms,p25,7860.09
17,1789646628411513856,1789646638411513856,HTTP Total Time,ms,p50,7888.83
17,1789646628411513856,1789646638411513856,HTTP Total Time,ms,p75,7918.69
17,1789646628411513856,1789646638411513856,HTTP Total Time,ms,p90,7918.79
17,1789646628411513856,1789646638411513856,HTTP Total Time,ms,p95,7918.81
17,1789646628411513856,1789646638411513856,HTTP Total Time,ms,p99,7918.88
17,1789646628411513856,1789646638411513856,HTTP Total Time,ms,std,29.00
17,1789646628411513856,1789646638411513856,HTTP Waiting (TTFB),ms,avg,425.12
17,1789646628411513856,1789646638411513856,HTTP Waiting (TTFB),ms,min,221.11
17,1789646628411513856,1789646638411513856,HTTP Waiting (TTFB),ms,max,477.90
17,1789646628411513856,1789646638411513856,HTTP Waiting (TTFB),ms,sum,27207.71
17,1789646628411513856,1789646638411513856,HTTP Waiting (TTFB),ms,p1,221.30
17,1789646628411513856,1789646638411513856,HTTP Waiting (TTFB),ms,p5,309.57
17,1789646628411513856,1789646638411513856,HTTP Waiting (TTFB),ms,p10,312.72
17,1789646628411513856,1789646638411513856,HTTP Waiting (TTFB),ms,p25,362.79
17,1789646628411513856,1789646638411513856,HTTP Waiting (TTFB),ms,p50,477.25
17,1789646628411513856,1789646638411513856,HTTP Waiting (TTFB),ms,p75,477.73
17,1789646628411513856,1789646638411513856,HTTP Waiting (TTFB),ms,p90,477.82
17,1789646628411513856,1789646638411513856,HTTP Waiting (TTFB),ms,p95,477.87
17,1789646628411513856,1789646638411513856,HTTP Waiting (TTFB),ms,p99,477.89
17,1789646628411513856,1789646638411513856,HTTP Waiting (TTFB),ms,std,72.25
17,1789646628411513856,1789646638411513856,Input Sequence Length,tokens,avg,1107.00
17,1789646628411513856,1789646638411513856,Input Sequence Length,tokens,min,1107.00
17,1789646628411513856,1789646638411513856,Input Sequence Length,tokens,max,1107.00
17,1789646628411513856,1789646638411513856,Input Sequence Length,tokens,sum,70848.00
17,1789646628411513856,1789646638411513856,Input Sequence Length,tokens,p1,1107.00
17,1789646628411513856,1789646638411513856,Input Sequence Length,tokens,p5,1107.00
17,1789646628411513856,1789646638411513856,Input Sequence Length,tokens,p10,1107.00
17,1789646628411513856,1789646638411513856,Input Sequence Length,tokens,p25,1107.00
17,1789646628411513856,1789646638411513856,Input Sequence Length,tokens,p50,1107.00
17,1789646628411513856,1789646638411513856,Input Sequence Length,tokens,p75,1107.00
17,1789646628411513856,1789646638411513856,Input Sequence Length,tokens,p90,1107.00
17,1789646628411513856,1789646638411513856,Input Sequence Length,tokens,p95,1107.00
17,1789646628411513856,1789646638411513856,Input Sequence Length,tokens,p99,1107.00
17,1789646628411513856,1789646638411513856,Input Sequence Length,tokens,std,0.00
17,1789646628411513856,1789646638411513856,Input Token Throughput,tokens/sec,avg,7084.80
17,1789646628411513856,1789646638411513856,Inter Chunk Latency,ms,avg,15.91
17,1789646628411513856,1789646638411513856,Inter Chunk Latency,ms,min,1.12
17,1789646628411513856,1789646638411513856,Inter Chunk Latency,ms,max,168.49
17,1789646628411513856,1789646638411513856,Inter Chunk Latency,ms,sum,477220.89
17,1789646628411513856,1789646638411513856,Inter Chunk Latency,ms,p1,8.66
17,1789646628411513856,1789646638411513856,Inter Chunk Latency,ms,p5,13.35
17,1789646628411513856,1789646638411513856,Inter Chunk Latency,ms,p10,13.95
17,1789646628411513856,1789646638411513856,Inter Chunk Latency,ms,p25,14.38
17,1789646628411513856,1789646638411513856,Inter Chunk Latency,ms,p50,14.85
17,1789646628411513856,1789646638411513856,Inter Chunk Latency,ms,p75,15.17
17,1789646628411513856,1789646638411513856,Inter Chunk Latency,ms,p90,15.60
17,1789646628411513856,1789646638411513856,Inter Chunk Latency,ms,p95,29.35
17,1789646628411513856,1789646638411513856,Inter Chunk Latency,ms,p99,30.63
17,1789646628411513856,1789646638411513856,Inter Chunk Latency,ms,std,6.08
17,1789646628411513856,1789646638411513856,Inter Token Latency,ms,avg,14.59
17,1789646628411513856,1789646638411513856,Inter Token Latency,ms,min,14.44
17,1789646628411513856,1789646638411513856,Inter Token Latency,ms,max,15.06
17,1789646628411513856,1789646638411513856,Inter Token Latency,ms,sum,933.90
17,1789646628411513856,1789646638411513856,Inter Token Latency,ms,p1,14.44
17,1789646628411513856,1789646638411513856,Inter Token Latency,ms,p5,14.45
17,1789646628411513856,1789646638411513856,Inter Token Latency,ms,p10,14.45
17,1789646628411513856,1789646638411513856,Inter Token Latency,ms,p25,14.45
17,1789646628411513856,1789646638411513856,Inter Token Latency,ms,p50,14.56
17,1789646628411513856,1789646638411513856,Inter Token Latency,ms,p75,14.67
17,1789646628411513856,1789646638411513856,Inter Token Latency,ms,p90,14.79
17,1789646628411513856,1789646638411513856,Inter Token Latency,ms,p95,14.87
17,1789646628411513856,1789646638411513856,Inter Token Latency,ms,p99,14.99
17,1789646628411513856,1789646638411513856,Inter Token Latency,ms,std,0.15
17,1789646628411513856,1789646638411513856,OSL Mismatch Count,requests,avg,0.00
17,1789646628411513856,1789646638411513856,OSL Mismatch Diff %,%,avg,0.00
17,1789646628411513856,1789646638411513856,OSL Mismatch Diff %,%,min,0.00
17,1789646628411513856,1789646638411513856,OSL Mismatch Diff %,%,max,0.00
17,1789646628411513856,1789646638411513856,OSL Mismatch Diff %,%,sum,0.00
17,1789646628411513856,1789646638411513856,OSL Mismatch Diff %,%,p1,0.00
17,1789646628411513856,1789646638411513856,OSL Mismatch Diff %,%,p5,0.00
17,1789646628411513856,1789646638411513856,OSL Mismatch Diff %,%,p10,0.00
17,1789646628411513856,1789646638411513856,OSL Mismatch Diff %,%,p25,0.00
17,1789646628411513856,1789646638411513856,OSL Mismatch Diff %,%,p50,0.00
17,1789646628411513856,1789646638411513856,OSL Mismatch Diff %,%,p75,0.00
17,1789646628411513856,1789646638411513856,OSL Mismatch Diff %,%,p90,0.00
17,1789646628411513856,1789646638411513856,OSL Mismatch Diff %,%,p95,0.00
17,1789646628411513856,1789646638411513856,OSL Mismatch Diff %,%,p99,0.00
17,1789646628411513856,1789646638411513856,OSL Mismatch Diff %,%,std,0.00
17,1789646628411513856,1789646638411513856,Output Sequence Length,tokens,avg,512.00
17,1789646628411513856,1789646638411513856,Output Sequence Length,tokens,min,512.00
17,1789646628411513856,1789646638411513856,Output Sequence Length,tokens,max,512.00
17,1789646628411513856,1789646638411513856,Output Sequence Length,tokens,sum,32768.00
17,1789646628411513856,1789646638411513856,Output Sequence Length,tokens,p1,512.00
17,1789646628411513856,1789646638411513856,Output Sequence Length,tokens,p5,512.00
17,1789646628411513856,1789646638411513856,Output Sequence Length,tokens,p10,512.00
17,1789646628411513856,1789646638411513856,Output Sequence Length,tokens,p25,512.00
17,1789646628411513856,1789646638411513856,Output Sequence Length,tokens,p50,512.00
17,1789646628411513856,1789646638411513856,Output Sequence Length,tokens,p75,512.00
17,1789646628411513856,1789646638411513856,Output Sequence Length,tokens,p90,512.00
17,1789646628411513856,1789646638411513856,Output Sequence Length,tokens,p95,512.00
17,1789646628411513856,1789646638411513856,Output Sequence Length,tokens,p99,512.00
17,1789646628411513856,1789646638411513856,Output Sequence Length,tokens,std,0.00
17,1789646628411513856,1789646638411513856,Output Token Throughput,tokens/sec,avg,3276.80
17,1789646628411513856,1789646638411513856,Output Token Throughput Per User,tokens/sec/user,avg,68.54
17,1789646628411513856,1789646638411513856,Output Token Throughput Per User,tokens/sec/user,min,66.40
17,1789646628411513856,1789646638411513856,Output Token Throughput Per User,tokens/sec/user,max,69.25
17,1789646628411513856,1789646638411513856,Output Token Throughput Per User,tokens/sec/user,sum,4386.37
17,1789646628411513856,1789646638411513856,Output Token Throughput Per User,tokens/sec/user,p1,66.71
17,1789646628411513856,1789646638411513856,Output Token Throughput Per User,tokens/sec/user,p5,67.24
17,1789646628411513856,1789646638411513856,Output Token Throughput Per User,tokens/sec/user,p10,67.62
17,1789646628411513856,1789646638411513856,Output Token Throughput Per User,tokens/sec/user,p25,68.15
17,1789646628411513856,1789646638411513856,Output Token Throughput Per User,tokens/sec/user,p50,68.67
17,1789646628411513856,1789646638411513856,Output Token Throughput Per User,tokens/sec/user,p75,69.22
17,1789646628411513856,1789646638411513856,Output Token Throughput Per User,tokens/sec/user,p90,69.22
17,1789646628411513856,1789646638411513856,Output Token Throughput Per User,tokens/sec/user,p95,69.22
17,1789646628411513856,1789646638411513856,Output Token Throughput Per User,tokens/sec/user,p99,69.23
17,1789646628411513856,1789646638411513856,Output Token Throughput Per User,tokens/sec/user,std,0.69
17,1789646628411513856,1789646638411513856,Overall Usage Prompt Cache Read %,%,avg,92.50
17,1789646628411513856,1789646638411513856,Prefill Throughput Per User,tokens/sec/user,avg,2701.26
17,1789646628411513856,1789646638411513856,Prefill Throughput Per User,tokens/sec/user,min,2315.39
17,1789646628411513856,1789646638411513856,Prefill Throughput Per User,tokens/sec/user,max,5002.54
17,1789646628411513856,1789646638411513856,Prefill Throughput Per User,tokens/sec/user,sum,172880.35
17,1789646628411513856,1789646638411513856,Prefill Throughput Per User,tokens/sec/user,p1,2315.46
17,1789646628411513856,1789646638411513856,Prefill Throughput Per User,tokens/sec/user,p5,2315.58
17,1789646628411513856,1789646638411513856,Prefill Throughput Per User,tokens/sec/user,p10,2315.77
17,1789646628411513856,1789646638411513856,Prefill Throughput Per User,tokens/sec/user,p25,2316.26
17,1789646628411513856,1789646638411513856,Prefill Throughput Per User,tokens/sec/user,p50,2318.63
17,1789646628411513856,1789646638411513856,Prefill Throughput Per User,tokens/sec/user,p75,3049.75
17,1789646628411513856,1789646638411513856,Prefill Throughput Per User,tokens/sec/user,p90,3537.64
17,1789646628411513856,1789646638411513856,Prefill Throughput Per User,tokens/sec/user,p95,3573.76
17,1789646628411513856,1789646638411513856,Prefill Throughput Per User,tokens/sec/user,p99,4998.15
17,1789646628411513856,1789646638411513856,Prefill Throughput Per User,tokens/sec/user,std,597.27
17,1789646628411513856,1789646638411513856,Reasoning Token Count,tokens,avg,512.00
17,1789646628411513856,1789646638411513856,Reasoning Token Count,tokens,min,512.00
17,1789646628411513856,1789646638411513856,Reasoning Token Count,tokens,max,512.00
17,1789646628411513856,1789646638411513856,Reasoning Token Count,tokens,sum,32768.00
17,1789646628411513856,1789646638411513856,Reasoning Token Count,tokens,p1,512.00
17,1789646628411513856,1789646638411513856,Reasoning Token Count,tokens,p5,512.00
17,1789646628411513856,1789646638411513856,Reasoning Token Count,tokens,p10,512.00
17,1789646628411513856,1789646638411513856,Reasoning Token Count,tokens,p25,512.00
17,1789646628411513856,1789646638411513856,Reasoning Token Count,tokens,p50,512.00
17,1789646628411513856,1789646638411513856,Reasoning Token Count,tokens,p75,512.00
17,1789646628411513856,1789646638411513856,Reasoning Token Count,tokens,p90,512.00
17,1789646628411513856,1789646638411513856,Reasoning Token Count,tokens,p95,512.00
17,1789646628411513856,1789646638411513856,Reasoning Token Count,tokens,p99,512.00
17,1789646628411513856,1789646638411513856,Reasoning Token Count,tokens,std,0.00
17,1789646628411513856,1789646638411513856,Request Count,requests,avg,64.00
17,1789646628411513856,1789646638411513856,Request Latency,ms,avg,7881.89
17,1789646628411513856,1789646638411513856,Request Latency,ms,min,7691.86
17,1789646628411513856,1789646638411513856,Request Latency,ms,max,7918.93
17,1789646628411513856,1789646638411513856,Request Latency,ms,sum,504441.21
17,1789646628411513856,1789646638411513856,Request Latency,ms,p1,7727.36
17,1789646628411513856,1789646638411513856,Request Latency,ms,p5,7846.81
17,1789646628411513856,1789646638411513856,Request Latency,ms,p10,7860.02
17,1789646628411513856,1789646638411513856,Request Latency,ms,p25,7860.09
17,1789646628411513856,1789646638411513856,Request Latency,ms,p50,7861.37
17,1789646628411513856,1789646638411513856,Request Latency,ms,p75,7918.74
17,1789646628411513856,1789646638411513856,Request Latency,ms,p90,7918.83
17,1789646628411513856,1789646638411513856,Request Latency,ms,p95,7918.86
17,1789646628411513856,1789646638411513856,Request Latency,ms,p99,7918.90
17,1789646628411513856,1789646638411513856,Request Latency,ms,std,40.92
17,1789646628411513856,1789646638411513856,Request Throughput,requests/sec,avg,6.40
17,1789646628411513856,1789646638411513856,Time to First Token,ms,avg,425.32
17,1789646628411513856,1789646638411513856,Time to First Token,ms,min,221.29
17,1789646628411513856,1789646638411513856,Time to First Token,ms,max,478.11
17,1789646628411513856,1789646638411513856,Time to First Token,ms,sum,27220.31
17,1789646628411513856,1789646638411513856,Time to First Token,ms,p1,221.48
17,1789646628411513856,1789646638411513856,Time to First Token,ms,p5,309.76
17,1789646628411513856,1789646638411513856,Time to First Token,ms,p10,312.92
17,1789646628411513856,1789646638411513856,Time to First Token,ms,p25,362.98
17,1789646628411513856,1789646638411513856,Time to First Token,ms,p50,477.44
17,1789646628411513856,1789646638411513856,Time to First Token,ms,p75,477.93
17,1789646628411513856,1789646638411513856,Time to First Token,ms,p90,478.03
17,1789646628411513856,1789646638411513856,Time to First Token,ms,p95,478.07
17,1789646628411513856,1789646638411513856,Time to First Token,ms,p99,478.09
17,1789646628411513856,1789646638411513856,Time to First Token,ms,std,72.25
17,1789646628411513856,1789646638411513856,Time to Second Token,ms,avg,45.56
17,1789646628411513856,1789646638411513856,Time to Second Token,ms,min,1.12
17,1789646628411513856,1789646638411513856,Time to Second Token,ms,max,158.91
17,1789646628411513856,1789646638411513856,Time to Second Token,ms,sum,2915.72
17,1789646628411513856,1789646638411513856,Time to Second Token,ms,p1,1.14
17,1789646628411513856,1789646638411513856,Time to Second Token,ms,p5,1.23
17,1789646628411513856,1789646638411513856,Time to Second Token,ms,p10,2.95
17,1789646628411513856,1789646638411513856,Time to Second Token,ms,p25,2.97
17,1789646628411513856,1789646638411513856,Time to Second Token,ms,p50,3.09
17,1789646628411513856,1789646638411513856,Time to Second Token,ms,p75,153.90
17,1789646628411513856,1789646638411513856,Time to Second Token,ms,p90,155.18
17,1789646628411513856,1789646638411513856,Time to Second Token,ms,p95,155.23
17,1789646628411513856,1789646638411513856,Time to Second Token,ms,p99,156.62
17,1789646628411513856,1789646638411513856,Time to Second Token,ms,std,68.36
17,1789646628411513856,1789646638411513856,Tokens In Flight,tokens,avg,43818.39
17,1789646628411513856,1789646638411513856,Tokens In Flight,tokens,min,14817.72
17,1789646628411513856,1789646638411513856,Tokens In Flight,tokens,max,51752.33
17,1789646628411513856,1789646638411513856,Tokens In Flight,tokens,p50,44225.30
17,1789646628411513856,1789646638411513856,Tokens In Flight,tokens,p90,50712.44
17,1789646628411513856,1789646638411513856,Tokens In Flight,tokens,p95,51238.50
17,1789646628411513856,1789646638411513856,Tokens In Flight,tokens,p99,51629.43
17,1789646628411513856,1789646638411513856,Tokens In Flight,tokens,std,5453.81
17,1789646628411513856,1789646638411513856,Total Input Sequence Length,tokens,avg,70848.00
17,1789646628411513856,1789646638411513856,Total Output Sequence Length,tokens,avg,32768.00
17,1789646628411513856,1789646638411513856,Total Reasoning Tokens,tokens,avg,32768.00
17,1789646628411513856,1789646638411513856,Total Token Throughput,tokens/sec,avg,10361.60
17,1789646628411513856,1789646638411513856,Total Usage Completion Tokens,tokens,avg,32768.00
17,1789646628411513856,1789646638411513856,Total Usage Prompt Cache Read Tokens,tokens,avg,65536.00
17,1789646628411513856,1789646638411513856,Total Usage Prompt Tokens,tokens,avg,70848.00
17,1789646628411513856,1789646638411513856,Total Usage Reasoning Tokens,tokens,avg,32768.00
17,1789646628411513856,1789646638411513856,Total Usage Total Tokens,tokens,avg,103616.00
17,1789646628411513856,1789646638411513856,Usage Completion Tokens,tokens,avg,512.00
17,1789646628411513856,1789646638411513856,Usage Completion Tokens,tokens,min,512.00
17,1789646628411513856,1789646638411513856,Usage Completion Tokens,tokens,max,512.00
17,1789646628411513856,1789646638411513856,Usage Completion Tokens,tokens,sum,32768.00
17,1789646628411513856,1789646638411513856,Usage Completion Tokens,tokens,p1,512.00
17,1789646628411513856,1789646638411513856,Usage Completion Tokens,tokens,p5,512.00
17,1789646628411513856,1789646638411513856,Usage Completion Tokens,tokens,p10,512.00
17,1789646628411513856,1789646638411513856,Usage Completion Tokens,tokens,p25,512.00
17,1789646628411513856,1789646638411513856,Usage Completion Tokens,tokens,p50,512.00
17,1789646628411513856,1789646638411513856,Usage Completion Tokens,tokens,p75,512.00
17,1789646628411513856,1789646638411513856,Usage Completion Tokens,tokens,p90,512.00
17,1789646628411513856,1789646638411513856,Usage Completion Tokens,tokens,p95,512.00
17,1789646628411513856,1789646638411513856,Usage Completion Tokens,tokens,p99,512.00
17,1789646628411513856,1789646638411513856,Usage Completion Tokens,tokens,std,0.00
17,1789646628411513856,1789646638411513856,Usage Prompt Cache Read Tokens,tokens,avg,1024.00
17,1789646628411513856,1789646638411513856,Usage Prompt Cache Read Tokens,tokens,min,1024.00
17,1789646628411513856,1789646638411513856,Usage Prompt Cache Read Tokens,tokens,max,1024.00
17,1789646628411513856,1789646638411513856,Usage Prompt Cache Read Tokens,tokens,sum,65536.00
17,1789646628411513856,1789646638411513856,Usage Prompt Cache Read Tokens,tokens,p1,1024.00
17,1789646628411513856,1789646638411513856,Usage Prompt Cache Read Tokens,tokens,p5,1024.00
17,1789646628411513856,1789646638411513856,Usage Prompt Cache Read Tokens,tokens,p10,1024.00
17,1789646628411513856,1789646638411513856,Usage Prompt Cache Read Tokens,tokens,p25,1024.00
17,1789646628411513856,1789646638411513856,Usage Prompt Cache Read Tokens,tokens,p50,1024.00
17,1789646628411513856,1789646638411513856,Usage Prompt Cache Read Tokens,tokens,p75,1024.00
17,1789646628411513856,1789646638411513856,Usage Prompt Cache Read Tokens,tokens,p90,1024.00
17,1789646628411513856,1789646638411513856,Usage Prompt Cache Read Tokens,tokens,p95,1024.00
17,1789646628411513856,1789646638411513856,Usage Prompt Cache Read Tokens,tokens,p99,1024.00
17,1789646628411513856,1789646638411513856,Usage Prompt Cache Read Tokens,tokens,std,0.00
17,1789646628411513856,1789646638411513856,Usage Prompt Tokens,tokens,avg,1107.00
17,1789646628411513856,1789646638411513856,Usage Prompt Tokens,tokens,min,1107.00
17,1789646628411513856,1789646638411513856,Usage Prompt Tokens,tokens,max,1107.00
17,1789646628411513856,1789646638411513856,Usage Prompt Tokens,tokens,sum,70848.00
17,1789646628411513856,1789646638411513856,Usage Prompt Tokens,tokens,p1,1107.00
17,1789646628411513856,1789646638411513856,Usage Prompt Tokens,tokens,p5,1107.00
17,1789646628411513856,1789646638411513856,Usage Prompt Tokens,tokens,p10,1107.00
17,1789646628411513856,1789646638411513856,Usage Prompt Tokens,tokens,p25,1107.00
17,1789646628411513856,1789646638411513856,Usage Prompt Tokens,tokens,p50,1107.00
17,1789646628411513856,1789646638411513856,Usage Prompt Tokens,tokens,p75,1107.00
17,1789646628411513856,1789646638411513856,Usage Prompt Tokens,tokens,p90,1107.00
17,1789646628411513856,1789646638411513856,Usage Prompt Tokens,tokens,p95,1107.00
17,1789646628411513856,1789646638411513856,Usage Prompt Tokens,tokens,p99,1107.00
17,1789646628411513856,1789646638411513856,Usage Prompt Tokens,tokens,std,0.00
17,1789646628411513856,1789646638411513856,Usage Reasoning Tokens,tokens,avg,512.00
17,1789646628411513856,1789646638411513856,Usage Reasoning Tokens,tokens,min,512.00
17,1789646628411513856,1789646638411513856,Usage Reasoning Tokens,tokens,max,512.00
17,1789646628411513856,1789646638411513856,Usage Reasoning Tokens,tokens,sum,32768.00
17,1789646628411513856,1789646638411513856,Usage Reasoning Tokens,tokens,p1,512.00
17,1789646628411513856,1789646638411513856,Usage Reasoning Tokens,tokens,p5,512.00
17,1789646628411513856,1789646638411513856,Usage Reasoning Tokens,tokens,p10,512.00
17,1789646628411513856,1789646638411513856,Usage Reasoning Tokens,tokens,p25,512.00
17,1789646628411513856,1789646638411513856,Usage Reasoning Tokens,tokens,p50,512.00
17,1789646628411513856,1789646638411513856,Usage Reasoning Tokens,tokens,p75,512.00
17,1789646628411513856,1789646638411513856,Usage Reasoning Tokens,tokens,p90,512.00
17,1789646628411513856,1789646638411513856,Usage Reasoning Tokens,tokens,p95,512.00
17,1789646628411513856,1789646638411513856,Usage Reasoning Tokens,tokens,p99,512.00
17,1789646628411513856,1789646638411513856,Usage Reasoning Tokens,tokens,std,0.00
17,1789646628411513856,1789646638411513856,Usage Total Tokens,tokens,avg,1619.00
17,1789646628411513856,1789646638411513856,Usage Total Tokens,tokens,min,1619.00
17,1789646628411513856,1789646638411513856,Usage Total Tokens,tokens,max,1619.00
17,1789646628411513856,1789646638411513856,Usage Total Tokens,tokens,sum,103616.00
17,1789646628411513856,1789646638411513856,Usage Total Tokens,tokens,p1,1619.00
17,1789646628411513856,1789646638411513856,Usage Total Tokens,tokens,p5,1619.00
17,1789646628411513856,1789646638411513856,Usage Total Tokens,tokens,p10,1619.00
17,1789646628411513856,1789646638411513856,Usage Total Tokens,tokens,p25,1619.00
17,1789646628411513856,1789646638411513856,Usage Total Tokens,tokens,p50,1619.00
17,1789646628411513856,1789646638411513856,Usage Total Tokens,tokens,p75,1619.00
17,1789646628411513856,1789646638411513856,Usage Total Tokens,tokens,p90,1619.00
17,1789646628411513856,1789646638411513856,Usage Total Tokens,tokens,p95,1619.00
17,1789646628411513856,1789646638411513856,Usage Total Tokens,tokens,p99,1619.00
17,1789646628411513856,1789646638411513856,Usage Total Tokens,tokens,std,0.00
18,1789646638411513856,1789646648411513856,Active Decode Throughput,tokens/sec,avg,2121.62
18,1789646638411513856,1789646648411513856,Active Decode Throughput,tokens/sec,min,7.47
18,1789646638411513856,1789646648411513856,Active Decode Throughput,tokens/sec,max,9419.80
18,1789646638411513856,1789646648411513856,Active Decode Throughput,tokens/sec,p50,2197.04
18,1789646638411513856,1789646648411513856,Active Decode Throughput,tokens/sec,p90,2363.97
18,1789646638411513856,1789646648411513856,Active Decode Throughput,tokens/sec,p95,2433.53
18,1789646638411513856,1789646648411513856,Active Decode Throughput,tokens/sec,p99,3106.41
18,1789646638411513856,1789646648411513856,Active Decode Throughput,tokens/sec,std,536.39
18,1789646638411513856,1789646648411513856,Active Decode Throughput Per User,tokens/sec/user,avg,66.60
18,1789646638411513856,1789646648411513856,Active Decode Throughput Per User,tokens/sec/user,min,3.30
18,1789646638411513856,1789646648411513856,Active Decode Throughput Per User,tokens/sec/user,max,318.85
18,1789646638411513856,1789646648411513856,Active Decode Throughput Per User,tokens/sec/user,p50,68.66
18,1789646638411513856,1789646648411513856,Active Decode Throughput Per User,tokens/sec/user,p90,73.87
18,1789646638411513856,1789646648411513856,Active Decode Throughput Per User,tokens/sec/user,p95,76.05
18,1789646638411513856,1789646648411513856,Active Decode Throughput Per User,tokens/sec/user,p99,97.08
18,1789646638411513856,1789646648411513856,Active Decode Throughput Per User,tokens/sec/user,std,15.84
18,1789646638411513856,1789646648411513856,Active Prefill Throughput,tokens/sec,avg,66222.99
18,1789646638411513856,1789646648411513856,Active Prefill Throughput,tokens/sec,min,3557.47
18,1789646638411513856,1789646648411513856,Active Prefill Throughput,tokens/sec,max,81869.80
18,1789646638411513856,1789646648411513856,Active Prefill Throughput,tokens/sec,p50,76220.47
18,1789646638411513856,1789646648411513856,Active Prefill Throughput,tokens/sec,p90,81869.80
18,1789646638411513856,1789646648411513856,Active Prefill Throughput,tokens/sec,p95,81869.80
18,1789646638411513856,1789646648411513856,Active Prefill Throughput,tokens/sec,p99,81869.80
18,1789646638411513856,1789646648411513856,Active Prefill Throughput,tokens/sec,std,18863.24
18,1789646638411513856,1789646648411513856,Active Prefill Throughput Per User,tokens/sec/user,avg,2718.19
18,1789646638411513856,1789646648411513856,Active Prefill Throughput Per User,tokens/sec/user,min,2484.12
18,1789646638411513856,1789646648411513856,Active Prefill Throughput Per User,tokens/sec/user,max,5021.77
18,1789646638411513856,1789646648411513856,Active Prefill Throughput Per User,tokens/sec/user,p50,2628.29
18,1789646638411513856,1789646648411513856,Active Prefill Throughput Per User,tokens/sec/user,p90,3306.31
18,1789646638411513856,1789646648411513856,Active Prefill Throughput Per User,tokens/sec/user,p95,3306.31
18,1789646638411513856,1789646648411513856,Active Prefill Throughput Per User,tokens/sec/user,p99,5021.77
18,1789646638411513856,1789646648411513856,Active Prefill Throughput Per User,tokens/sec/user,std,464.18
18,1789646638411513856,1789646648411513856,Active Total Throughput,tokens/sec,avg,5647.73
18,1789646638411513856,1789646648411513856,Active Total Throughput,tokens/sec,min,2132.78
18,1789646638411513856,1789646648411513856,Active Total Throughput,tokens/sec,max,81936.66
18,1789646638411513856,1789646648411513856,Active Total Throughput,tokens/sec,p50,2199.67
18,1789646638411513856,1789646648411513856,Active Total Throughput,tokens/sec,p90,2199.67
18,1789646638411513856,1789646648411513856,Active Total Throughput,tokens/sec,p95,31344.34
18,1789646638411513856,1789646648411513856,Active Total Throughput,tokens/sec,p99,81936.66
18,1789646638411513856,1789646648411513856,Active Total Throughput,tokens/sec,std,15115.83
18,1789646638411513856,1789646648411513856,Benchmark Duration,sec,avg,8.09
18,1789646638411513856,1789646648411513856,Decode Duration,ms,avg,7432.94
18,1789646638411513856,1789646648411513856,Decode Duration,ms,min,7347.87
18,1789646638411513856,1789646648411513856,Decode Duration,ms,max,7642.22
18,1789646638411513856,1789646648411513856,Decode Duration,ms,sum,237854.10
18,1789646638411513856,1789646648411513856,Decode Duration,ms,p1,7358.81
18,1789646638411513856,1789646648411513856,Decode Duration,ms,p5,7384.86
18,1789646638411513856,1789646648411513856,Decode Duration,ms,p10,7386.25
18,1789646638411513856,1789646648411513856,Decode Duration,ms,p25,7386.26
18,1789646638411513856,1789646648411513856,Decode Duration,ms,p50,7386.29
18,1789646638411513856,1789646648411513856,Decode Duration,ms,p75,7504.72
18,1789646638411513856,1789646648411513856,Decode Duration,ms,p90,7504.76
18,1789646638411513856,1789646648411513856,Decode Duration,ms,p95,7551.88
18,1789646638411513856,1789646648411513856,Decode Duration,ms,p99,7614.23
18,1789646638411513856,1789646648411513856,Decode Duration,ms,std,71.68
18,1789646638411513856,1789646648411513856,E2E Output Token Throughput,tokens/sec/user,avg,65.17
18,1789646638411513856,1789646648411513856,E2E Output Token Throughput,tokens/sec/user,min,65.11
18,1789646638411513856,1789646648411513856,E2E Output Token Throughput,tokens/sec/user,max,66.54
18,1789646638411513856,1789646648411513856,E2E Output Token Throughput,tokens/sec/user,sum,2085.48
18,1789646638411513856,1789646648411513856,E2E Output Token Throughput,tokens/sec/user,p1,65.11
18,1789646638411513856,1789646648411513856,E2E Output Token Throughput,tokens/sec/user,p5,65.12
18,1789646638411513856,1789646648411513856,E2E Output Token Throughput,tokens/sec/user,p10,65.12
18,1789646638411513856,1789646648411513856,E2E Output Token Throughput,tokens/sec/user,p25,65.12
18,1789646638411513856,1789646648411513856,E2E Output Token Throughput,tokens/sec/user,p50,65.12
18,1789646638411513856,1789646648411513856,E2E Output Token Throughput,tokens/sec/user,p75,65.12
18,1789646638411513856,1789646648411513856,E2E Output Token Throughput,tokens/sec/user,p90,65.12
18,1789646638411513856,1789646648411513856,E2E Output Token Throughput,tokens/sec/user,p95,65.26
18,1789646638411513856,1789646648411513856,E2E Output Token Throughput,tokens/sec/user,p99,66.20
18,1789646638411513856,1789646648411513856,E2E Output Token Throughput,tokens/sec/user,std,0.25
18,1789646638411513856,1789646648411513856,Effective Concurrency,requests,avg,31.99
18,1789646638411513856,1789646648411513856,Effective Concurrency,requests,min,12.00
18,1789646638411513856,1789646648411513856,Effective Concurrency,requests,max,32.00
18,1789646638411513856,1789646648411513856,Effective Concurrency,requests,p50,32.00
18,1789646638411513856,1789646648411513856,Effective Concurrency,requests,p90,32.00
18,1789646638411513856,1789646648411513856,Effective Concurrency,requests,p95,32.00
18,1789646638411513856,1789646648411513856,Effective Concurrency,requests,p99,32.00
18,1789646638411513856,1789646648411513856,Effective Concurrency,requests,std,0.39
18,1789646638411513856,1789646648411513856,Effective Decode Concurrency,requests,avg,30.63
18,1789646638411513856,1789646648411513856,Effective Decode Concurrency,requests,min,1.00
18,1789646638411513856,1789646648411513856,Effective Decode Concurrency,requests,max,32.00
18,1789646638411513856,1789646648411513856,Effective Decode Concurrency,requests,p50,32.00
18,1789646638411513856,1789646648411513856,Effective Decode Concurrency,requests,p90,32.00
18,1789646638411513856,1789646648411513856,Effective Decode Concurrency,requests,p95,32.00
18,1789646638411513856,1789646648411513856,Effective Decode Concurrency,requests,p99,32.00
18,1789646638411513856,1789646648411513856,Effective Decode Concurrency,requests,std,5.98
18,1789646638411513856,1789646648411513856,Effective Decode Throughput,tokens/sec,avg,2121.62
18,1789646638411513856,1789646648411513856,Effective Decode Throughput,tokens/sec,min,7.47
18,1789646638411513856,1789646648411513856,Effective Decode Throughput,tokens/sec,max,9419.80
18,1789646638411513856,1789646648411513856,Effective Decode Throughput,tokens/sec,p50,2197.04
18,1789646638411513856,1789646648411513856,Effective Decode Throughput,tokens/sec,p90,2363.97
18,1789646638411513856,1789646648411513856,Effective Decode Throughput,tokens/sec,p95,2433.53
18,1789646638411513856,1789646648411513856,Effective Decode Throughput,tokens/sec,p99,3106.41
18,1789646638411513856,1789646648411513856,Effective Decode Throughput,tokens/sec,std,536.39
18,1789646638411513856,1789646648411513856,Effective Decode Throughput Per User,tokens/sec/user,avg,66.60
18,1789646638411513856,1789646648411513856,Effective Decode Throughput Per User,tokens/sec/user,min,3.30
18,1789646638411513856,1789646648411513856,Effective Decode Throughput Per User,tokens/sec/user,max,318.85
18,1789646638411513856,1789646648411513856,Effective Decode Throughput Per User,tokens/sec/user,p50,68.66
18,1789646638411513856,1789646648411513856,Effective Decode Throughput Per User,tokens/sec/user,p90,73.87
18,1789646638411513856,1789646648411513856,Effective Decode Throughput Per User,tokens/sec/user,p95,76.05
18,1789646638411513856,1789646648411513856,Effective Decode Throughput Per User,tokens/sec/user,p99,97.08
18,1789646638411513856,1789646648411513856,Effective Decode Throughput Per User,tokens/sec/user,std,15.84
18,1789646638411513856,1789646648411513856,Effective Prefill Concurrency,requests,avg,1.35
18,1789646638411513856,1789646648411513856,Effective Prefill Concurrency,requests,min,0.00
18,1789646638411513856,1789646648411513856,Effective Prefill Concurrency,requests,max,31.00
18,1789646638411513856,1789646648411513856,Effective Prefill Concurrency,requests,p50,0.00
18,1789646638411513856,1789646648411513856,Effective Prefill Concurrency,requests,p90,0.00
18,1789646638411513856,1789646648411513856,Effective Prefill Concurrency,requests,p95,9.00
18,1789646638411513856,1789646648411513856,Effective Prefill Concurrency,requests,p99,31.00
18,1789646638411513856,1789646648411513856,Effective Prefill Concurrency,requests,std,5.95
18,1789646638411513856,1789646648411513856,Effective Prefill Throughput,tokens/sec,avg,3542.40
18,1789646638411513856,1789646648411513856,Effective Prefill Throughput,tokens/sec,min,0.00
18,1789646638411513856,1789646648411513856,Effective Prefill Throughput,tokens/sec,max,81869.80
18,1789646638411513856,1789646648411513856,Effective Prefill Throughput,tokens/sec,p50,0.00
18,1789646638411513856,1789646648411513856,Effective Prefill Throughput,tokens/sec,p90,0.00
18,1789646638411513856,1789646648411513856,Effective Prefill Throughput,tokens/sec,p95,29756.79
18,1789646638411513856,1789646648411513856,Effective Prefill Throughput,tokens/sec,p99,81869.80
18,1789646638411513856,1789646648411513856,Effective Prefill Throughput,tokens/sec,std,15526.54
18,1789646638411513856,1789646648411513856,Effective Prefill Throughput Per User,tokens/sec/user,avg,145.40
18,1789646638411513856,1789646648411513856,Effective Prefill Throughput Per User,tokens/sec/user,min,0.00
18,1789646638411513856,1789646648411513856,Effective Prefill Throughput Per User,tokens/sec/user,max,5021.77
18,1789646638411513856,1789646648411513856,Effective Prefill Throughput Per User,tokens/sec/user,p50,0.00
18,1789646638411513856,1789646648411513856,Effective Prefill Throughput Per User,tokens/sec/user,p90,0.00
18,1789646638411513856,1789646648411513856,Effective Prefill Throughput Per User,tokens/sec/user,p95,2484.12
18,1789646638411513856,1789646648411513856,Effective Prefill Throughput Per User,tokens/sec/user,p99,2640.96
18,1789646638411513856,1789646648411513856,Effective Prefill Throughput Per User,tokens/sec/user,std,620.98
18,1789646638411513856,1789646648411513856,Effective Total Throughput,tokens/sec,avg,5647.73
18,1789646638411513856,1789646648411513856,Effective Total Throughput,tokens/sec,min,2132.78
18,1789646638411513856,1789646648411513856,Effective Total Throughput,tokens/sec,max,81936.66
18,1789646638411513856,1789646648411513856,Effective Total Throughput,tokens/sec,p50,2199.67
18,1789646638411513856,1789646648411513856,Effective Total Throughput,tokens/sec,p90,2199.67
18,1789646638411513856,1789646648411513856,Effective Total Throughput,tokens/sec,p95,31344.34
18,1789646638411513856,1789646648411513856,Effective Total Throughput,tokens/sec,p99,81936.66
18,1789646638411513856,1789646648411513856,Effective Total Throughput,tokens/sec,std,15115.83
18,1789646638411513856,1789646648411513856,HTTP Blocked,ms,avg,0.00
18,1789646638411513856,1789646648411513856,HTTP Blocked,ms,min,0.00
18,1789646638411513856,1789646648411513856,HTTP Blocked,ms,max,0.00
18,1789646638411513856,1789646648411513856,HTTP Blocked,ms,sum,0.00
18,1789646638411513856,1789646648411513856,HTTP Blocked,ms,p1,0.00
18,1789646638411513856,1789646648411513856,HTTP Blocked,ms,p5,0.00
18,1789646638411513856,1789646648411513856,HTTP Blocked,ms,p10,0.00
18,1789646638411513856,1789646648411513856,HTTP Blocked,ms,p25,0.00
18,1789646638411513856,1789646648411513856,HTTP Blocked,ms,p50,0.00
18,1789646638411513856,1789646648411513856,HTTP Blocked,ms,p75,0.00
18,1789646638411513856,1789646648411513856,HTTP Blocked,ms,p90,0.00
18,1789646638411513856,1789646648411513856,HTTP Blocked,ms,p95,0.00
18,1789646638411513856,1789646648411513856,HTTP Blocked,ms,p99,0.00
18,1789646638411513856,1789646648411513856,HTTP Blocked,ms,std,0.00
18,1789646638411513856,1789646648411513856,HTTP Chunks Received,count,avg,467.03
18,1789646638411513856,1789646648411513856,HTTP Chunks Received,count,min,432.00
18,1789646638411513856,1789646648411513856,HTTP Chunks Received,count,max,502.00
18,1789646638411513856,1789646648411513856,HTTP Chunks Received,count,sum,14945.00
18,1789646638411513856,1789646648411513856,HTTP Chunks Received,count,p1,433.55
18,1789646638411513856,1789646648411513856,HTTP Chunks Received,count,p5,440.85
18,1789646638411513856,1789646648411513856,HTTP Chunks Received,count,p10,451.10
18,1789646638411513856,1789646648411513856,HTTP Chunks Received,count,p25,458.75
18,1789646638411513856,1789646648411513856,HTTP Chunks Received,count,p50,468.00
18,1789646638411513856,1789646648411513856,HTTP Chunks Received,count,p75,475.25
18,1789646638411513856,1789646648411513856,HTTP Chunks Received,count,p90,481.90
18,1789646638411513856,1789646648411513856,HTTP Chunks Received,count,p95,492.75
18,1789646638411513856,1789646648411513856,HTTP Chunks Received,count,p99,501.69
18,1789646638411513856,1789646648411513856,HTTP Chunks Received,count,std,15.22
18,1789646638411513856,1789646648411513856,HTTP Chunks Sent,count,avg,1.00
18,1789646638411513856,1789646648411513856,HTTP Chunks Sent,count,min,1.00
18,1789646638411513856,1789646648411513856,HTTP Chunks Sent,count,max,1.00
18,1789646638411513856,1789646648411513856,HTTP Chunks Sent,count,sum,32.00
18,1789646638411513856,1789646648411513856,HTTP Chunks Sent,count,p1,1.00
18,1789646638411513856,1789646648411513856,HTTP Chunks Sent,count,p5,1.00
18,1789646638411513856,1789646648411513856,HTTP Chunks Sent,count,p10,1.00
18,1789646638411513856,1789646648411513856,HTTP Chunks Sent,count,p25,1.00
18,1789646638411513856,1789646648411513856,HTTP Chunks Sent,count,p50,1.00
18,1789646638411513856,1789646648411513856,HTTP Chunks Sent,count,p75,1.00
18,1789646638411513856,1789646648411513856,HTTP Chunks Sent,count,p90,1.00
18,1789646638411513856,1789646648411513856,HTTP Chunks Sent,count,p95,1.00
18,1789646638411513856,1789646648411513856,HTTP Chunks Sent,count,p99,1.00
18,1789646638411513856,1789646648411513856,HTTP Chunks Sent,count,std,0.00
18,1789646638411513856,1789646648411513856,HTTP Connecting,ms,avg,0.00
18,1789646638411513856,1789646648411513856,HTTP Connecting,ms,min,0.00
18,1789646638411513856,1789646648411513856,HTTP Connecting,ms,max,0.00
18,1789646638411513856,1789646648411513856,HTTP Connecting,ms,sum,0.00
18,1789646638411513856,1789646648411513856,HTTP Connecting,ms,p1,0.00
18,1789646638411513856,1789646648411513856,HTTP Connecting,ms,p5,0.00
18,1789646638411513856,1789646648411513856,HTTP Connecting,ms,p10,0.00
18,1789646638411513856,1789646648411513856,HTTP Connecting,ms,p25,0.00
18,1789646638411513856,1789646648411513856,HTTP Connecting,ms,p50,0.00
18,1789646638411513856,1789646648411513856,HTTP Connecting,ms,p75,0.00
18,1789646638411513856,1789646648411513856,HTTP Connecting,ms,p90,0.00
18,1789646638411513856,1789646648411513856,HTTP Connecting,ms,p95,0.00
18,1789646638411513856,1789646648411513856,HTTP Connecting,ms,p99,0.00
18,1789646638411513856,1789646648411513856,HTTP Connecting,ms,std,0.00
18,1789646638411513856,1789646648411513856,HTTP Connection Overhead,ms,avg,0.00
18,1789646638411513856,1789646648411513856,HTTP Connection Overhead,ms,min,0.00
18,1789646638411513856,1789646648411513856,HTTP Connection Overhead,ms,max,0.00
18,1789646638411513856,1789646648411513856,HTTP Connection Overhead,ms,sum,0.00
18,1789646638411513856,1789646648411513856,HTTP Connection Overhead,ms,p1,0.00
18,1789646638411513856,1789646648411513856,HTTP Connection Overhead,ms,p5,0.00
18,1789646638411513856,1789646648411513856,HTTP Connection Overhead,ms,p10,0.00
18,1789646638411513856,1789646648411513856,HTTP Connection Overhead,ms,p25,0.00
18,1789646638411513856,1789646648411513856,HTTP Connection Overhead,ms,p50,0.00
18,1789646638411513856,1789646648411513856,HTTP Connection Overhead,ms,p75,0.00
18,1789646638411513856,1789646648411513856,HTTP Connection Overhead,ms,p90,0.00
18,1789646638411513856,1789646648411513856,HTTP Connection Overhead,ms,p95,0.00
18,1789646638411513856,1789646648411513856,HTTP Connection Overhead,ms,p99,0.00
18,1789646638411513856,1789646648411513856,HTTP Connection Overhead,ms,std,0.00
18,1789646638411513856,1789646648411513856,HTTP Connection Reused,ratio,avg,1.00
18,1789646638411513856,1789646648411513856,HTTP Connection Reused,ratio,min,1.00
18,1789646638411513856,1789646648411513856,HTTP Connection Reused,ratio,max,1.00
18,1789646638411513856,1789646648411513856,HTTP Connection Reused,ratio,sum,32.00
18,1789646638411513856,1789646648411513856,HTTP Connection Reused,ratio,p1,1.00
18,1789646638411513856,1789646648411513856,HTTP Connection Reused,ratio,p5,1.00
18,1789646638411513856,1789646648411513856,HTTP Connection Reused,ratio,p10,1.00
18,1789646638411513856,1789646648411513856,HTTP Connection Reused,ratio,p25,1.00
18,1789646638411513856,1789646648411513856,HTTP Connection Reused,ratio,p50,1.00
18,1789646638411513856,1789646648411513856,HTTP Connection Reused,ratio,p75,1.00
18,1789646638411513856,1789646648411513856,HTTP Connection Reused,ratio,p90,1.00
18,1789646638411513856,1789646648411513856,HTTP Connection Reused,ratio,p95,1.00
18,1789646638411513856,1789646648411513856,HTTP Connection Reused,ratio,p99,1.00
18,1789646638411513856,1789646648411513856,HTTP Connection Reused,ratio,std,0.00
18,1789646638411513856,1789646648411513856,HTTP Data Received,KB,avg,124.58
18,1789646638411513856,1789646648411513856,HTTP Data Received,KB,min,115.32
18,1789646638411513856,1789646648411513856,HTTP Data Received,KB,max,133.89
18,1789646638411513856,1789646648411513856,HTTP Data Received,KB,sum,3986.45
18,1789646638411513856,1789646648411513856,HTTP Data Received,KB,p1,115.76
18,1789646638411513856,1789646648411513856,HTTP Data Received,KB,p5,117.72
18,1789646638411513856,1789646648411513856,HTTP Data Received,KB,p10,120.40
18,1789646638411513856,1789646648411513856,HTTP Data Received,KB,p25,122.31
18,1789646638411513856,1789646648411513856,HTTP Data Received,KB,p50,124.87
18,1789646638411513856,1789646648411513856,HTTP Data Received,KB,p75,126.78
18,1789646638411513856,1789646648411513856,HTTP Data Received,KB,p90,128.62
18,1789646638411513856,1789646648411513856,HTTP Data Received,KB,p95,131.29
18,1789646638411513856,1789646648411513856,HTTP Data Received,KB,p99,133.76
18,1789646638411513856,1789646648411513856,HTTP Data Received,KB,std,4.01
18,1789646638411513856,1789646648411513856,HTTP Data Sent,KB,avg,4.60
18,1789646638411513856,1789646648411513856,HTTP Data Sent,KB,min,4.08
18,1789646638411513856,1789646648411513856,HTTP Data Sent,KB,max,4.96
18,1789646638411513856,1789646648411513856,HTTP Data Sent,KB,sum,147.23
18,1789646638411513856,1789646648411513856,HTTP Data Sent,KB,p1,4.17
18,1789646638411513856,1789646648411513856,HTTP Data Sent,KB,p5,4.38
18,1789646638411513856,1789646648411513856,HTTP Data Sent,KB,p10,4.39
18,1789646638411513856,1789646648411513856,HTTP Data Sent,KB,p25,4.49
18,1789646638411513856,1789646648411513856,HTTP Data Sent,KB,p50,4.58
18,1789646638411513856,1789646648411513856,HTTP Data Sent,KB,p75,4.71
18,1789646638411513856,1789646648411513856,HTTP Data Sent,KB,p90,4.83
18,1789646638411513856,1789646648411513856,HTTP Data Sent,KB,p95,4.90
18,1789646638411513856,1789646648411513856,HTTP Data Sent,KB,p99,4.96
18,1789646638411513856,1789646648411513856,HTTP Data Sent,KB,std,0.18
18,1789646638411513856,1789646648411513856,HTTP DNS Lookup,ms,avg,0.00
18,1789646638411513856,1789646648411513856,HTTP DNS Lookup,ms,min,0.00
18,1789646638411513856,1789646648411513856,HTTP DNS Lookup,ms,max,0.00
18,1789646638411513856,1789646648411513856,HTTP DNS Lookup,ms,sum,0.00
18,1789646638411513856,1789646648411513856,HTTP DNS Lookup,ms,p1,0.00
18,1789646638411513856,1789646648411513856,HTTP DNS Lookup,ms,p5,0.00
18,1789646638411513856,1789646648411513856,HTTP DNS Lookup,ms,p10,0.00
18,1789646638411513856,1789646648411513856,HTTP DNS Lookup,ms,p25,0.00
18,1789646638411513856,1789646648411513856,HTTP DNS Lookup,ms,p50,0.00
18,1789646638411513856,1789646648411513856,HTTP DNS Lookup,ms,p75,0.00
18,1789646638411513856,1789646648411513856,HTTP DNS Lookup,ms,p90,0.00
18,1789646638411513856,1789646648411513856,HTTP DNS Lookup,ms,p95,0.00
18,1789646638411513856,1789646648411513856,HTTP DNS Lookup,ms,p99,0.00
18,1789646638411513856,1789646648411513856,HTTP DNS Lookup,ms,std,0.00
18,1789646638411513856,1789646648411513856,HTTP Duration (excl. conn),ms,avg,7862.74
18,1789646638411513856,1789646648411513856,HTTP Duration (excl. conn),ms,min,7862.53
18,1789646638411513856,1789646648411513856,HTTP Duration (excl. conn),ms,max,7863.15
18,1789646638411513856,1789646648411513856,HTTP Duration (excl. conn),ms,sum,251607.60
18,1789646638411513856,1789646648411513856,HTTP Duration (excl. conn),ms,p1,7862.55
18,1789646638411513856,1789646648411513856,HTTP Duration (excl. conn),ms,p5,7862.60
18,1789646638411513856,1789646648411513856,HTTP Duration (excl. conn),ms,p10,7862.64
18,1789646638411513856,1789646648411513856,HTTP Duration (excl. conn),ms,p25,7862.68
18,1789646638411513856,1789646648411513856,HTTP Duration (excl. conn),ms,p50,7862.72
18,1789646638411513856,1789646648411513856,HTTP Duration (excl. conn),ms,p75,7862.76
18,1789646638411513856,1789646648411513856,HTTP Duration (excl. conn),ms,p90,7862.83
18,1789646638411513856,1789646648411513856,HTTP Duration (excl. conn),ms,p95,7862.96
18,1789646638411513856,1789646648411513856,HTTP Duration (excl. conn),ms,p99,7863.09
18,1789646638411513856,1789646648411513856,HTTP Duration (excl. conn),ms,std,0.11
18,1789646638411513856,1789646648411513856,HTTP Receiving,ms,avg,7439.42
18,1789646638411513856,1789646648411513856,HTTP Receiving,ms,min,7386.25
18,1789646638411513856,1789646648411513856,HTTP Receiving,ms,max,7642.22
18,1789646638411513856,1789646648411513856,HTTP Receiving,ms,sum,238061.35
18,1789646638411513856,1789646648411513856,HTTP Receiving,ms,p1,7386.25
18,1789646638411513856,1789646648411513856,HTTP Receiving,ms,p5,7386.25
18,1789646638411513856,1789646648411513856,HTTP Receiving,ms,p10,7386.26
18,1789646638411513856,1789646648411513856,HTTP Receiving,ms,p25,7386.27
18,1789646638411513856,1789646648411513856,HTTP Receiving,ms,p50,7386.30
18,1789646638411513856,1789646648411513856,HTTP Receiving,ms,p75,7504.74
18,1789646638411513856,1789646648411513856,HTTP Receiving,ms,p90,7547.12
18,1789646638411513856,1789646648411513856,HTTP Receiving,ms,p95,7551.88
18,1789646638411513856,1789646648411513856,HTTP Receiving,ms,p99,7614.24
18,1789646638411513856,1789646648411513856,HTTP Receiving,ms,std,72.81
18,1789646638411513856,1789646648411513856,HTTP Sending,ms,avg,0.14
18,1789646638411513856,1789646648411513856,HTTP Sending,ms,min,0.12
18,1789646638411513856,1789646648411513856,HTTP Sending,ms,max,0.15
18,1789646638411513856,1789646648411513856,HTTP Sending,ms,sum,4.38
18,1789646638411513856,1789646648411513856,HTTP Sending,ms,p1,0.12
18,1789646638411513856,1789646648411513856,HTTP Sending,ms,p5,0.13
18,1789646638411513856,1789646648411513856,HTTP Sending,ms,p10,0.13
18,1789646638411513856,1789646648411513856,HTTP Sending,ms,p25,0.13
18,1789646638411513856,1789646648411513856,HTTP Sending,ms,p50,0.14
18,1789646638411513856,1789646648411513856,HTTP Sending,ms,p75,0.14
18,1789646638411513856,1789646648411513856,HTTP Sending,ms,p90,0.15
18,1789646638411513856,1789646648411513856,HTTP Sending,ms,p95,0.15
18,1789646638411513856,1789646648411513856,HTTP Sending,ms,p99,0.15
18,1789646638411513856,1789646648411513856,HTTP Sending,ms,std,0.01
18,1789646638411513856,1789646648411513856,HTTP Total Time,ms,avg,7862.74
18,1789646638411513856,1789646648411513856,HTTP Total Time,ms,min,7862.53
18,1789646638411513856,1789646648411513856,HTTP Total Time,ms,max,7863.15
18,1789646638411513856,1789646648411513856,HTTP Total Time,ms,sum,251607.60
18,1789646638411513856,1789646648411513856,HTTP Total Time,ms,p1,7862.55
18,1789646638411513856,1789646648411513856,HTTP Total Time,ms,p5,7862.60
18,1789646638411513856,1789646648411513856,HTTP Total Time,ms,p10,7862.64
18,1789646638411513856,1789646648411513856,HTTP Total Time,ms,p25,7862.68
18,1789646638411513856,1789646648411513856,HTTP Total Time,ms,p50,7862.72
18,1789646638411513856,1789646648411513856,HTTP Total Time,ms,p75,7862.76
18,1789646638411513856,1789646648411513856,HTTP Total Time,ms,p90,7862.83
18,1789646638411513856,1789646648411513856,HTTP Total Time,ms,p95,7862.96
18,1789646638411513856,1789646648411513856,HTTP Total Time,ms,p99,7863.09
18,1789646638411513856,1789646648411513856,HTTP Total Time,ms,std,0.11
18,1789646638411513856,1789646648411513856,HTTP Waiting (TTFB),ms,avg,423.18
18,1789646638411513856,1789646648411513856,HTTP Waiting (TTFB),ms,min,220.26
18,1789646638411513856,1789646648411513856,HTTP Waiting (TTFB),ms,max,476.42
18,1789646638411513856,1789646648411513856,HTTP Waiting (TTFB),ms,sum,13541.87
18,1789646638411513856,1789646648411513856,HTTP Waiting (TTFB),ms,p1,248.38
18,1789646638411513856,1789646648411513856,HTTP Waiting (TTFB),ms,p5,311.00
18,1789646638411513856,1789646648411513856,HTTP Waiting (TTFB),ms,p10,315.74
18,1789646638411513856,1789646648411513856,HTTP Waiting (TTFB),ms,p25,357.86
18,1789646638411513856,1789646648411513856,HTTP Waiting (TTFB),ms,p50,476.24
18,1789646638411513856,1789646648411513856,HTTP Waiting (TTFB),ms,p75,476.30
18,1789646638411513856,1789646648411513856,HTTP Waiting (TTFB),ms,p90,476.36
18,1789646638411513856,1789646648411513856,HTTP Waiting (TTFB),ms,p95,476.38
18,1789646638411513856,1789646648411513856,HTTP Waiting (TTFB),ms,p99,476.41
18,1789646638411513856,1789646648411513856,HTTP Waiting (TTFB),ms,std,72.78
18,1789646638411513856,1789646648411513856,Input Sequence Length,tokens,avg,1107.00
18,1789646638411513856,1789646648411513856,Input Sequence Length,tokens,min,1107.00
18,1789646638411513856,1789646648411513856,Input Sequence Length,tokens,max,1107.00
18,1789646638411513856,1789646648411513856,Input Sequence Length,tokens,sum,35424.00
18,1789646638411513856,1789646648411513856,Input Sequence Length,tokens,p1,1107.00
18,1789646638411513856,1789646648411513856,Input Sequence Length,tokens,p5,1107.00
18,1789646638411513856,1789646648411513856,Input Sequence Length,tokens,p10,1107.00
18,1789646638411513856,1789646648411513856,Input Sequence Length,tokens,p25,1107.00
18,1789646638411513856,1789646648411513856,Input Sequence Length,tokens,p50,1107.00
18,1789646638411513856,1789646648411513856,Input Sequence Length,tokens,p75,1107.00
18,1789646638411513856,1789646648411513856,Input Sequence Length,tokens,p90,1107.00
18,1789646638411513856,1789646648411513856,Input Sequence Length,tokens,p95,1107.00
18,1789646638411513856,1789646648411513856,Input Sequence Length,tokens,p99,1107.00
18,1789646638411513856,1789646648411513856,Input Sequence Length,tokens,std,0.00
18,1789646638411513856,1789646648411513856,Input Token Throughput,tokens/sec,avg,3542.40
18,1789646638411513856,1789646648411513856,Inter Chunk Latency,ms,avg,15.95
18,1789646638411513856,1789646648411513856,Inter Chunk Latency,ms,min,1.13
18,1789646638411513856,1789646648411513856,Inter Chunk Latency,ms,max,168.76
18,1789646638411513856,1789646648411513856,Inter Chunk Latency,ms,sum,237854.10
18,1789646638411513856,1789646648411513856,Inter Chunk Latency,ms,p1,8.79
18,1789646638411513856,1789646648411513856,Inter Chunk Latency,ms,p5,12.85
18,1789646638411513856,1789646648411513856,Inter Chunk Latency,ms,p10,14.08
18,1789646638411513856,1789646648411513856,Inter Chunk Latency,ms,p25,14.45
18,1789646638411513856,1789646648411513856,Inter Chunk Latency,ms,p50,14.77
18,1789646638411513856,1789646648411513856,Inter Chunk Latency,ms,p75,15.09
18,1789646638411513856,1789646648411513856,Inter Chunk Latency,ms,p90,15.55
18,1789646638411513856,1789646648411513856,Inter Chunk Latency,ms,p95,29.37
18,1789646638411513856,1789646648411513856,Inter Chunk Latency,ms,p99,30.50
18,1789646638411513856,1789646648411513856,Inter Chunk Latency,ms,std,6.22
18,1789646638411513856,1789646648411513856,Inter Token Latency,ms,avg,14.55
18,1789646638411513856,1789646648411513856,Inter Token Latency,ms,min,14.38
18,1789646638411513856,1789646648411513856,Inter Token Latency,ms,max,14.96
18,1789646638411513856,1789646648411513856,Inter Token Latency,ms,sum,465.47
18,1789646638411513856,1789646648411513856,Inter Token Latency,ms,p1,14.40
18,1789646638411513856,1789646648411513856,Inter Token Latency,ms,p5,14.45
18,1789646638411513856,1789646648411513856,Inter Token Latency,ms,p10,14.45
18,1789646638411513856,1789646648411513856,Inter Token Latency,ms,p25,14.45
18,1789646638411513856,1789646648411513856,Inter Token Latency,ms,p50,14.45
18,1789646638411513856,1789646648411513856,Inter Token Latency,ms,p75,14.69
18,1789646638411513856,1789646648411513856,Inter Token Latency,ms,p90,14.69
18,1789646638411513856,1789646648411513856,Inter Token Latency,ms,p95,14.78
18,1789646638411513856,1789646648411513856,Inter Token Latency,ms,p99,14.90
18,1789646638411513856,1789646648411513856,Inter Token Latency,ms,std,0.14
18,1789646638411513856,1789646648411513856,OSL Mismatch Count,requests,avg,0.00
18,1789646638411513856,1789646648411513856,OSL Mismatch Diff %,%,avg,0.00
18,1789646638411513856,1789646648411513856,OSL Mismatch Diff %,%,min,0.00
18,1789646638411513856,1789646648411513856,OSL Mismatch Diff %,%,max,0.00
18,1789646638411513856,1789646648411513856,OSL Mismatch Diff %,%,sum,0.00
18,1789646638411513856,1789646648411513856,OSL Mismatch Diff %,%,p1,0.00
18,1789646638411513856,1789646648411513856,OSL Mismatch Diff %,%,p5,0.00
18,1789646638411513856,1789646648411513856,OSL Mismatch Diff %,%,p10,0.00
18,1789646638411513856,1789646648411513856,OSL Mismatch Diff %,%,p25,0.00
18,1789646638411513856,1789646648411513856,OSL Mismatch Diff %,%,p50,0.00
18,1789646638411513856,1789646648411513856,OSL Mismatch Diff %,%,p75,0.00
18,1789646638411513856,1789646648411513856,OSL Mismatch Diff %,%,p90,0.00
18,1789646638411513856,1789646648411513856,OSL Mismatch Diff %,%,p95,0.00
18,1789646638411513856,1789646648411513856,OSL Mismatch Diff %,%,p99,0.00
18,1789646638411513856,1789646648411513856,OSL Mismatch Diff %,%,std,0.00
18,1789646638411513856,1789646648411513856,Output Sequence Length,tokens,avg,512.00
18,1789646638411513856,1789646648411513856,Output Sequence Length,tokens,min,512.00
18,1789646638411513856,1789646648411513856,Output Sequence Length,tokens,max,512.00
18,1789646638411513856,1789646648411513856,Output Sequence Length,tokens,sum,16384.00
18,1789646638411513856,1789646648411513856,Output Sequence Length,tokens,p1,512.00
18,1789646638411513856,1789646648411513856,Output Sequence Length,tokens,p5,512.00
18,1789646638411513856,1789646648411513856,Output Sequence Length,tokens,p10,512.00
18,1789646638411513856,1789646648411513856,Output Sequence Length,tokens,p25,512.00
18,1789646638411513856,1789646648411513856,Output Sequence Length,tokens,p50,512.00
18,1789646638411513856,1789646648411513856,Output Sequence Length,tokens,p75,512.00
18,1789646638411513856,1789646648411513856,Output Sequence Length,tokens,p90,512.00
18,1789646638411513856,1789646648411513856,Output Sequence Length,tokens,p95,512.00
18,1789646638411513856,1789646648411513856,Output Sequence Length,tokens,p99,512.00
18,1789646638411513856,1789646648411513856,Output Sequence Length,tokens,std,0.00
18,1789646638411513856,1789646648411513856,Output Token Throughput,tokens/sec,avg,1638.40
18,1789646638411513856,1789646648411513856,Output Token Throughput Per User,tokens/sec/user,avg,68.75
18,1789646638411513856,1789646648411513856,Output Token Throughput Per User,tokens/sec/user,min,66.87
18,1789646638411513856,1789646648411513856,Output Token Throughput Per User,tokens/sec/user,max,69.54
18,1789646638411513856,1789646648411513856,Output Token Throughput Per User,tokens/sec/user,sum,2200.14
18,1789646638411513856,1789646648411513856,Output Token Throughput Per User,tokens/sec/user,p1,67.11
18,1789646638411513856,1789646648411513856,Output Token Throughput Per User,tokens/sec/user,p5,67.67
18,1789646638411513856,1789646648411513856,Output Token Throughput Per User,tokens/sec/user,p10,68.09
18,1789646638411513856,1789646648411513856,Output Token Throughput Per User,tokens/sec/user,p25,68.09
18,1789646638411513856,1789646648411513856,Output Token Throughput Per User,tokens/sec/user,p50,69.18
18,1789646638411513856,1789646648411513856,Output Token Throughput Per User,tokens/sec/user,p75,69.18
18,1789646638411513856,1789646648411513856,Output Token Throughput Per User,tokens/sec/user,p90,69.18
18,1789646638411513856,1789646648411513856,Output Token Throughput Per User,tokens/sec/user,p95,69.20
18,1789646638411513856,1789646648411513856,Output Token Throughput Per User,tokens/sec/user,p99,69.44
18,1789646638411513856,1789646648411513856,Output Token Throughput Per User,tokens/sec/user,std,0.66
18,1789646638411513856,1789646648411513856,Overall Usage Prompt Cache Read %,%,avg,92.50
18,1789646638411513856,1789646648411513856,Prefill Throughput Per User,tokens/sec/user,avg,2715.36
18,1789646638411513856,1789646648411513856,Prefill Throughput Per User,tokens/sec/user,min,2322.51
18,1789646638411513856,1789646648411513856,Prefill Throughput Per User,tokens/sec/user,max,5021.78
18,1789646638411513856,1789646648411513856,Prefill Throughput Per User,tokens/sec/user,sum,86891.57
18,1789646638411513856,1789646648411513856,Prefill Throughput Per User,tokens/sec/user,p1,2322.56
18,1789646638411513856,1789646648411513856,Prefill Throughput Per User,tokens/sec/user,p5,2322.74
18,1789646638411513856,1789646648411513856,Prefill Throughput Per User,tokens/sec/user,p10,2322.82
18,1789646638411513856,1789646648411513856,Prefill Throughput Per User,tokens/sec/user,p25,2323.13
18,1789646638411513856,1789646648411513856,Prefill Throughput Per User,tokens/sec/user,p50,2323.40
18,1789646638411513856,1789646648411513856,Prefill Throughput Per User,tokens/sec/user,p75,3091.74
18,1789646638411513856,1789646648411513856,Prefill Throughput Per User,tokens/sec/user,p90,3510.13
18,1789646638411513856,1789646648411513856,Prefill Throughput Per User,tokens/sec/user,p95,3557.29
18,1789646638411513856,1789646648411513856,Prefill Throughput Per User,tokens/sec/user,p99,4567.84
18,1789646638411513856,1789646648411513856,Prefill Throughput Per User,tokens/sec/user,std,603.50
18,1789646638411513856,1789646648411513856,Reasoning Token Count,tokens,avg,512.00
18,1789646638411513856,1789646648411513856,Reasoning Token Count,tokens,min,512.00
18,1789646638411513856,1789646648411513856,Reasoning Token Count,tokens,max,512.00
18,1789646638411513856,1789646648411513856,Reasoning Token Count,tokens,sum,16384.00
18,1789646638411513856,1789646648411513856,Reasoning Token Count,tokens,p1,512.00
18,1789646638411513856,1789646648411513856,Reasoning Token Count,tokens,p5,512.00
18,1789646638411513856,1789646648411513856,Reasoning Token Count,tokens,p10,512.00
18,1789646638411513856,1789646648411513856,Reasoning Token Count,tokens,p25,512.00
18,1789646638411513856,1789646648411513856,Reasoning Token Count,tokens,p50,512.00
18,1789646638411513856,1789646648411513856,Reasoning Token Count,tokens,p75,512.00
18,1789646638411513856,1789646648411513856,Reasoning Token Count,tokens,p90,512.00
18,1789646638411513856,1789646648411513856,Reasoning Token Count,tokens,p95,512.00
18,1789646638411513856,1789646648411513856,Reasoning Token Count,tokens,p99,512.00
18,1789646638411513856,1789646648411513856,Reasoning Token Count,tokens,std,0.00
18,1789646638411513856,1789646648411513856,Request Count,requests,avg,32.00
18,1789646638411513856,1789646648411513856,Request Latency,ms,avg,7856.33
18,1789646638411513856,1789646648411513856,Request Latency,ms,min,7694.35
18,1789646638411513856,1789646648411513856,Request Latency,ms,max,7863.20
18,1789646638411513856,1789646648411513856,Request Latency,ms,sum,251402.49
18,1789646638411513856,1789646648411513856,Request Latency,ms,p1,7734.64
18,1789646638411513856,1789646648411513856,Request Latency,ms,p5,7845.37
18,1789646638411513856,1789646648411513856,Request Latency,ms,p10,7862.66
18,1789646638411513856,1789646648411513856,Request Latency,ms,p25,7862.72
18,1789646638411513856,1789646648411513856,Request Latency,ms,p50,7862.76
18,1789646638411513856,1789646648411513856,Request Latency,ms,p75,7862.82
18,1789646638411513856,1789646648411513856,Request Latency,ms,p90,7862.89
18,1789646638411513856,1789646648411513856,Request Latency,ms,p95,7862.96
18,1789646638411513856,1789646648411513856,Request Latency,ms,p99,7863.15
18,1789646638411513856,1789646648411513856,Request Latency,ms,std,29.85
18,1789646638411513856,1789646648411513856,Request Throughput,requests/sec,avg,3.20
18,1789646638411513856,1789646648411513856,Time to First Token,ms,avg,423.39
18,1789646638411513856,1789646648411513856,Time to First Token,ms,min,220.44
18,1789646638411513856,1789646648411513856,Time to First Token,ms,max,476.64
18,1789646638411513856,1789646648411513856,Time to First Token,ms,sum,13548.39
18,1789646638411513856,1789646648411513856,Time to First Token,ms,p1,248.57
18,1789646638411513856,1789646648411513856,Time to First Token,ms,p5,311.19
18,1789646638411513856,1789646648411513856,Time to First Token,ms,p10,315.93
18,1789646638411513856,1789646648411513856,Time to First Token,ms,p25,358.05
18,1789646638411513856,1789646648411513856,Time to First Token,ms,p50,476.46
18,1789646638411513856,1789646648411513856,Time to First Token,ms,p75,476.51
18,1789646638411513856,1789646648411513856,Time to First Token,ms,p90,476.58
18,1789646638411513856,1789646648411513856,Time to First Token,ms,p95,476.59
18,1789646638411513856,1789646648411513856,Time to First Token,ms,p99,476.63
18,1789646638411513856,1789646648411513856,Time to First Token,ms,std,72.79
18,1789646638411513856,1789646648411513856,Time to Second Token,ms,avg,46.04
18,1789646638411513856,1789646648411513856,Time to Second Token,ms,min,1.13
18,1789646638411513856,1789646648411513856,Time to Second Token,ms,max,156.87
18,1789646638411513856,1789646648411513856,Time to Second Token,ms,sum,1473.14
18,1789646638411513856,1789646648411513856,Time to Second Token,ms,p1,1.15
18,1789646638411513856,1789646648411513856,Time to Second Token,ms,p5,1.23
18,1789646638411513856,1789646648411513856,Time to Second Token,ms,p10,3.01
18,1789646638411513856,1789646648411513856,Time to Second Token,ms,p25,3.02
18,1789646638411513856,1789646648411513856,Time to Second Token,ms,p50,3.04
18,1789646638411513856,1789646648411513856,Time to Second Token,ms,p75,155.03
18,1789646638411513856,1789646648411513856,Time to Second Token,ms,p90,156.81
18,1789646638411513856,1789646648411513856,Time to Second Token,ms,p95,156.84
18,1789646638411513856,1789646648411513856,Time to Second Token,ms,p99,156.86
18,1789646638411513856,1789646648411513856,Time to Second Token,ms,std,69.13
18,1789646638411513856,1789646648411513856,Tokens In Flight,tokens,avg,42312.51
18,1789646638411513856,1789646648411513856,Tokens In Flight,tokens,min,14817.78
18,1789646638411513856,1789646648411513856,Tokens In Flight,tokens,max,51751.00
18,1789646638411513856,1789646648411513856,Tokens In Flight,tokens,p50,41043.21
18,1789646638411513856,1789646648411513856,Tokens In Flight,tokens,p90,49628.67
18,1789646638411513856,1789646648411513856,Tokens In Flight,tokens,p95,50694.80
18,1789646638411513856,1789646648411513856,Tokens In Flight,tokens,p99,51524.80
18,1789646638411513856,1789646648411513856,Tokens In Flight,tokens,std,4826.58
18,1789646638411513856,1789646648411513856,Total Input Sequence Length,tokens,avg,35424.00
18,1789646638411513856,1789646648411513856,Total Output Sequence Length,tokens,avg,16384.00
18,1789646638411513856,1789646648411513856,Total Reasoning Tokens,tokens,avg,16384.00
18,1789646638411513856,1789646648411513856,Total Token Throughput,tokens/sec,avg,5180.80
18,1789646638411513856,1789646648411513856,Total Usage Completion Tokens,tokens,avg,16384.00
18,1789646638411513856,1789646648411513856,Total Usage Prompt Cache Read Tokens,tokens,avg,32768.00
18,1789646638411513856,1789646648411513856,Total Usage Prompt Tokens,tokens,avg,35424.00
18,1789646638411513856,1789646648411513856,Total Usage Reasoning Tokens,tokens,avg,16384.00
18,1789646638411513856,1789646648411513856,Total Usage Total Tokens,tokens,avg,51808.00
18,1789646638411513856,1789646648411513856,Usage Completion Tokens,tokens,avg,512.00
18,1789646638411513856,1789646648411513856,Usage Completion Tokens,tokens,min,512.00
18,1789646638411513856,1789646648411513856,Usage Completion Tokens,tokens,max,512.00
18,1789646638411513856,1789646648411513856,Usage Completion Tokens,tokens,sum,16384.00
18,1789646638411513856,1789646648411513856,Usage Completion Tokens,tokens,p1,512.00
18,1789646638411513856,1789646648411513856,Usage Completion Tokens,tokens,p5,512.00
18,1789646638411513856,1789646648411513856,Usage Completion Tokens,tokens,p10,512.00
18,1789646638411513856,1789646648411513856,Usage Completion Tokens,tokens,p25,512.00
18,1789646638411513856,1789646648411513856,Usage Completion Tokens,tokens,p50,512.00
18,1789646638411513856,1789646648411513856,Usage Completion Tokens,tokens,p75,512.00
18,1789646638411513856,1789646648411513856,Usage Completion Tokens,tokens,p90,512.00
18,1789646638411513856,1789646648411513856,Usage Completion Tokens,tokens,p95,512.00
18,1789646638411513856,1789646648411513856,Usage Completion Tokens,tokens,p99,512.00
18,1789646638411513856,1789646648411513856,Usage Completion Tokens,tokens,std,0.00
18,1789646638411513856,1789646648411513856,Usage Prompt Cache Read Tokens,tokens,avg,1024.00
18,1789646638411513856,1789646648411513856,Usage Prompt Cache Read Tokens,tokens,min,1024.00
18,1789646638411513856,1789646648411513856,Usage Prompt Cache Read Tokens,tokens,max,1024.00
18,1789646638411513856,1789646648411513856,Usage Prompt Cache Read Tokens,tokens,sum,32768.00
18,1789646638411513856,1789646648411513856,Usage Prompt Cache Read Tokens,tokens,p1,1024.00
18,1789646638411513856,1789646648411513856,Usage Prompt Cache Read Tokens,tokens,p5,1024.00
18,1789646638411513856,1789646648411513856,Usage Prompt Cache Read Tokens,tokens,p10,1024.00
18,1789646638411513856,1789646648411513856,Usage Prompt Cache Read Tokens,tokens,p25,1024.00
18,1789646638411513856,1789646648411513856,Usage Prompt Cache Read Tokens,tokens,p50,1024.00
18,1789646638411513856,1789646648411513856,Usage Prompt Cache Read Tokens,tokens,p75,1024.00
18,1789646638411513856,1789646648411513856,Usage Prompt Cache Read Tokens,tokens,p90,1024.00
18,1789646638411513856,1789646648411513856,Usage Prompt Cache Read Tokens,tokens,p95,1024.00
18,1789646638411513856,1789646648411513856,Usage Prompt Cache Read Tokens,tokens,p99,1024.00
18,1789646638411513856,1789646648411513856,Usage Prompt Cache Read Tokens,tokens,std,0.00
18,1789646638411513856,1789646648411513856,Usage Prompt Tokens,tokens,avg,1107.00
18,1789646638411513856,1789646648411513856,Usage Prompt Tokens,tokens,min,1107.00
18,1789646638411513856,1789646648411513856,Usage Prompt Tokens,tokens,max,1107.00
18,1789646638411513856,1789646648411513856,Usage Prompt Tokens,tokens,sum,35424.00
18,1789646638411513856,1789646648411513856,Usage Prompt Tokens,tokens,p1,1107.00
18,1789646638411513856,1789646648411513856,Usage Prompt Tokens,tokens,p5,1107.00
18,1789646638411513856,1789646648411513856,Usage Prompt Tokens,tokens,p10,1107.00
18,1789646638411513856,1789646648411513856,Usage Prompt Tokens,tokens,p25,1107.00
18,1789646638411513856,1789646648411513856,Usage Prompt Tokens,tokens,p50,1107.00
18,1789646638411513856,1789646648411513856,Usage Prompt Tokens,tokens,p75,1107.00
18,1789646638411513856,1789646648411513856,Usage Prompt Tokens,tokens,p90,1107.00
18,1789646638411513856,1789646648411513856,Usage Prompt Tokens,tokens,p95,1107.00
18,1789646638411513856,1789646648411513856,Usage Prompt Tokens,tokens,p99,1107.00
18,1789646638411513856,1789646648411513856,Usage Prompt Tokens,tokens,std,0.00
18,1789646638411513856,1789646648411513856,Usage Reasoning Tokens,tokens,avg,512.00
18,1789646638411513856,1789646648411513856,Usage Reasoning Tokens,tokens,min,512.00
18,1789646638411513856,1789646648411513856,Usage Reasoning Tokens,tokens,max,512.00
18,1789646638411513856,1789646648411513856,Usage Reasoning Tokens,tokens,sum,16384.00
18,1789646638411513856,1789646648411513856,Usage Reasoning Tokens,tokens,p1,512.00
18,1789646638411513856,1789646648411513856,Usage Reasoning Tokens,tokens,p5,512.00
18,1789646638411513856,1789646648411513856,Usage Reasoning Tokens,tokens,p10,512.00
18,1789646638411513856,1789646648411513856,Usage Reasoning Tokens,tokens,p25,512.00
18,1789646638411513856,1789646648411513856,Usage Reasoning Tokens,tokens,p50,512.00
18,1789646638411513856,1789646648411513856,Usage Reasoning Tokens,tokens,p75,512.00
18,1789646638411513856,1789646648411513856,Usage Reasoning Tokens,tokens,p90,512.00
18,1789646638411513856,1789646648411513856,Usage Reasoning Tokens,tokens,p95,512.00
18,1789646638411513856,1789646648411513856,Usage Reasoning Tokens,tokens,p99,512.00
18,1789646638411513856,1789646648411513856,Usage Reasoning Tokens,tokens,std,0.00
18,1789646638411513856,1789646648411513856,Usage Total Tokens,tokens,avg,1619.00
18,1789646638411513856,1789646648411513856,Usage Total Tokens,tokens,min,1619.00
18,1789646638411513856,1789646648411513856,Usage Total Tokens,tokens,max,1619.00
18,1789646638411513856,1789646648411513856,Usage Total Tokens,tokens,sum,51808.00
18,1789646638411513856,1789646648411513856,Usage Total Tokens,tokens,p1,1619.00
18,1789646638411513856,1789646648411513856,Usage Total Tokens,tokens,p5,1619.00
18,1789646638411513856,1789646648411513856,Usage Total Tokens,tokens,p10,1619.00
18,1789646638411513856,1789646648411513856,Usage Total Tokens,tokens,p25,1619.00
18,1789646638411513856,1789646648411513856,Usage Total Tokens,tokens,p50,1619.00
18,1789646638411513856,1789646648411513856,Usage Total Tokens,tokens,p75,1619.00
18,1789646638411513856,1789646648411513856,Usage Total Tokens,tokens,p90,1619.00
18,1789646638411513856,1789646648411513856,Usage Total Tokens,tokens,p95,1619.00
18,1789646638411513856,1789646648411513856,Usage Total Tokens,tokens,p99,1619.00
18,1789646638411513856,1789646648411513856,Usage Total Tokens,tokens,std,0.00
19,1789646648411513856,1789646658411513856,Active Decode Throughput,tokens/sec,avg,2092.76
19,1789646648411513856,1789646658411513856,Active Decode Throughput,tokens/sec,min,7.14
19,1789646648411513856,1789646658411513856,Active Decode Throughput,tokens/sec,max,10602.70
19,1789646648411513856,1789646658411513856,Active Decode Throughput,tokens/sec,p50,2176.66
19,1789646648411513856,1789646658411513856,Active Decode Throughput,tokens/sec,p90,2312.36
19,1789646648411513856,1789646658411513856,Active Decode Throughput,tokens/sec,p95,2362.07
19,1789646648411513856,1789646658411513856,Active Decode Throughput,tokens/sec,p99,2871.58
19,1789646648411513856,1789646658411513856,Active Decode Throughput,tokens/sec,std,520.87
19,1789646648411513856,1789646658411513856,Active Decode Throughput Per User,tokens/sec/user,avg,65.69
19,1789646648411513856,1789646658411513856,Active Decode Throughput Per User,tokens/sec/user,min,3.14
19,1789646648411513856,1789646658411513856,Active Decode Throughput Per User,tokens/sec/user,max,353.42
19,1789646648411513856,1789646658411513856,Active Decode Throughput Per User,tokens/sec/user,p50,68.02
19,1789646648411513856,1789646658411513856,Active Decode Throughput Per User,tokens/sec/user,p90,72.26
19,1789646648411513856,1789646658411513856,Active Decode Throughput Per User,tokens/sec/user,p95,73.81
19,1789646648411513856,1789646658411513856,Active Decode Throughput Per User,tokens/sec/user,p99,89.74
19,1789646648411513856,1789646658411513856,Active Decode Throughput Per User,tokens/sec/user,std,15.39
19,1789646648411513856,1789646658411513856,Active Prefill Throughput,tokens/sec,avg,66503.81
19,1789646648411513856,1789646658411513856,Active Prefill Throughput,tokens/sec,min,3587.90
19,1789646648411513856,1789646658411513856,Active Prefill Throughput,tokens/sec,max,82227.69
19,1789646648411513856,1789646658411513856,Active Prefill Throughput,tokens/sec,p50,76466.49
19,1789646648411513856,1789646658411513856,Active Prefill Throughput,tokens/sec,p90,82227.69
19,1789646648411513856,1789646658411513856,Active Prefill Throughput,tokens/sec,p95,82227.69
19,1789646648411513856,1789646658411513856,Active Prefill Throughput,tokens/sec,p99,82227.69
19,1789646648411513856,1789646658411513856,Active Prefill Throughput,tokens/sec,std,18986.45
19,1789646648411513856,1789646658411513856,Active Prefill Throughput Per User,tokens/sec/user,avg,2730.03
19,1789646648411513856,1789646658411513856,Active Prefill Throughput Per User,tokens/sec/user,min,2498.73
19,1789646648411513856,1789646658411513856,Active Prefill Throughput Per User,tokens/sec/user,max,5008.74
19,1789646648411513856,1789646658411513856,Active Prefill Throughput Per User,tokens/sec/user,p50,2636.78
19,1789646648411513856,1789646658411513856,Active Prefill Throughput Per User,tokens/sec/user,p90,3307.30
19,1789646648411513856,1789646658411513856,Active Prefill Throughput Per User,tokens/sec/user,p95,3307.30
19,1789646648411513856,1789646658411513856,Active Prefill Throughput Per User,tokens/sec/user,p99,5008.74
19,1789646648411513856,1789646658411513856,Active Prefill Throughput Per User,tokens/sec/user,std,462.58
19,1789646648411513856,1789646658411513856,Active Total Throughput,tokens/sec,avg,5642.54
19,1789646648411513856,1789646658411513856,Active Total Throughput,tokens/sec,min,2131.37
19,1789646648411513856,1789646658411513856,Active Total Throughput,tokens/sec,max,82294.27
19,1789646648411513856,1789646658411513856,Active Total Throughput,tokens/sec,p50,2198.23
19,1789646648411513856,1789646658411513856,Active Total Throughput,tokens/sec,p90,2198.23
19,1789646648411513856,1789646658411513856,Active Total Throughput,tokens/sec,p95,31352.36
19,1789646648411513856,1789646658411513856,Active Total Throughput,tokens/sec,p99,82294.27
19,1789646648411513856,1789646658411513856,Active Total Throughput,tokens/sec,std,15155.06
19,1789646648411513856,1789646658411513856,Benchmark Duration,sec,avg,8.12
19,1789646648411513856,1789646658411513856,Decode Duration,ms,avg,7473.82
19,1789646648411513856,1789646658411513856,Decode Duration,ms,min,7421.33
19,1789646648411513856,1789646658411513856,Decode Duration,ms,max,7674.68
19,1789646648411513856,1789646658411513856,Decode Duration,ms,sum,239162.31
19,1789646648411513856,1789646658411513856,Decode Duration,ms,p1,7421.34
19,1789646648411513856,1789646658411513856,Decode Duration,ms,p5,7421.34
19,1789646648411513856,1789646658411513856,Decode Duration,ms,p10,7421.34
19,1789646648411513856,1789646658411513856,Decode Duration,ms,p25,7421.36
19,1789646648411513856,1789646658411513856,Decode Duration,ms,p50,7421.41
19,1789646648411513856,1789646658411513856,Decode Duration,ms,p75,7537.52
19,1789646648411513856,1789646658411513856,Decode Duration,ms,p90,7581.73
19,1789646648411513856,1789646658411513856,Decode Duration,ms,p95,7586.74
19,1789646648411513856,1789646658411513856,Decode Duration,ms,p99,7647.44
19,1789646648411513856,1789646658411513856,Decode Duration,ms,std,72.03
19,1789646648411513856,1789646658411513856,E2E Output Token Throughput,tokens/sec/user,avg,64.85
19,1789646648411513856,1789646658411513856,E2E Output Token Throughput,tokens/sec/user,min,64.85
19,1789646648411513856,1789646658411513856,E2E Output Token Throughput,tokens/sec/user,max,64.85
19,1789646648411513856,1789646658411513856,E2E Output Token Throughput,tokens/sec/user,sum,2075.14
19,1789646648411513856,1789646658411513856,E2E Output Token Throughput,tokens/sec/user,p1,64.85
19,1789646648411513856,1789646658411513856,E2E Output Token Throughput,tokens/sec/user,p5,64.85
19,1789646648411513856,1789646658411513856,E2E Output Token Throughput,tokens/sec/user,p10,64.85
19,1789646648411513856,1789646658411513856,E2E Output Token Throughput,tokens/sec/user,p25,64.85
19,1789646648411513856,1789646658411513856,E2E Output Token Throughput,tokens/sec/user,p50,64.85
19,1789646648411513856,1789646658411513856,E2E Output Token Throughput,tokens/sec/user,p75,64.85
19,1789646648411513856,1789646658411513856,E2E Output Token Throughput,tokens/sec/user,p90,64.85
19,1789646648411513856,1789646658411513856,E2E Output Token Throughput,tokens/sec/user,p95,64.85
19,1789646648411513856,1789646658411513856,E2E Output Token Throughput,tokens/sec/user,p99,64.85
19,1789646648411513856,1789646658411513856,E2E Output Token Throughput,tokens/sec/user,std,0.00
19,1789646648411513856,1789646658411513856,Effective Concurrency,requests,avg,31.99
19,1789646648411513856,1789646658411513856,Effective Concurrency,requests,min,12.00
19,1789646648411513856,1789646658411513856,Effective Concurrency,requests,max,32.00
19,1789646648411513856,1789646658411513856,Effective Concurrency,requests,p50,32.00
19,1789646648411513856,1789646658411513856,Effective Concurrency,requests,p90,32.00
19,1789646648411513856,1789646658411513856,Effective Concurrency,requests,p95,32.00
19,1789646648411513856,1789646658411513856,Effective Concurrency,requests,p99,32.00
19,1789646648411513856,1789646658411513856,Effective Concurrency,requests,std,0.39
19,1789646648411513856,1789646658411513856,Effective Decode Concurrency,requests,avg,30.64
19,1789646648411513856,1789646658411513856,Effective Decode Concurrency,requests,min,1.00
19,1789646648411513856,1789646658411513856,Effective Decode Concurrency,requests,max,32.00
19,1789646648411513856,1789646658411513856,Effective Decode Concurrency,requests,p50,32.00
19,1789646648411513856,1789646658411513856,Effective Decode Concurrency,requests,p90,32.00
19,1789646648411513856,1789646658411513856,Effective Decode Concurrency,requests,p95,32.00
19,1789646648411513856,1789646658411513856,Effective Decode Concurrency,requests,p99,32.00
19,1789646648411513856,1789646658411513856,Effective Decode Concurrency,requests,std,5.97
19,1789646648411513856,1789646658411513856,Effective Decode Throughput,tokens/sec,avg,2092.76
19,1789646648411513856,1789646658411513856,Effective Decode Throughput,tokens/sec,min,7.14
19,1789646648411513856,1789646658411513856,Effective Decode Throughput,tokens/sec,max,10602.70
19,1789646648411513856,1789646658411513856,Effective Decode Throughput,tokens/sec,p50,2176.66
19,1789646648411513856,1789646658411513856,Effective Decode Throughput,tokens/sec,p90,2312.36
19,1789646648411513856,1789646658411513856,Effective Decode Throughput,tokens/sec,p95,2362.07
19,1789646648411513856,1789646658411513856,Effective Decode Throughput,tokens/sec,p99,2871.58
19,1789646648411513856,1789646658411513856,Effective Decode Throughput,tokens/sec,std,520.87
19,1789646648411513856,1789646658411513856,Effective Decode Throughput Per User,tokens/sec/user,avg,65.69
19,1789646648411513856,1789646658411513856,Effective Decode Throughput Per User,tokens/sec/user,min,3.14
19,1789646648411513856,1789646658411513856,Effective Decode Throughput Per User,tokens/sec/user,max,353.42
19,1789646648411513856,1789646658411513856,Effective Decode Throughput Per User,tokens/sec/user,p50,68.02
19,1789646648411513856,1789646658411513856,Effective Decode Throughput Per User,tokens/sec/user,p90,72.26
19,1789646648411513856,1789646658411513856,Effective Decode Throughput Per User,tokens/sec/user,p95,73.81
19,1789646648411513856,1789646658411513856,Effective Decode Throughput Per User,tokens/sec/user,p99,89.74
19,1789646648411513856,1789646658411513856,Effective Decode Throughput Per User,tokens/sec/user,std,15.39
19,1789646648411513856,1789646658411513856,Effective Prefill Concurrency,requests,avg,1.35
19,1789646648411513856,1789646658411513856,Effective Prefill Concurrency,requests,min,0.00
19,1789646648411513856,1789646658411513856,Effective Prefill Concurrency,requests,max,31.00
19,1789646648411513856,1789646658411513856,Effective Prefill Concurrency,requests,p50,0.00
19,1789646648411513856,1789646658411513856,Effective Prefill Concurrency,requests,p90,0.00
19,1789646648411513856,1789646658411513856,Effective Prefill Concurrency,requests,p95,9.00
19,1789646648411513856,1789646658411513856,Effective Prefill Concurrency,requests,p99,31.00
19,1789646648411513856,1789646658411513856,Effective Prefill Concurrency,requests,std,5.94
19,1789646648411513856,1789646658411513856,Effective Prefill Throughput,tokens/sec,avg,3542.40
19,1789646648411513856,1789646658411513856,Effective Prefill Throughput,tokens/sec,min,0.00
19,1789646648411513856,1789646658411513856,Effective Prefill Throughput,tokens/sec,max,82227.69
19,1789646648411513856,1789646658411513856,Effective Prefill Throughput,tokens/sec,p50,0.00
19,1789646648411513856,1789646658411513856,Effective Prefill Throughput,tokens/sec,p90,0.00
19,1789646648411513856,1789646658411513856,Effective Prefill Throughput,tokens/sec,p95,29765.72
19,1789646648411513856,1789646658411513856,Effective Prefill Throughput,tokens/sec,p99,82227.69
19,1789646648411513856,1789646658411513856,Effective Prefill Throughput,tokens/sec,std,15563.94
19,1789646648411513856,1789646658411513856,Effective Prefill Throughput Per User,tokens/sec/user,avg,145.42
19,1789646648411513856,1789646658411513856,Effective Prefill Throughput Per User,tokens/sec/user,min,0.00
19,1789646648411513856,1789646658411513856,Effective Prefill Throughput Per User,tokens/sec/user,max,5008.74
19,1789646648411513856,1789646658411513856,Effective Prefill Throughput Per User,tokens/sec/user,p50,0.00
19,1789646648411513856,1789646658411513856,Effective Prefill Throughput Per User,tokens/sec/user,p90,0.00
19,1789646648411513856,1789646658411513856,Effective Prefill Throughput Per User,tokens/sec/user,p95,2498.73
19,1789646648411513856,1789646658411513856,Effective Prefill Throughput Per User,tokens/sec/user,p99,2652.51
19,1789646648411513856,1789646658411513856,Effective Prefill Throughput Per User,tokens/sec/user,std,622.29
19,1789646648411513856,1789646658411513856,Effective Total Throughput,tokens/sec,avg,5642.54
19,1789646648411513856,1789646658411513856,Effective Total Throughput,tokens/sec,min,2131.37
19,1789646648411513856,1789646658411513856,Effective Total Throughput,tokens/sec,max,82294.27
19,1789646648411513856,1789646658411513856,Effective Total Throughput,tokens/sec,p50,2198.23
19,1789646648411513856,1789646658411513856,Effective Total Throughput,tokens/sec,p90,2198.23
19,1789646648411513856,1789646658411513856,Effective Total Throughput,tokens/sec,p95,31352.36
19,1789646648411513856,1789646658411513856,Effective Total Throughput,tokens/sec,p99,82294.27
19,1789646648411513856,1789646658411513856,Effective Total Throughput,tokens/sec,std,15155.06
19,1789646648411513856,1789646658411513856,HTTP Blocked,ms,avg,0.00
19,1789646648411513856,1789646658411513856,HTTP Blocked,ms,min,0.00
19,1789646648411513856,1789646658411513856,HTTP Blocked,ms,max,0.00
19,1789646648411513856,1789646658411513856,HTTP Blocked,ms,sum,0.00
19,1789646648411513856,1789646658411513856,HTTP Blocked,ms,p1,0.00
19,1789646648411513856,1789646658411513856,HTTP Blocked,ms,p5,0.00
19,1789646648411513856,1789646658411513856,HTTP Blocked,ms,p10,0.00
19,1789646648411513856,1789646658411513856,HTTP Blocked,ms,p25,0.00
19,1789646648411513856,1789646658411513856,HTTP Blocked,ms,p50,0.00
19,1789646648411513856,1789646658411513856,HTTP Blocked,ms,p75,0.00
19,1789646648411513856,1789646658411513856,HTTP Blocked,ms,p90,0.00
19,1789646648411513856,1789646658411513856,HTTP Blocked,ms,p95,0.00
19,1789646648411513856,1789646658411513856,HTTP Blocked,ms,p99,0.00
19,1789646648411513856,1789646658411513856,HTTP Blocked,ms,std,0.00
19,1789646648411513856,1789646658411513856,HTTP Chunks Received,count,avg,472.31
19,1789646648411513856,1789646658411513856,HTTP Chunks Received,count,min,439.00
19,1789646648411513856,1789646658411513856,HTTP Chunks Received,count,max,502.00
19,1789646648411513856,1789646658411513856,HTTP Chunks Received,count,sum,15114.00
19,1789646648411513856,1789646658411513856,HTTP Chunks Received,count,p1,444.27
19,1789646648411513856,1789646658411513856,HTTP Chunks Received,count,p5,457.10
19,1789646648411513856,1789646658411513856,HTTP Chunks Received,count,p10,459.00
19,1789646648411513856,1789646658411513856,HTTP Chunks Received,count,p25,464.75
19,1789646648411513856,1789646658411513856,HTTP Chunks Received,count,p50,472.00
19,1789646648411513856,1789646658411513856,HTTP Chunks Received,count,p75,477.00
19,1789646648411513856,1789646658411513856,HTTP Chunks Received,count,p90,492.50
19,1789646648411513856,1789646658411513856,HTTP Chunks Received,count,p95,496.25
19,1789646648411513856,1789646658411513856,HTTP Chunks Received,count,p99,501.07
19,1789646648411513856,1789646658411513856,HTTP Chunks Received,count,std,13.00
19,1789646648411513856,1789646658411513856,HTTP Chunks Sent,count,avg,1.00
19,1789646648411513856,1789646658411513856,HTTP Chunks Sent,count,min,1.00
19,1789646648411513856,1789646658411513856,HTTP Chunks Sent,count,max,1.00
19,1789646648411513856,1789646658411513856,HTTP Chunks Sent,count,sum,32.00
19,1789646648411513856,1789646658411513856,HTTP Chunks Sent,count,p1,1.00
19,1789646648411513856,1789646658411513856,HTTP Chunks Sent,count,p5,1.00
19,1789646648411513856,1789646658411513856,HTTP Chunks Sent,count,p10,1.00
19,1789646648411513856,1789646658411513856,HTTP Chunks Sent,count,p25,1.00
19,1789646648411513856,1789646658411513856,HTTP Chunks Sent,count,p50,1.00
19,1789646648411513856,1789646658411513856,HTTP Chunks Sent,count,p75,1.00
19,1789646648411513856,1789646658411513856,HTTP Chunks Sent,count,p90,1.00
19,1789646648411513856,1789646658411513856,HTTP Chunks Sent,count,p95,1.00
19,1789646648411513856,1789646658411513856,HTTP Chunks Sent,count,p99,1.00
19,1789646648411513856,1789646658411513856,HTTP Chunks Sent,count,std,0.00
19,1789646648411513856,1789646658411513856,HTTP Connecting,ms,avg,0.00
19,1789646648411513856,1789646658411513856,HTTP Connecting,ms,min,0.00
19,1789646648411513856,1789646658411513856,HTTP Connecting,ms,max,0.00
19,1789646648411513856,1789646658411513856,HTTP Connecting,ms,sum,0.00
19,1789646648411513856,1789646658411513856,HTTP Connecting,ms,p1,0.00
19,1789646648411513856,1789646658411513856,HTTP Connecting,ms,p5,0.00
19,1789646648411513856,1789646658411513856,HTTP Connecting,ms,p10,0.00
19,1789646648411513856,1789646658411513856,HTTP Connecting,ms,p25,0.00
19,1789646648411513856,1789646658411513856,HTTP Connecting,ms,p50,0.00
19,1789646648411513856,1789646658411513856,HTTP Connecting,ms,p75,0.00
19,1789646648411513856,1789646658411513856,HTTP Connecting,ms,p90,0.00
19,1789646648411513856,1789646658411513856,HTTP Connecting,ms,p95,0.00
19,1789646648411513856,1789646658411513856,HTTP Connecting,ms,p99,0.00
19,1789646648411513856,1789646658411513856,HTTP Connecting,ms,std,0.00
19,1789646648411513856,1789646658411513856,HTTP Connection Overhead,ms,avg,0.00
19,1789646648411513856,1789646658411513856,HTTP Connection Overhead,ms,min,0.00
19,1789646648411513856,1789646658411513856,HTTP Connection Overhead,ms,max,0.00
19,1789646648411513856,1789646658411513856,HTTP Connection Overhead,ms,sum,0.00
19,1789646648411513856,1789646658411513856,HTTP Connection Overhead,ms,p1,0.00
19,1789646648411513856,1789646658411513856,HTTP Connection Overhead,ms,p5,0.00
19,1789646648411513856,1789646658411513856,HTTP Connection Overhead,ms,p10,0.00
19,1789646648411513856,1789646658411513856,HTTP Connection Overhead,ms,p25,0.00
19,1789646648411513856,1789646658411513856,HTTP Connection Overhead,ms,p50,0.00
19,1789646648411513856,1789646658411513856,HTTP Connection Overhead,ms,p75,0.00
19,1789646648411513856,1789646658411513856,HTTP Connection Overhead,ms,p90,0.00
19,1789646648411513856,1789646658411513856,HTTP Connection Overhead,ms,p95,0.00
19,1789646648411513856,1789646658411513856,HTTP Connection Overhead,ms,p99,0.00
19,1789646648411513856,1789646658411513856,HTTP Connection Overhead,ms,std,0.00
19,1789646648411513856,1789646658411513856,HTTP Connection Reused,ratio,avg,1.00
19,1789646648411513856,1789646658411513856,HTTP Connection Reused,ratio,min,1.00
19,1789646648411513856,1789646658411513856,HTTP Connection Reused,ratio,max,1.00
19,1789646648411513856,1789646658411513856,HTTP Connection Reused,ratio,sum,32.00
19,1789646648411513856,1789646658411513856,HTTP Connection Reused,ratio,p1,1.00
19,1789646648411513856,1789646658411513856,HTTP Connection Reused,ratio,p5,1.00
19,1789646648411513856,1789646658411513856,HTTP Connection Reused,ratio,p10,1.00
19,1789646648411513856,1789646658411513856,HTTP Connection Reused,ratio,p25,1.00
19,1789646648411513856,1789646658411513856,HTTP Connection Reused,ratio,p50,1.00
19,1789646648411513856,1789646658411513856,HTTP Connection Reused,ratio,p75,1.00
19,1789646648411513856,1789646658411513856,HTTP Connection Reused,ratio,p90,1.00
19,1789646648411513856,1789646658411513856,HTTP Connection Reused,ratio,p95,1.00
19,1789646648411513856,1789646658411513856,HTTP Connection Reused,ratio,p99,1.00
19,1789646648411513856,1789646658411513856,HTTP Connection Reused,ratio,std,0.00
19,1789646648411513856,1789646658411513856,HTTP Data Received,KB,avg,125.94
19,1789646648411513856,1789646658411513856,HTTP Data Received,KB,min,117.06
19,1789646648411513856,1789646658411513856,HTTP Data Received,KB,max,133.97
19,1789646648411513856,1789646658411513856,HTTP Data Received,KB,sum,4030.03
19,1789646648411513856,1789646658411513856,HTTP Data Received,KB,p1,118.52
19,1789646648411513856,1789646658411513856,HTTP Data Received,KB,p5,121.96
19,1789646648411513856,1789646658411513856,HTTP Data Received,KB,p10,122.38
19,1789646648411513856,1789646658411513856,HTTP Data Received,KB,p25,123.92
19,1789646648411513856,1789646658411513856,HTTP Data Received,KB,p50,125.81
19,1789646648411513856,1789646658411513856,HTTP Data Received,KB,p75,127.09
19,1789646648411513856,1789646658411513856,HTTP Data Received,KB,p90,131.17
19,1789646648411513856,1789646658411513856,HTTP Data Received,KB,p95,132.22
19,1789646648411513856,1789646658411513856,HTTP Data Received,KB,p99,133.68
19,1789646648411513856,1789646658411513856,HTTP Data Received,KB,std,3.44
19,1789646648411513856,1789646658411513856,HTTP Data Sent,KB,avg,4.57
19,1789646648411513856,1789646658411513856,HTTP Data Sent,KB,min,4.16
19,1789646648411513856,1789646658411513856,HTTP Data Sent,KB,max,4.96
19,1789646648411513856,1789646658411513856,HTTP Data Sent,KB,sum,146.10
19,1789646648411513856,1789646658411513856,HTTP Data Sent,KB,p1,4.16
19,1789646648411513856,1789646658411513856,HTTP Data Sent,KB,p5,4.29
19,1789646648411513856,1789646658411513856,HTTP Data Sent,KB,p10,4.40
19,1789646648411513856,1789646658411513856,HTTP Data Sent,KB,p25,4.46
19,1789646648411513856,1789646658411513856,HTTP Data Sent,KB,p50,4.53
19,1789646648411513856,1789646658411513856,HTTP Data Sent,KB,p75,4.68
19,1789646648411513856,1789646658411513856,HTTP Data Sent,KB,p90,4.85
19,1789646648411513856,1789646658411513856,HTTP Data Sent,KB,p95,4.87
19,1789646648411513856,1789646658411513856,HTTP Data Sent,KB,p99,4.94
19,1789646648411513856,1789646658411513856,HTTP Data Sent,KB,std,0.18
19,1789646648411513856,1789646658411513856,HTTP DNS Lookup,ms,avg,0.00
19,1789646648411513856,1789646658411513856,HTTP DNS Lookup,ms,min,0.00
19,1789646648411513856,1789646658411513856,HTTP DNS Lookup,ms,max,0.00
19,1789646648411513856,1789646658411513856,HTTP DNS Lookup,ms,sum,0.00
19,1789646648411513856,1789646658411513856,HTTP DNS Lookup,ms,p1,0.00
19,1789646648411513856,1789646658411513856,HTTP DNS Lookup,ms,p5,0.00
19,1789646648411513856,1789646658411513856,HTTP DNS Lookup,ms,p10,0.00
19,1789646648411513856,1789646658411513856,HTTP DNS Lookup,ms,p25,0.00
19,1789646648411513856,1789646658411513856,HTTP DNS Lookup,ms,p50,0.00
19,1789646648411513856,1789646658411513856,HTTP DNS Lookup,ms,p75,0.00
19,1789646648411513856,1789646658411513856,HTTP DNS Lookup,ms,p90,0.00
19,1789646648411513856,1789646658411513856,HTTP DNS Lookup,ms,p95,0.00
19,1789646648411513856,1789646658411513856,HTTP DNS Lookup,ms,p99,0.00
19,1789646648411513856,1789646658411513856,HTTP DNS Lookup,ms,std,0.00
19,1789646648411513856,1789646658411513856,HTTP Duration (excl. conn),ms,avg,7895.31
19,1789646648411513856,1789646658411513856,HTTP Duration (excl. conn),ms,min,7894.89
19,1789646648411513856,1789646658411513856,HTTP Duration (excl. conn),ms,max,7895.64
19,1789646648411513856,1789646658411513856,HTTP Duration (excl. conn),ms,sum,252649.92
19,1789646648411513856,1789646658411513856,HTTP Duration (excl. conn),ms,p1,7894.93
19,1789646648411513856,1789646658411513856,HTTP Duration (excl. conn),ms,p5,7895.02
19,1789646648411513856,1789646658411513856,HTTP Duration (excl. conn),ms,p10,7895.12
19,1789646648411513856,1789646658411513856,HTTP Duration (excl. conn),ms,p25,7895.22
19,1789646648411513856,1789646658411513856,HTTP Duration (excl. conn),ms,p50,7895.34
19,1789646648411513856,1789646658411513856,HTTP Duration (excl. conn),ms,p75,7895.40
19,1789646648411513856,1789646658411513856,HTTP Duration (excl. conn),ms,p90,7895.48
19,1789646648411513856,1789646658411513856,HTTP Duration (excl. conn),ms,p95,7895.55
19,1789646648411513856,1789646658411513856,HTTP Duration (excl. conn),ms,p99,7895.63
19,1789646648411513856,1789646658411513856,HTTP Duration (excl. conn),ms,std,0.16
19,1789646648411513856,1789646658411513856,HTTP Receiving,ms,avg,7473.83
19,1789646648411513856,1789646658411513856,HTTP Receiving,ms,min,7421.34
19,1789646648411513856,1789646658411513856,HTTP Receiving,ms,max,7674.69
19,1789646648411513856,1789646658411513856,HTTP Receiving,ms,sum,239162.42
19,1789646648411513856,1789646658411513856,HTTP Receiving,ms,p1,7421.34
19,1789646648411513856,1789646658411513856,HTTP Receiving,ms,p5,7421.34
19,1789646648411513856,1789646658411513856,HTTP Receiving,ms,p10,7421.35
19,1789646648411513856,1789646658411513856,HTTP Receiving,ms,p25,7421.36
19,1789646648411513856,1789646658411513856,HTTP Receiving,ms,p50,7421.41
19,1789646648411513856,1789646658411513856,HTTP Receiving,ms,p75,7537.52
19,1789646648411513856,1789646658411513856,HTTP Receiving,ms,p90,7581.73
19,1789646648411513856,1789646658411513856,HTTP Receiving,ms,p95,7586.74
19,1789646648411513856,1789646658411513856,HTTP Receiving,ms,p99,7647.44
19,1789646648411513856,1789646658411513856,HTTP Receiving,ms,std,72.04
19,1789646648411513856,1789646658411513856,HTTP Sending,ms,avg,0.14
19,1789646648411513856,1789646658411513856,HTTP Sending,ms,min,0.12
19,1789646648411513856,1789646658411513856,HTTP Sending,ms,max,0.16
19,1789646648411513856,1789646658411513856,HTTP Sending,ms,sum,4.35
19,1789646648411513856,1789646658411513856,HTTP Sending,ms,p1,0.12
19,1789646648411513856,1789646658411513856,HTTP Sending,ms,p5,0.13
19,1789646648411513856,1789646658411513856,HTTP Sending,ms,p10,0.13
19,1789646648411513856,1789646658411513856,HTTP Sending,ms,p25,0.13
19,1789646648411513856,1789646658411513856,HTTP Sending,ms,p50,0.13
19,1789646648411513856,1789646658411513856,HTTP Sending,ms,p75,0.14
19,1789646648411513856,1789646658411513856,HTTP Sending,ms,p90,0.15
19,1789646648411513856,1789646658411513856,HTTP Sending,ms,p95,0.15
19,1789646648411513856,1789646658411513856,HTTP Sending,ms,p99,0.16
19,1789646648411513856,1789646658411513856,HTTP Sending,ms,std,0.01
19,1789646648411513856,1789646658411513856,HTTP Total Time,ms,avg,7895.31
19,1789646648411513856,1789646658411513856,HTTP Total Time,ms,min,7894.89
19,1789646648411513856,1789646658411513856,HTTP Total Time,ms,max,7895.64
19,1789646648411513856,1789646658411513856,HTTP Total Time,ms,sum,252649.92
19,1789646648411513856,1789646658411513856,HTTP Total Time,ms,p1,7894.93
19,1789646648411513856,1789646658411513856,HTTP Total Time,ms,p5,7895.02
19,1789646648411513856,1789646658411513856,HTTP Total Time,ms,p10,7895.12
19,1789646648411513856,1789646658411513856,HTTP Total Time,ms,p25,7895.22
19,1789646648411513856,1789646658411513856,HTTP Total Time,ms,p50,7895.34
19,1789646648411513856,1789646658411513856,HTTP Total Time,ms,p75,7895.40
19,1789646648411513856,1789646658411513856,HTTP Total Time,ms,p90,7895.48
19,1789646648411513856,1789646658411513856,HTTP Total Time,ms,p95,7895.55
19,1789646648411513856,1789646658411513856,HTTP Total Time,ms,p99,7895.63
19,1789646648411513856,1789646658411513856,HTTP Total Time,ms,std,0.16
19,1789646648411513856,1789646658411513856,HTTP Waiting (TTFB),ms,avg,421.35
19,1789646648411513856,1789646658411513856,HTTP Waiting (TTFB),ms,min,220.83
19,1789646648411513856,1789646658411513856,HTTP Waiting (TTFB),ms,max,474.11
19,1789646648411513856,1789646658411513856,HTTP Waiting (TTFB),ms,sum,13483.15
19,1789646648411513856,1789646658411513856,HTTP Waiting (TTFB),ms,p1,247.87
19,1789646648411513856,1789646658411513856,HTTP Waiting (TTFB),ms,p5,308.09
19,1789646648411513856,1789646658411513856,HTTP Waiting (TTFB),ms,p10,313.25
19,1789646648411513856,1789646658411513856,HTTP Waiting (TTFB),ms,p25,357.54
19,1789646648411513856,1789646658411513856,HTTP Waiting (TTFB),ms,p50,473.82
19,1789646648411513856,1789646658411513856,HTTP Waiting (TTFB),ms,p75,473.89
19,1789646648411513856,1789646658411513856,HTTP Waiting (TTFB),ms,p90,473.94
19,1789646648411513856,1789646658411513856,HTTP Waiting (TTFB),ms,p95,473.97
19,1789646648411513856,1789646658411513856,HTTP Waiting (TTFB),ms,p99,474.07
19,1789646648411513856,1789646658411513856,HTTP Waiting (TTFB),ms,std,72.11
19,1789646648411513856,1789646658411513856,Input Sequence Length,tokens,avg,1107.00
19,1789646648411513856,1789646658411513856,Input Sequence Length,tokens,min,1107.00
19,1789646648411513856,1789646658411513856,Input Sequence Length,tokens,max,1107.00
19,1789646648411513856,1789646658411513856,Input Sequence Length,tokens,sum,35424.00
19,1789646648411513856,1789646658411513856,Input Sequence Length,tokens,p1,1107.00
19,1789646648411513856,1789646658411513856,Input Sequence Length,tokens,p5,1107.00
19,1789646648411513856,1789646658411513856,Input Sequence Length,tokens,p10,1107.00
19,1789646648411513856,1789646658411513856,Input Sequence Length,tokens,p25,1107.00
19,1789646648411513856,1789646658411513856,Input Sequence Length,tokens,p50,1107.00
19,1789646648411513856,1789646658411513856,Input Sequence Length,tokens,p75,1107.00
19,1789646648411513856,1789646658411513856,Input Sequence Length,tokens,p90,1107.00
19,1789646648411513856,1789646658411513856,Input Sequence Length,tokens,p95,1107.00
19,1789646648411513856,1789646658411513856,Input Sequence Length,tokens,p99,1107.00
19,1789646648411513856,1789646658411513856,Input Sequence Length,tokens,std,0.00
19,1789646648411513856,1789646658411513856,Input Token Throughput,tokens/sec,avg,3542.40
19,1789646648411513856,1789646658411513856,Inter Chunk Latency,ms,avg,15.86
19,1789646648411513856,1789646658411513856,Inter Chunk Latency,ms,min,1.07
19,1789646648411513856,1789646658411513856,Inter Chunk Latency,ms,max,168.33
19,1789646648411513856,1789646658411513856,Inter Chunk Latency,ms,sum,239162.31
19,1789646648411513856,1789646658411513856,Inter Chunk Latency,ms,p1,9.21
19,1789646648411513856,1789646658411513856,Inter Chunk Latency,ms,p5,13.33
19,1789646648411513856,1789646658411513856,Inter Chunk Latency,ms,p10,14.06
19,1789646648411513856,1789646658411513856,Inter Chunk Latency,ms,p25,14.46
19,1789646648411513856,1789646658411513856,Inter Chunk Latency,ms,p50,14.81
19,1789646648411513856,1789646658411513856,Inter Chunk Latency,ms,p75,15.08
19,1789646648411513856,1789646658411513856,Inter Chunk Latency,ms,p90,15.47
19,1789646648411513856,1789646658411513856,Inter Chunk Latency,ms,p95,29.24
19,1789646648411513856,1789646658411513856,Inter Chunk Latency,ms,p99,30.45
19,1789646648411513856,1789646658411513856,Inter Chunk Latency,ms,std,6.09
19,1789646648411513856,1789646658411513856,Inter Token Latency,ms,avg,14.63
19,1789646648411513856,1789646658411513856,Inter Token Latency,ms,min,14.52
19,1789646648411513856,1789646658411513856,Inter Token Latency,ms,max,15.02
19,1789646648411513856,1789646658411513856,Inter Token Latency,ms,sum,468.03
19,1789646648411513856,1789646658411513856,Inter Token Latency,ms,p1,14.52
19,1789646648411513856,1789646658411513856,Inter Token Latency,ms,p5,14.52
19,1789646648411513856,1789646658411513856,Inter Token Latency,ms,p10,14.52
19,1789646648411513856,1789646658411513856,Inter Token Latency,ms,p25,14.52
19,1789646648411513856,1789646658411513856,Inter Token Latency,ms,p50,14.52
19,1789646648411513856,1789646658411513856,Inter Token Latency,ms,p75,14.75
19,1789646648411513856,1789646658411513856,Inter Token Latency,ms,p90,14.84
19,1789646648411513856,1789646658411513856,Inter Token Latency,ms,p95,14.85
19,1789646648411513856,1789646658411513856,Inter Token Latency,ms,p99,14.97
19,1789646648411513856,1789646658411513856,Inter Token Latency,ms,std,0.14
19,1789646648411513856,1789646658411513856,OSL Mismatch Count,requests,avg,0.00
19,1789646648411513856,1789646658411513856,OSL Mismatch Diff %,%,avg,0.00
19,1789646648411513856,1789646658411513856,OSL Mismatch Diff %,%,min,0.00
19,1789646648411513856,1789646658411513856,OSL Mismatch Diff %,%,max,0.00
19,1789646648411513856,1789646658411513856,OSL Mismatch Diff %,%,sum,0.00
19,1789646648411513856,1789646658411513856,OSL Mismatch Diff %,%,p1,0.00
19,1789646648411513856,1789646658411513856,OSL Mismatch Diff %,%,p5,0.00
19,1789646648411513856,1789646658411513856,OSL Mismatch Diff %,%,p10,0.00
19,1789646648411513856,1789646658411513856,OSL Mismatch Diff %,%,p25,0.00
19,1789646648411513856,1789646658411513856,OSL Mismatch Diff %,%,p50,0.00
19,1789646648411513856,1789646658411513856,OSL Mismatch Diff %,%,p75,0.00
19,1789646648411513856,1789646658411513856,OSL Mismatch Diff %,%,p90,0.00
19,1789646648411513856,1789646658411513856,OSL Mismatch Diff %,%,p95,0.00
19,1789646648411513856,1789646658411513856,OSL Mismatch Diff %,%,p99,0.00
19,1789646648411513856,1789646658411513856,OSL Mismatch Diff %,%,std,0.00
19,1789646648411513856,1789646658411513856,Output Sequence Length,tokens,avg,512.00
19,1789646648411513856,1789646658411513856,Output Sequence Length,tokens,min,512.00
19,1789646648411513856,1789646658411513856,Output Sequence Length,tokens,max,512.00
19,1789646648411513856,1789646658411513856,Output Sequence Length,tokens,sum,16384.00
19,1789646648411513856,1789646658411513856,Output Sequence Length,tokens,p1,512.00
19,1789646648411513856,1789646658411513856,Output Sequence Length,tokens,p5,512.00
19,1789646648411513856,1789646658411513856,Output Sequence Length,tokens,p10,512.00
19,1789646648411513856,1789646658411513856,Output Sequence Length,tokens,p25,512.00
19,1789646648411513856,1789646658411513856,Output Sequence Length,tokens,p50,512.00
19,1789646648411513856,1789646658411513856,Output Sequence Length,tokens,p75,512.00
19,1789646648411513856,1789646658411513856,Output Sequence Length,tokens,p90,512.00
19,1789646648411513856,1789646658411513856,Output Sequence Length,tokens,p95,512.00
19,1789646648411513856,1789646658411513856,Output Sequence Length,tokens,p99,512.00
19,1789646648411513856,1789646658411513856,Output Sequence Length,tokens,std,0.00
19,1789646648411513856,1789646658411513856,Output Token Throughput,tokens/sec,avg,1638.40
19,1789646648411513856,1789646658411513856,Output Token Throughput Per User,tokens/sec/user,avg,68.38
19,1789646648411513856,1789646658411513856,Output Token Throughput Per User,tokens/sec/user,min,66.58
19,1789646648411513856,1789646658411513856,Output Token Throughput Per User,tokens/sec/user,max,68.86
19,1789646648411513856,1789646658411513856,Output Token Throughput Per User,tokens/sec/user,sum,2188.10
19,1789646648411513856,1789646658411513856,Output Token Throughput Per User,tokens/sec/user,p1,66.82
19,1789646648411513856,1789646658411513856,Output Token Throughput Per User,tokens/sec/user,p5,67.35
19,1789646648411513856,1789646658411513856,Output Token Throughput Per User,tokens/sec/user,p10,67.40
19,1789646648411513856,1789646658411513856,Output Token Throughput Per User,tokens/sec/user,p25,67.79
19,1789646648411513856,1789646658411513856,Output Token Throughput Per User,tokens/sec/user,p50,68.85
19,1789646648411513856,1789646658411513856,Output Token Throughput Per User,tokens/sec/user,p75,68.86
19,1789646648411513856,1789646658411513856,Output Token Throughput Per User,tokens/sec/user,p90,68.86
19,1789646648411513856,1789646658411513856,Output Token Throughput Per User,tokens/sec/user,p95,68.86
19,1789646648411513856,1789646658411513856,Output Token Throughput Per User,tokens/sec/user,p99,68.86
19,1789646648411513856,1789646658411513856,Output Token Throughput Per User,tokens/sec/user,std,0.65
19,1789646648411513856,1789646658411513856,Overall Usage Prompt Cache Read %,%,avg,92.50
19,1789646648411513856,1789646658411513856,Prefill Throughput Per User,tokens/sec/user,avg,2726.14
19,1789646648411513856,1789646658411513856,Prefill Throughput Per User,tokens/sec/user,min,2333.86
19,1789646648411513856,1789646658411513856,Prefill Throughput Per User,tokens/sec/user,max,5008.73
19,1789646648411513856,1789646658411513856,Prefill Throughput Per User,tokens/sec/user,sum,87236.42
19,1789646648411513856,1789646658411513856,Prefill Throughput Per User,tokens/sec/user,p1,2334.07
19,1789646648411513856,1789646658411513856,Prefill Throughput Per User,tokens/sec/user,p5,2334.58
19,1789646648411513856,1789646658411513856,Prefill Throughput Per User,tokens/sec/user,p10,2334.79
19,1789646648411513856,1789646658411513856,Prefill Throughput Per User,tokens/sec/user,p25,2334.97
19,1789646648411513856,1789646658411513856,Prefill Throughput Per User,tokens/sec/user,p50,2335.31
19,1789646648411513856,1789646658411513856,Prefill Throughput Per User,tokens/sec/user,p75,3094.46
19,1789646648411513856,1789646658411513856,Prefill Throughput Per User,tokens/sec/user,p90,3538.72
19,1789646648411513856,1789646658411513856,Prefill Throughput Per User,tokens/sec/user,p95,3591.01
19,1789646648411513856,1789646658411513856,Prefill Throughput Per User,tokens/sec/user,p99,4569.27
19,1789646648411513856,1789646658411513856,Prefill Throughput Per User,tokens/sec/user,std,601.93
19,1789646648411513856,1789646658411513856,Reasoning Token Count,tokens,avg,512.00
19,1789646648411513856,1789646658411513856,Reasoning Token Count,tokens,min,512.00
19,1789646648411513856,1789646658411513856,Reasoning Token Count,tokens,max,512.00
19,1789646648411513856,1789646658411513856,Reasoning Token Count,tokens,sum,16384.00
19,1789646648411513856,1789646658411513856,Reasoning Token Count,tokens,p1,512.00
19,1789646648411513856,1789646658411513856,Reasoning Token Count,tokens,p5,512.00
19,1789646648411513856,1789646658411513856,Reasoning Token Count,tokens,p10,512.00
19,1789646648411513856,1789646658411513856,Reasoning Token Count,tokens,p25,512.00
19,1789646648411513856,1789646658411513856,Reasoning Token Count,tokens,p50,512.00
19,1789646648411513856,1789646658411513856,Reasoning Token Count,tokens,p75,512.00
19,1789646648411513856,1789646658411513856,Reasoning Token Count,tokens,p90,512.00
19,1789646648411513856,1789646658411513856,Reasoning Token Count,tokens,p95,512.00
19,1789646648411513856,1789646658411513856,Reasoning Token Count,tokens,p99,512.00
19,1789646648411513856,1789646658411513856,Reasoning Token Count,tokens,std,0.00
19,1789646648411513856,1789646658411513856,Request Count,requests,avg,32.00
19,1789646648411513856,1789646658411513856,Request Latency,ms,avg,7895.37
19,1789646648411513856,1789646658411513856,Request Latency,ms,min,7894.95
19,1789646648411513856,1789646658411513856,Request Latency,ms,max,7895.70
19,1789646648411513856,1789646658411513856,Request Latency,ms,sum,252651.78
19,1789646648411513856,1789646658411513856,Request Latency,ms,p1,7894.99
19,1789646648411513856,1789646658411513856,Request Latency,ms,p5,7895.08
19,1789646648411513856,1789646658411513856,Request Latency,ms,p10,7895.17
19,1789646648411513856,1789646658411513856,Request Latency,ms,p25,7895.27
19,1789646648411513856,1789646658411513856,Request Latency,ms,p50,7895.40
19,1789646648411513856,1789646658411513856,Request Latency,ms,p75,7895.47
19,1789646648411513856,1789646658411513856,Request Latency,ms,p90,7895.54
19,1789646648411513856,1789646658411513856,Request Latency,ms,p95,7895.61
19,1789646648411513856,1789646658411513856,Request Latency,ms,p99,7895.69
19,1789646648411513856,1789646658411513856,Request Latency,ms,std,0.16
19,1789646648411513856,1789646658411513856,Request Throughput,requests/sec,avg,3.20
19,1789646648411513856,1789646658411513856,Time to First Token,ms,avg,421.55
19,1789646648411513856,1789646658411513856,Time to First Token,ms,min,221.01
19,1789646648411513856,1789646658411513856,Time to First Token,ms,max,474.32
19,1789646648411513856,1789646658411513856,Time to First Token,ms,sum,13489.47
19,1789646648411513856,1789646658411513856,Time to First Token,ms,p1,248.06
19,1789646648411513856,1789646658411513856,Time to First Token,ms,p5,308.27
19,1789646648411513856,1789646658411513856,Time to First Token,ms,p10,313.44
19,1789646648411513856,1789646658411513856,Time to First Token,ms,p25,357.74
19,1789646648411513856,1789646658411513856,Time to First Token,ms,p50,474.03
19,1789646648411513856,1789646658411513856,Time to First Token,ms,p75,474.10
19,1789646648411513856,1789646658411513856,Time to First Token,ms,p90,474.13
19,1789646648411513856,1789646658411513856,Time to First Token,ms,p95,474.17
19,1789646648411513856,1789646658411513856,Time to First Token,ms,p99,474.28
19,1789646648411513856,1789646658411513856,Time to First Token,ms,std,72.12
19,1789646648411513856,1789646658411513856,Time to Second Token,ms,avg,45.39
19,1789646648411513856,1789646658411513856,Time to Second Token,ms,min,1.07
19,1789646648411513856,1789646658411513856,Time to Second Token,ms,max,154.84
19,1789646648411513856,1789646658411513856,Time to Second Token,ms,sum,1452.56
19,1789646648411513856,1789646658411513856,Time to Second Token,ms,p1,1.09
19,1789646648411513856,1789646658411513856,Time to Second Token,ms,p5,1.17
19,1789646648411513856,1789646658411513856,Time to Second Token,ms,p10,2.82
19,1789646648411513856,1789646658411513856,Time to Second Token,ms,p25,2.84
19,1789646648411513856,1789646658411513856,Time to Second Token,ms,p50,2.86
19,1789646648411513856,1789646658411513856,Time to Second Token,ms,p75,154.04
19,1789646648411513856,1789646658411513856,Time to Second Token,ms,p90,154.80
19,1789646648411513856,1789646658411513856,Time to Second Token,ms,p95,154.81
19,1789646648411513856,1789646658411513856,Time to Second Token,ms,p99,154.83
19,1789646648411513856,1789646658411513856,Time to Second Token,ms,std,68.36
19,1789646648411513856,1789646658411513856,Tokens In Flight,tokens,avg,43299.96
19,1789646648411513856,1789646658411513856,Tokens In Flight,tokens,min,14817.88
19,1789646648411513856,1789646658411513856,Tokens In Flight,tokens,max,51751.25
19,1789646648411513856,1789646658411513856,Tokens In Flight,tokens,p50,43305.65
19,1789646648411513856,1789646658411513856,Tokens In Flight,tokens,p90,49619.76
19,1789646648411513856,1789646658411513856,Tokens In Flight,tokens,p95,50697.81
19,1789646648411513856,1789646658411513856,Tokens In Flight,tokens,p99,51532.03
19,1789646648411513856,1789646658411513856,Tokens In Flight,tokens,std,4406.26
19,1789646648411513856,1789646658411513856,Total Input Sequence Length,tokens,avg,35424.00
19,1789646648411513856,1789646658411513856,Total Output Sequence Length,tokens,avg,16384.00
19,1789646648411513856,1789646658411513856,Total Reasoning Tokens,tokens,avg,16384.00
19,1789646648411513856,1789646658411513856,Total Token Throughput,tokens/sec,avg,5180.80
19,1789646648411513856,1789646658411513856,Total Usage Completion Tokens,tokens,avg,16384.00
19,1789646648411513856,1789646658411513856,Total Usage Prompt Cache Read Tokens,tokens,avg,32768.00
19,1789646648411513856,1789646658411513856,Total Usage Prompt Tokens,tokens,avg,35424.00
19,1789646648411513856,1789646658411513856,Total Usage Reasoning Tokens,tokens,avg,16384.00
19,1789646648411513856,1789646658411513856,Total Usage Total Tokens,tokens,avg,51808.00
19,1789646648411513856,1789646658411513856,Usage Completion Tokens,tokens,avg,512.00
19,1789646648411513856,1789646658411513856,Usage Completion Tokens,tokens,min,512.00
19,1789646648411513856,1789646658411513856,Usage Completion Tokens,tokens,max,512.00
19,1789646648411513856,1789646658411513856,Usage Completion Tokens,tokens,sum,16384.00
19,1789646648411513856,1789646658411513856,Usage Completion Tokens,tokens,p1,512.00
19,1789646648411513856,1789646658411513856,Usage Completion Tokens,tokens,p5,512.00
19,1789646648411513856,1789646658411513856,Usage Completion Tokens,tokens,p10,512.00
19,1789646648411513856,1789646658411513856,Usage Completion Tokens,tokens,p25,512.00
19,1789646648411513856,1789646658411513856,Usage Completion Tokens,tokens,p50,512.00
19,1789646648411513856,1789646658411513856,Usage Completion Tokens,tokens,p75,512.00
19,1789646648411513856,1789646658411513856,Usage Completion Tokens,tokens,p90,512.00
19,1789646648411513856,1789646658411513856,Usage Completion Tokens,tokens,p95,512.00
19,1789646648411513856,1789646658411513856,Usage Completion Tokens,tokens,p99,512.00
19,1789646648411513856,1789646658411513856,Usage Completion Tokens,tokens,std,0.00
19,1789646648411513856,1789646658411513856,Usage Prompt Cache Read Tokens,tokens,avg,1024.00
19,1789646648411513856,1789646658411513856,Usage Prompt Cache Read Tokens,tokens,min,1024.00
19,1789646648411513856,1789646658411513856,Usage Prompt Cache Read Tokens,tokens,max,1024.00
19,1789646648411513856,1789646658411513856,Usage Prompt Cache Read Tokens,tokens,sum,32768.00
19,1789646648411513856,1789646658411513856,Usage Prompt Cache Read Tokens,tokens,p1,1024.00
19,1789646648411513856,1789646658411513856,Usage Prompt Cache Read Tokens,tokens,p5,1024.00
19,1789646648411513856,1789646658411513856,Usage Prompt Cache Read Tokens,tokens,p10,1024.00
19,1789646648411513856,1789646658411513856,Usage Prompt Cache Read Tokens,tokens,p25,1024.00
19,1789646648411513856,1789646658411513856,Usage Prompt Cache Read Tokens,tokens,p50,1024.00
19,1789646648411513856,1789646658411513856,Usage Prompt Cache Read Tokens,tokens,p75,1024.00
19,1789646648411513856,1789646658411513856,Usage Prompt Cache Read Tokens,tokens,p90,1024.00
19,1789646648411513856,1789646658411513856,Usage Prompt Cache Read Tokens,tokens,p95,1024.00
19,1789646648411513856,1789646658411513856,Usage Prompt Cache Read Tokens,tokens,p99,1024.00
19,1789646648411513856,1789646658411513856,Usage Prompt Cache Read Tokens,tokens,std,0.00
19,1789646648411513856,1789646658411513856,Usage Prompt Tokens,tokens,avg,1107.00
19,1789646648411513856,1789646658411513856,Usage Prompt Tokens,tokens,min,1107.00
19,1789646648411513856,1789646658411513856,Usage Prompt Tokens,tokens,max,1107.00
19,1789646648411513856,1789646658411513856,Usage Prompt Tokens,tokens,sum,35424.00
19,1789646648411513856,1789646658411513856,Usage Prompt Tokens,tokens,p1,1107.00
19,1789646648411513856,1789646658411513856,Usage Prompt Tokens,tokens,p5,1107.00
19,1789646648411513856,1789646658411513856,Usage Prompt Tokens,tokens,p10,1107.00
19,1789646648411513856,1789646658411513856,Usage Prompt Tokens,tokens,p25,1107.00
19,1789646648411513856,1789646658411513856,Usage Prompt Tokens,tokens,p50,1107.00
19,1789646648411513856,1789646658411513856,Usage Prompt Tokens,tokens,p75,1107.00
19,1789646648411513856,1789646658411513856,Usage Prompt Tokens,tokens,p90,1107.00
19,1789646648411513856,1789646658411513856,Usage Prompt Tokens,tokens,p95,1107.00
19,1789646648411513856,1789646658411513856,Usage Prompt Tokens,tokens,p99,1107.00
19,1789646648411513856,1789646658411513856,Usage Prompt Tokens,tokens,std,0.00
19,1789646648411513856,1789646658411513856,Usage Reasoning Tokens,tokens,avg,512.00
19,1789646648411513856,1789646658411513856,Usage Reasoning Tokens,tokens,min,512.00
19,1789646648411513856,1789646658411513856,Usage Reasoning Tokens,tokens,max,512.00
19,1789646648411513856,1789646658411513856,Usage Reasoning Tokens,tokens,sum,16384.00
19,1789646648411513856,1789646658411513856,Usage Reasoning Tokens,tokens,p1,512.00
19,1789646648411513856,1789646658411513856,Usage Reasoning Tokens,tokens,p5,512.00
19,1789646648411513856,1789646658411513856,Usage Reasoning Tokens,tokens,p10,512.00
19,1789646648411513856,1789646658411513856,Usage Reasoning Tokens,tokens,p25,512.00
19,1789646648411513856,1789646658411513856,Usage Reasoning Tokens,tokens,p50,512.00
19,1789646648411513856,1789646658411513856,Usage Reasoning Tokens,tokens,p75,512.00
19,1789646648411513856,1789646658411513856,Usage Reasoning Tokens,tokens,p90,512.00
19,1789646648411513856,1789646658411513856,Usage Reasoning Tokens,tokens,p95,512.00
19,1789646648411513856,1789646658411513856,Usage Reasoning Tokens,tokens,p99,512.00
19,1789646648411513856,1789646658411513856,Usage Reasoning Tokens,tokens,std,0.00
19,1789646648411513856,1789646658411513856,Usage Total Tokens,tokens,avg,1619.00
19,1789646648411513856,1789646658411513856,Usage Total Tokens,tokens,min,1619.00
19,1789646648411513856,1789646658411513856,Usage Total Tokens,tokens,max,1619.00
19,1789646648411513856,1789646658411513856,Usage Total Tokens,tokens,sum,51808.00
19,1789646648411513856,1789646658411513856,Usage Total Tokens,tokens,p1,1619.00
19,1789646648411513856,1789646658411513856,Usage Total Tokens,tokens,p5,1619.00
19,1789646648411513856,1789646658411513856,Usage Total Tokens,tokens,p10,1619.00
19,1789646648411513856,1789646658411513856,Usage Total Tokens,tokens,p25,1619.00
19,1789646648411513856,1789646658411513856,Usage Total Tokens,tokens,p50,1619.00
19,1789646648411513856,1789646658411513856,Usage Total Tokens,tokens,p75,1619.00
19,1789646648411513856,1789646658411513856,Usage Total Tokens,tokens,p90,1619.00
19,1789646648411513856,1789646658411513856,Usage Total Tokens,tokens,p95,1619.00
19,1789646648411513856,1789646658411513856,Usage Total Tokens,tokens,p99,1619.00
19,1789646648411513856,1789646658411513856,Usage Total Tokens,tokens,std,0.00
20,1789646658411513856,1789646668411513856,Active Decode Throughput,tokens/sec,avg,2082.77
20,1789646658411513856,1789646668411513856,Active Decode Throughput,tokens/sec,min,6.94
20,1789646658411513856,1789646668411513856,Active Decode Throughput,tokens/sec,max,10142.91
20,1789646658411513856,1789646668411513856,Active Decode Throughput,tokens/sec,p50,2164.23
20,1789646658411513856,1789646668411513856,Active Decode Throughput,tokens/sec,p90,2291.74
20,1789646658411513856,1789646668411513856,Active Decode Throughput,tokens/sec,p95,2337.43
20,1789646658411513856,1789646668411513856,Active Decode Throughput,tokens/sec,p99,3051.17
20,1789646658411513856,1789646668411513856,Active Decode Throughput,tokens/sec,std,520.60
20,1789646658411513856,1789646668411513856,Active Decode Throughput Per User,tokens/sec/user,avg,65.41
20,1789646658411513856,1789646668411513856,Active Decode Throughput Per User,tokens/sec/user,min,3.47
20,1789646658411513856,1789646668411513856,Active Decode Throughput Per User,tokens/sec/user,max,349.76
20,1789646658411513856,1789646668411513856,Active Decode Throughput Per User,tokens/sec/user,p50,67.63
20,1789646658411513856,1789646668411513856,Active Decode Throughput Per User,tokens/sec/user,p90,71.62
20,1789646658411513856,1789646668411513856,Active Decode Throughput Per User,tokens/sec/user,p95,73.04
20,1789646658411513856,1789646668411513856,Active Decode Throughput Per User,tokens/sec/user,p99,95.35
20,1789646658411513856,1789646668411513856,Active Decode Throughput Per User,tokens/sec/user,std,15.26
20,1789646658411513856,1789646668411513856,Active Prefill Throughput,tokens/sec,avg,66520.88
20,1789646658411513856,1789646668411513856,Active Prefill Throughput,tokens/sec,min,3583.69
20,1789646658411513856,1789646668411513856,Active Prefill Throughput,tokens/sec,max,82221.92
20,1789646658411513856,1789646668411513856,Active Prefill Throughput,tokens/sec,p50,76486.95
20,1789646658411513856,1789646668411513856,Active Prefill Throughput,tokens/sec,p90,82221.92
20,1789646658411513856,1789646668411513856,Active Prefill Throughput,tokens/sec,p95,82221.92
20,1789646658411513856,1789646668411513856,Active Prefill Throughput,tokens/sec,p99,82221.92
20,1789646658411513856,1789646668411513856,Active Prefill Throughput,tokens/sec,std,18952.14
20,1789646658411513856,1789646668411513856,Active Prefill Throughput Per User,tokens/sec/user,avg,2729.33
20,1789646658411513856,1789646668411513856,Active Prefill Throughput Per User,tokens/sec/user,min,2498.62
20,1789646658411513856,1789646668411513856,Active Prefill Throughput Per User,tokens/sec/user,max,5020.85
20,1789646658411513856,1789646668411513856,Active Prefill Throughput Per User,tokens/sec/user,p50,2637.48
20,1789646658411513856,1789646668411513856,Active Prefill Throughput Per User,tokens/sec/user,p90,3308.27
20,1789646658411513856,1789646668411513856,Active Prefill Throughput Per User,tokens/sec/user,p95,3308.27
20,1789646658411513856,1789646668411513856,Active Prefill Throughput Per User,tokens/sec/user,p99,5020.85
20,1789646658411513856,1789646668411513856,Active Prefill Throughput Per User,tokens/sec/user,std,460.48
20,1789646658411513856,1789646668411513856,Active Total Throughput,tokens/sec,avg,5629.63
20,1789646658411513856,1789646668411513856,Active Total Throughput,tokens/sec,min,2121.52
20,1789646658411513856,1789646668411513856,Active Total Throughput,tokens/sec,max,82288.16
20,1789646658411513856,1789646668411513856,Active Total Throughput,tokens/sec,p50,2176.34
20,1789646658411513856,1789646668411513856,Active Total Throughput,tokens/sec,p90,2188.10
20,1789646658411513856,1789646668411513856,Active Total Throughput,tokens/sec,p95,31353.58
20,1789646658411513856,1789646668411513856,Active Total Throughput,tokens/sec,p99,82288.16
20,1789646658411513856,1789646668411513856,Active Total Throughput,tokens/sec,std,15157.26
20,1789646658411513856,1789646668411513856,Benchmark Duration,sec,avg,8.16
20,1789646658411513856,1789646668411513856,Decode Duration,ms,avg,7507.78
20,1789646658411513856,1789646668411513856,Decode Duration,ms,min,7423.19
20,1789646658411513856,1789646668411513856,Decode Duration,ms,max,7715.26
20,1789646658411513856,1789646668411513856,Decode Duration,ms,sum,240248.86
20,1789646658411513856,1789646668411513856,Decode Duration,ms,p1,7434.21
20,1789646658411513856,1789646668411513856,Decode Duration,ms,p5,7460.38
20,1789646658411513856,1789646668411513856,Decode Duration,ms,p10,7461.75
20,1789646658411513856,1789646668411513856,Decode Duration,ms,p25,7461.78
20,1789646658411513856,1789646668411513856,Decode Duration,ms,p50,7461.81
20,1789646658411513856,1789646668411513856,Decode Duration,ms,p75,7578.12
20,1789646658411513856,1789646668411513856,Decode Duration,ms,p90,7578.17
20,1789646658411513856,1789646668411513856,Decode Duration,ms,p95,7626.31
20,1789646658411513856,1789646668411513856,Decode Duration,ms,p99,7687.71
20,1789646658411513856,1789646668411513856,Decode Duration,ms,std,70.82
20,1789646658411513856,1789646668411513856,E2E Output Token Throughput,tokens/sec/user,avg,64.57
20,1789646658411513856,1789646668411513856,E2E Output Token Throughput,tokens/sec/user,min,64.52
20,1789646658411513856,1789646668411513856,E2E Output Token Throughput,tokens/sec/user,max,65.92
20,1789646658411513856,1789646668411513856,E2E Output Token Throughput,tokens/sec/user,sum,2066.30
20,1789646658411513856,1789646668411513856,E2E Output Token Throughput,tokens/sec/user,p1,64.52
20,1789646658411513856,1789646668411513856,E2E Output Token Throughput,tokens/sec/user,p5,64.52
20,1789646658411513856,1789646668411513856,E2E Output Token Throughput,tokens/sec/user,p10,64.52
20,1789646658411513856,1789646668411513856,E2E Output Token Throughput,tokens/sec/user,p25,64.52
20,1789646658411513856,1789646668411513856,E2E Output Token Throughput,tokens/sec/user,p50,64.52
20,1789646658411513856,1789646668411513856,E2E Output Token Throughput,tokens/sec/user,p75,64.52
20,1789646658411513856,1789646668411513856,E2E Output Token Throughput,tokens/sec/user,p90,64.52
20,1789646658411513856,1789646668411513856,E2E Output Token Throughput,tokens/sec/user,p95,64.66
20,1789646658411513856,1789646668411513856,E2E Output Token Throughput,tokens/sec/user,p99,65.58
20,1789646658411513856,1789646668411513856,E2E Output Token Throughput,tokens/sec/user,std,0.25
20,1789646658411513856,1789646668411513856,Effective Concurrency,requests,avg,31.99
20,1789646658411513856,1789646668411513856,Effective Concurrency,requests,min,12.00
20,1789646658411513856,1789646668411513856,Effective Concurrency,requests,max,32.00
20,1789646658411513856,1789646668411513856,Effective Concurrency,requests,p50,32.00
20,1789646658411513856,1789646668411513856,Effective Concurrency,requests,p90,32.00
20,1789646658411513856,1789646668411513856,Effective Concurrency,requests,p95,32.00
20,1789646658411513856,1789646668411513856,Effective Concurrency,requests,p99,32.00
20,1789646658411513856,1789646668411513856,Effective Concurrency,requests,std,0.39
20,1789646658411513856,1789646668411513856,Effective Decode Concurrency,requests,avg,30.64
20,1789646658411513856,1789646668411513856,Effective Decode Concurrency,requests,min,1.00
20,1789646658411513856,1789646668411513856,Effective Decode Concurrency,requests,max,32.00
20,1789646658411513856,1789646668411513856,Effective Decode Concurrency,requests,p50,32.00
20,1789646658411513856,1789646668411513856,Effective Decode Concurrency,requests,p90,32.00
20,1789646658411513856,1789646668411513856,Effective Decode Concurrency,requests,p95,32.00
20,1789646658411513856,1789646668411513856,Effective Decode Concurrency,requests,p99,32.00
20,1789646658411513856,1789646668411513856,Effective Decode Concurrency,requests,std,5.97
20,1789646658411513856,1789646668411513856,Effective Decode Throughput,tokens/sec,avg,2082.77
20,1789646658411513856,1789646668411513856,Effective Decode Throughput,tokens/sec,min,6.94
20,1789646658411513856,1789646668411513856,Effective Decode Throughput,tokens/sec,max,10142.91
20,1789646658411513856,1789646668411513856,Effective Decode Throughput,tokens/sec,p50,2164.23
20,1789646658411513856,1789646668411513856,Effective Decode Throughput,tokens/sec,p90,2291.74
20,1789646658411513856,1789646668411513856,Effective Decode Throughput,tokens/sec,p95,2337.43
20,1789646658411513856,1789646668411513856,Effective Decode Throughput,tokens/sec,p99,3051.17
20,1789646658411513856,1789646668411513856,Effective Decode Throughput,tokens/sec,std,520.60
20,1789646658411513856,1789646668411513856,Effective Decode Throughput Per User,tokens/sec/user,avg,65.41
20,1789646658411513856,1789646668411513856,Effective Decode Throughput Per User,tokens/sec/user,min,3.47
20,1789646658411513856,1789646668411513856,Effective Decode Throughput Per User,tokens/sec/user,max,349.76
20,1789646658411513856,1789646668411513856,Effective Decode Throughput Per User,tokens/sec/user,p50,67.63
20,1789646658411513856,1789646668411513856,Effective Decode Throughput Per User,tokens/sec/user,p90,71.62
20,1789646658411513856,1789646668411513856,Effective Decode Throughput Per User,tokens/sec/user,p95,73.04
20,1789646658411513856,1789646668411513856,Effective Decode Throughput Per User,tokens/sec/user,p99,95.35
20,1789646658411513856,1789646668411513856,Effective Decode Throughput Per User,tokens/sec/user,std,15.26
20,1789646658411513856,1789646668411513856,Effective Prefill Concurrency,requests,avg,1.35
20,1789646658411513856,1789646668411513856,Effective Prefill Concurrency,requests,min,0.00
20,1789646658411513856,1789646668411513856,Effective Prefill Concurrency,requests,max,31.00
20,1789646658411513856,1789646668411513856,Effective Prefill Concurrency,requests,p50,0.00
20,1789646658411513856,1789646668411513856,Effective Prefill Concurrency,requests,p90,0.00
20,1789646658411513856,1789646668411513856,Effective Prefill Concurrency,requests,p95,9.00
20,1789646658411513856,1789646668411513856,Effective Prefill Concurrency,requests,p99,31.00
20,1789646658411513856,1789646668411513856,Effective Prefill Concurrency,requests,std,5.94
20,1789646658411513856,1789646668411513856,Effective Prefill Throughput,tokens/sec,avg,3542.40
20,1789646658411513856,1789646668411513856,Effective Prefill Throughput,tokens/sec,min,0.00
20,1789646658411513856,1789646668411513856,Effective Prefill Throughput,tokens/sec,max,82221.92
20,1789646658411513856,1789646668411513856,Effective Prefill Throughput,tokens/sec,p50,0.00
20,1789646658411513856,1789646668411513856,Effective Prefill Throughput,tokens/sec,p90,0.00
20,1789646658411513856,1789646668411513856,Effective Prefill Throughput,tokens/sec,p95,29774.42
20,1789646658411513856,1789646668411513856,Effective Prefill Throughput,tokens/sec,p99,82221.92
20,1789646658411513856,1789646668411513856,Effective Prefill Throughput,tokens/sec,std,15563.49
20,1789646658411513856,1789646668411513856,Effective Prefill Throughput Per User,tokens/sec/user,avg,145.34
20,1789646658411513856,1789646668411513856,Effective Prefill Throughput Per User,tokens/sec/user,min,0.00
20,1789646658411513856,1789646668411513856,Effective Prefill Throughput Per User,tokens/sec/user,max,5020.85
20,1789646658411513856,1789646668411513856,Effective Prefill Throughput Per User,tokens/sec/user,p50,0.00
20,1789646658411513856,1789646668411513856,Effective Prefill Throughput Per User,tokens/sec/user,p90,0.00
20,1789646658411513856,1789646668411513856,Effective Prefill Throughput Per User,tokens/sec/user,p95,2498.62
20,1789646658411513856,1789646668411513856,Effective Prefill Throughput Per User,tokens/sec/user,p99,2652.32
20,1789646658411513856,1789646668411513856,Effective Prefill Throughput Per User,tokens/sec/user,std,621.98
20,1789646658411513856,1789646668411513856,Effective Total Throughput,tokens/sec,avg,5629.63
20,1789646658411513856,1789646668411513856,Effective Total Throughput,tokens/sec,min,2121.52
20,1789646658411513856,1789646668411513856,Effective Total Throughput,tokens/sec,max,82288.16
20,1789646658411513856,1789646668411513856,Effective Total Throughput,tokens/sec,p50,2176.34
20,1789646658411513856,1789646668411513856,Effective Total Throughput,tokens/sec,p90,2188.10
20,1789646658411513856,1789646668411513856,Effective Total Throughput,tokens/sec,p95,31353.58
20,1789646658411513856,1789646668411513856,Effective Total Throughput,tokens/sec,p99,82288.16
20,1789646658411513856,1789646668411513856,Effective Total Throughput,tokens/sec,std,15157.26
20,1789646658411513856,1789646668411513856,HTTP Blocked,ms,avg,0.00
20,1789646658411513856,1789646668411513856,HTTP Blocked,ms,min,0.00
20,1789646658411513856,1789646668411513856,HTTP Blocked,ms,max,0.00
20,1789646658411513856,1789646668411513856,HTTP Blocked,ms,sum,0.00
20,1789646658411513856,1789646668411513856,HTTP Blocked,ms,p1,0.00
20,1789646658411513856,1789646668411513856,HTTP Blocked,ms,p5,0.00
20,1789646658411513856,1789646668411513856,HTTP Blocked,ms,p10,0.00
20,1789646658411513856,1789646668411513856,HTTP Blocked,ms,p25,0.00
20,1789646658411513856,1789646668411513856,HTTP Blocked,ms,p50,0.00
20,1789646658411513856,1789646668411513856,HTTP Blocked,ms,p75,0.00
20,1789646658411513856,1789646668411513856,HTTP Blocked,ms,p90,0.00
20,1789646658411513856,1789646668411513856,HTTP Blocked,ms,p95,0.00
20,1789646658411513856,1789646668411513856,HTTP Blocked,ms,p99,0.00
20,1789646658411513856,1789646668411513856,HTTP Blocked,ms,std,0.00
20,1789646658411513856,1789646668411513856,HTTP Chunks Received,count,avg,473.03
20,1789646658411513856,1789646668411513856,HTTP Chunks Received,count,min,448.00
20,1789646658411513856,1789646668411513856,HTTP Chunks Received,count,max,500.00
20,1789646658411513856,1789646668411513856,HTTP Chunks Received,count,sum,15137.00
20,1789646658411513856,1789646668411513856,HTTP Chunks Received,count,p1,449.24
20,1789646658411513856,1789646668411513856,HTTP Chunks Received,count,p5,454.20
20,1789646658411513856,1789646668411513856,HTTP Chunks Received,count,p10,457.10
20,1789646658411513856,1789646668411513856,HTTP Chunks Received,count,p25,465.75
20,1789646658411513856,1789646668411513856,HTTP Chunks Received,count,p50,474.00
20,1789646658411513856,1789646668411513856,HTTP Chunks Received,count,p75,480.25
20,1789646658411513856,1789646668411513856,HTTP Chunks Received,count,p90,486.90
20,1789646658411513856,1789646668411513856,HTTP Chunks Received,count,p95,491.95
20,1789646658411513856,1789646668411513856,HTTP Chunks Received,count,p99,499.38
20,1789646658411513856,1789646668411513856,HTTP Chunks Received,count,std,12.29
20,1789646658411513856,1789646668411513856,HTTP Chunks Sent,count,avg,1.00
20,1789646658411513856,1789646668411513856,HTTP Chunks Sent,count,min,1.00
20,1789646658411513856,1789646668411513856,HTTP Chunks Sent,count,max,1.00
20,1789646658411513856,1789646668411513856,HTTP Chunks Sent,count,sum,32.00
20,1789646658411513856,1789646668411513856,HTTP Chunks Sent,count,p1,1.00
20,1789646658411513856,1789646668411513856,HTTP Chunks Sent,count,p5,1.00
20,1789646658411513856,1789646668411513856,HTTP Chunks Sent,count,p10,1.00
20,1789646658411513856,1789646668411513856,HTTP Chunks Sent,count,p25,1.00
20,1789646658411513856,1789646668411513856,HTTP Chunks Sent,count,p50,1.00
20,1789646658411513856,1789646668411513856,HTTP Chunks Sent,count,p75,1.00
20,1789646658411513856,1789646668411513856,HTTP Chunks Sent,count,p90,1.00
20,1789646658411513856,1789646668411513856,HTTP Chunks Sent,count,p95,1.00
20,1789646658411513856,1789646668411513856,HTTP Chunks Sent,count,p99,1.00
20,1789646658411513856,1789646668411513856,HTTP Chunks Sent,count,std,0.00
20,1789646658411513856,1789646668411513856,HTTP Connecting,ms,avg,0.00
20,1789646658411513856,1789646668411513856,HTTP Connecting,ms,min,0.00
20,1789646658411513856,1789646668411513856,HTTP Connecting,ms,max,0.00
20,1789646658411513856,1789646668411513856,HTTP Connecting,ms,sum,0.00
20,1789646658411513856,1789646668411513856,HTTP Connecting,ms,p1,0.00
20,1789646658411513856,1789646668411513856,HTTP Connecting,ms,p5,0.00
20,1789646658411513856,1789646668411513856,HTTP Connecting,ms,p10,0.00
20,1789646658411513856,1789646668411513856,HTTP Connecting,ms,p25,0.00
20,1789646658411513856,1789646668411513856,HTTP Connecting,ms,p50,0.00
20,1789646658411513856,1789646668411513856,HTTP Connecting,ms,p75,0.00
20,1789646658411513856,1789646668411513856,HTTP Connecting,ms,p90,0.00
20,1789646658411513856,1789646668411513856,HTTP Connecting,ms,p95,0.00
20,1789646658411513856,1789646668411513856,HTTP Connecting,ms,p99,0.00
20,1789646658411513856,1789646668411513856,HTTP Connecting,ms,std,0.00
20,1789646658411513856,1789646668411513856,HTTP Connection Overhead,ms,avg,0.00
20,1789646658411513856,1789646668411513856,HTTP Connection Overhead,ms,min,0.00
20,1789646658411513856,1789646668411513856,HTTP Connection Overhead,ms,max,0.00
20,1789646658411513856,1789646668411513856,HTTP Connection Overhead,ms,sum,0.00
20,1789646658411513856,1789646668411513856,HTTP Connection Overhead,ms,p1,0.00
20,1789646658411513856,1789646668411513856,HTTP Connection Overhead,ms,p5,0.00
20,1789646658411513856,1789646668411513856,HTTP Connection Overhead,ms,p10,0.00
20,1789646658411513856,1789646668411513856,HTTP Connection Overhead,ms,p25,0.00
20,1789646658411513856,1789646668411513856,HTTP Connection Overhead,ms,p50,0.00
20,1789646658411513856,1789646668411513856,HTTP Connection Overhead,ms,p75,0.00
20,1789646658411513856,1789646668411513856,HTTP Connection Overhead,ms,p90,0.00
20,1789646658411513856,1789646668411513856,HTTP Connection Overhead,ms,p95,0.00
20,1789646658411513856,1789646668411513856,HTTP Connection Overhead,ms,p99,0.00
20,1789646658411513856,1789646668411513856,HTTP Connection Overhead,ms,std,0.00
20,1789646658411513856,1789646668411513856,HTTP Connection Reused,ratio,avg,1.00
20,1789646658411513856,1789646668411513856,HTTP Connection Reused,ratio,min,1.00
20,1789646658411513856,1789646668411513856,HTTP Connection Reused,ratio,max,1.00
20,1789646658411513856,1789646668411513856,HTTP Connection Reused,ratio,sum,32.00
20,1789646658411513856,1789646668411513856,HTTP Connection Reused,ratio,p1,1.00
20,1789646658411513856,1789646668411513856,HTTP Connection Reused,ratio,p5,1.00
20,1789646658411513856,1789646668411513856,HTTP Connection Reused,ratio,p10,1.00
20,1789646658411513856,1789646668411513856,HTTP Connection Reused,ratio,p25,1.00
20,1789646658411513856,1789646668411513856,HTTP Connection Reused,ratio,p50,1.00
20,1789646658411513856,1789646668411513856,HTTP Connection Reused,ratio,p75,1.00
20,1789646658411513856,1789646668411513856,HTTP Connection Reused,ratio,p90,1.00
20,1789646658411513856,1789646668411513856,HTTP Connection Reused,ratio,p95,1.00
20,1789646658411513856,1789646668411513856,HTTP Connection Reused,ratio,p99,1.00
20,1789646658411513856,1789646668411513856,HTTP Connection Reused,ratio,std,0.00
20,1789646658411513856,1789646668411513856,HTTP Data Received,KB,avg,126.13
20,1789646658411513856,1789646668411513856,HTTP Data Received,KB,min,119.70
20,1789646658411513856,1789646668411513856,HTTP Data Received,KB,max,133.47
20,1789646658411513856,1789646668411513856,HTTP Data Received,KB,sum,4036.31
20,1789646658411513856,1789646668411513856,HTTP Data Received,KB,p1,119.96
20,1789646658411513856,1789646668411513856,HTTP Data Received,KB,p5,121.26
20,1789646658411513856,1789646668411513856,HTTP Data Received,KB,p10,121.98
20,1789646658411513856,1789646668411513856,HTTP Data Received,KB,p25,124.18
20,1789646658411513856,1789646668411513856,HTTP Data Received,KB,p50,126.42
20,1789646658411513856,1789646668411513856,HTTP Data Received,KB,p75,128.01
20,1789646658411513856,1789646668411513856,HTTP Data Received,KB,p90,129.71
20,1789646658411513856,1789646668411513856,HTTP Data Received,KB,p95,131.10
20,1789646658411513856,1789646668411513856,HTTP Data Received,KB,p99,133.24
20,1789646658411513856,1789646668411513856,HTTP Data Received,KB,std,3.24
20,1789646658411513856,1789646668411513856,HTTP Data Sent,KB,avg,4.50
20,1789646658411513856,1789646668411513856,HTTP Data Sent,KB,min,3.99
20,1789646658411513856,1789646668411513856,HTTP Data Sent,KB,max,4.82
20,1789646658411513856,1789646668411513856,HTTP Data Sent,KB,sum,144.05
20,1789646658411513856,1789646668411513856,HTTP Data Sent,KB,p1,4.02
20,1789646658411513856,1789646668411513856,HTTP Data Sent,KB,p5,4.16
20,1789646658411513856,1789646668411513856,HTTP Data Sent,KB,p10,4.25
20,1789646658411513856,1789646668411513856,HTTP Data Sent,KB,p25,4.38
20,1789646658411513856,1789646668411513856,HTTP Data Sent,KB,p50,4.55
20,1789646658411513856,1789646668411513856,HTTP Data Sent,KB,p75,4.63
20,1789646658411513856,1789646668411513856,HTTP Data Sent,KB,p90,4.72
20,1789646658411513856,1789646668411513856,HTTP Data Sent,KB,p95,4.76
20,1789646658411513856,1789646668411513856,HTTP Data Sent,KB,p99,4.82
20,1789646658411513856,1789646668411513856,HTTP Data Sent,KB,std,0.20
20,1789646658411513856,1789646668411513856,HTTP DNS Lookup,ms,avg,0.00
20,1789646658411513856,1789646668411513856,HTTP DNS Lookup,ms,min,0.00
20,1789646658411513856,1789646668411513856,HTTP DNS Lookup,ms,max,0.00
20,1789646658411513856,1789646668411513856,HTTP DNS Lookup,ms,sum,0.00
20,1789646658411513856,1789646668411513856,HTTP DNS Lookup,ms,p1,0.00
20,1789646658411513856,1789646668411513856,HTTP DNS Lookup,ms,p5,0.00
20,1789646658411513856,1789646668411513856,HTTP DNS Lookup,ms,p10,0.00
20,1789646658411513856,1789646668411513856,HTTP DNS Lookup,ms,p25,0.00
20,1789646658411513856,1789646668411513856,HTTP DNS Lookup,ms,p50,0.00
20,1789646658411513856,1789646668411513856,HTTP DNS Lookup,ms,p75,0.00
20,1789646658411513856,1789646668411513856,HTTP DNS Lookup,ms,p90,0.00
20,1789646658411513856,1789646668411513856,HTTP DNS Lookup,ms,p95,0.00
20,1789646658411513856,1789646668411513856,HTTP DNS Lookup,ms,p99,0.00
20,1789646658411513856,1789646668411513856,HTTP DNS Lookup,ms,std,0.00
20,1789646658411513856,1789646668411513856,HTTP Duration (excl. conn),ms,avg,7935.67
20,1789646658411513856,1789646668411513856,HTTP Duration (excl. conn),ms,min,7934.95
20,1789646658411513856,1789646668411513856,HTTP Duration (excl. conn),ms,max,7935.97
20,1789646658411513856,1789646668411513856,HTTP Duration (excl. conn),ms,sum,253941.33
20,1789646658411513856,1789646668411513856,HTTP Duration (excl. conn),ms,p1,7934.95
20,1789646658411513856,1789646668411513856,HTTP Duration (excl. conn),ms,p5,7935.03
20,1789646658411513856,1789646668411513856,HTTP Duration (excl. conn),ms,p10,7935.59
20,1789646658411513856,1789646668411513856,HTTP Duration (excl. conn),ms,p25,7935.65
20,1789646658411513856,1789646668411513856,HTTP Duration (excl. conn),ms,p50,7935.71
20,1789646658411513856,1789646668411513856,HTTP Duration (excl. conn),ms,p75,7935.77
20,1789646658411513856,1789646668411513856,HTTP Duration (excl. conn),ms,p90,7935.87
20,1789646658411513856,1789646668411513856,HTTP Duration (excl. conn),ms,p95,7935.92
20,1789646658411513856,1789646668411513856,HTTP Duration (excl. conn),ms,p99,7935.96
20,1789646658411513856,1789646668411513856,HTTP Duration (excl. conn),ms,std,0.23
20,1789646658411513856,1789646668411513856,HTTP Receiving,ms,avg,7514.22
20,1789646658411513856,1789646668411513856,HTTP Receiving,ms,min,7461.75
20,1789646658411513856,1789646668411513856,HTTP Receiving,ms,max,7715.27
20,1789646658411513856,1789646668411513856,HTTP Receiving,ms,sum,240455.15
20,1789646658411513856,1789646668411513856,HTTP Receiving,ms,p1,7461.75
20,1789646658411513856,1789646668411513856,HTTP Receiving,ms,p5,7461.76
20,1789646658411513856,1789646668411513856,HTTP Receiving,ms,p10,7461.77
20,1789646658411513856,1789646668411513856,HTTP Receiving,ms,p25,7461.78
20,1789646658411513856,1789646668411513856,HTTP Receiving,ms,p50,7461.82
20,1789646658411513856,1789646668411513856,HTTP Receiving,ms,p75,7578.14
20,1789646658411513856,1789646668411513856,HTTP Receiving,ms,p90,7621.43
20,1789646658411513856,1789646668411513856,HTTP Receiving,ms,p95,7626.32
20,1789646658411513856,1789646668411513856,HTTP Receiving,ms,p99,7687.71
20,1789646658411513856,1789646668411513856,HTTP Receiving,ms,std,71.97
20,1789646658411513856,1789646668411513856,HTTP Sending,ms,avg,0.14
20,1789646658411513856,1789646668411513856,HTTP Sending,ms,min,0.12
20,1789646658411513856,1789646668411513856,HTTP Sending,ms,max,0.15
20,1789646658411513856,1789646668411513856,HTTP Sending,ms,sum,4.32
20,1789646658411513856,1789646668411513856,HTTP Sending,ms,p1,0.13
20,1789646658411513856,1789646668411513856,HTTP Sending,ms,p5,0.13
20,1789646658411513856,1789646668411513856,HTTP Sending,ms,p10,0.13
20,1789646658411513856,1789646668411513856,HTTP Sending,ms,p25,0.13
20,1789646658411513856,1789646668411513856,HTTP Sending,ms,p50,0.13
20,1789646658411513856,1789646668411513856,HTTP Sending,ms,p75,0.14
20,1789646658411513856,1789646668411513856,HTTP Sending,ms,p90,0.14
20,1789646658411513856,1789646668411513856,HTTP Sending,ms,p95,0.14
20,1789646658411513856,1789646668411513856,HTTP Sending,ms,p99,0.15
20,1789646658411513856,1789646668411513856,HTTP Sending,ms,std,0.00
20,1789646658411513856,1789646668411513856,HTTP Total Time,ms,avg,7935.67
20,1789646658411513856,1789646668411513856,HTTP Total Time,ms,min,7934.95
20,1789646658411513856,1789646668411513856,HTTP Total Time,ms,max,7935.97
20,1789646658411513856,1789646668411513856,HTTP Total Time,ms,sum,253941.33
20,1789646658411513856,1789646668411513856,HTTP Total Time,ms,p1,7934.95
20,1789646658411513856,1789646668411513856,HTTP Total Time,ms,p5,7935.03
20,1789646658411513856,1789646668411513856,HTTP Total Time,ms,p10,7935.59
20,1789646658411513856,1789646668411513856,HTTP Total Time,ms,p25,7935.65
20,1789646658411513856,1789646668411513856,HTTP Total Time,ms,p50,7935.71
20,1789646658411513856,1789646668411513856,HTTP Total Time,ms,p75,7935.77
20,1789646658411513856,1789646668411513856,HTTP Total Time,ms,p90,7935.87
20,1789646658411513856,1789646668411513856,HTTP Total Time,ms,p95,7935.92
20,1789646658411513856,1789646668411513856,HTTP Total Time,ms,p99,7935.96
20,1789646658411513856,1789646668411513856,HTTP Total Time,ms,std,0.23
20,1789646658411513856,1789646668411513856,HTTP Waiting (TTFB),ms,avg,421.31
20,1789646658411513856,1789646668411513856,HTTP Waiting (TTFB),ms,min,220.29
20,1789646658411513856,1789646668411513856,HTTP Waiting (TTFB),ms,max,473.88
20,1789646658411513856,1789646668411513856,HTTP Waiting (TTFB),ms,sum,13481.86
20,1789646658411513856,1789646668411513856,HTTP Waiting (TTFB),ms,p1,247.62
20,1789646658411513856,1789646668411513856,HTTP Waiting (TTFB),ms,p5,308.51
20,1789646658411513856,1789646668411513856,HTTP Waiting (TTFB),ms,p10,313.57
20,1789646658411513856,1789646668411513856,HTTP Waiting (TTFB),ms,p25,357.58
20,1789646658411513856,1789646668411513856,HTTP Waiting (TTFB),ms,p50,473.69
20,1789646658411513856,1789646668411513856,HTTP Waiting (TTFB),ms,p75,473.80
20,1789646658411513856,1789646668411513856,HTTP Waiting (TTFB),ms,p90,473.84
20,1789646658411513856,1789646668411513856,HTTP Waiting (TTFB),ms,p95,473.85
20,1789646658411513856,1789646668411513856,HTTP Waiting (TTFB),ms,p99,473.87
20,1789646658411513856,1789646668411513856,HTTP Waiting (TTFB),ms,std,72.04
20,1789646658411513856,1789646668411513856,Input Sequence Length,tokens,avg,1107.00
20,1789646658411513856,1789646668411513856,Input Sequence Length,tokens,min,1107.00
20,1789646658411513856,1789646668411513856,Input Sequence Length,tokens,max,1107.00
20,1789646658411513856,1789646668411513856,Input Sequence Length,tokens,sum,35424.00
20,1789646658411513856,1789646668411513856,Input Sequence Length,tokens,p1,1107.00
20,1789646658411513856,1789646668411513856,Input Sequence Length,tokens,p5,1107.00
20,1789646658411513856,1789646668411513856,Input Sequence Length,tokens,p10,1107.00
20,1789646658411513856,1789646668411513856,Input Sequence Length,tokens,p25,1107.00
20,1789646658411513856,1789646668411513856,Input Sequence Length,tokens,p50,1107.00
20,1789646658411513856,1789646668411513856,Input Sequence Length,tokens,p75,1107.00
20,1789646658411513856,1789646668411513856,Input Sequence Length,tokens,p90,1107.00
20,1789646658411513856,1789646668411513856,Input Sequence Length,tokens,p95,1107.00
20,1789646658411513856,1789646668411513856,Input Sequence Length,tokens,p99,1107.00
20,1789646658411513856,1789646668411513856,Input Sequence Length,tokens,std,0.00
20,1789646658411513856,1789646668411513856,Input Token Throughput,tokens/sec,avg,3542.40
20,1789646658411513856,1789646668411513856,Inter Chunk Latency,ms,avg,15.91
20,1789646658411513856,1789646668411513856,Inter Chunk Latency,ms,min,1.12
20,1789646658411513856,1789646668411513856,Inter Chunk Latency,ms,max,167.66
20,1789646658411513856,1789646668411513856,Inter Chunk Latency,ms,sum,240248.86
20,1789646658411513856,1789646668411513856,Inter Chunk Latency,ms,p1,9.12
20,1789646658411513856,1789646668411513856,Inter Chunk Latency,ms,p5,13.23
20,1789646658411513856,1789646668411513856,Inter Chunk Latency,ms,p10,14.12
20,1789646658411513856,1789646668411513856,Inter Chunk Latency,ms,p25,14.49
20,1789646658411513856,1789646668411513856,Inter Chunk Latency,ms,p50,14.92
20,1789646658411513856,1789646668411513856,Inter Chunk Latency,ms,p75,15.24
20,1789646658411513856,1789646668411513856,Inter Chunk Latency,ms,p90,15.60
20,1789646658411513856,1789646668411513856,Inter Chunk Latency,ms,p95,29.19
20,1789646658411513856,1789646668411513856,Inter Chunk Latency,ms,p99,30.69
20,1789646658411513856,1789646668411513856,Inter Chunk Latency,ms,std,5.90
20,1789646658411513856,1789646668411513856,Inter Token Latency,ms,avg,14.69
20,1789646658411513856,1789646668411513856,Inter Token Latency,ms,min,14.53
20,1789646658411513856,1789646668411513856,Inter Token Latency,ms,max,15.10
20,1789646658411513856,1789646668411513856,Inter Token Latency,ms,sum,470.15
20,1789646658411513856,1789646668411513856,Inter Token Latency,ms,p1,14.55
20,1789646658411513856,1789646668411513856,Inter Token Latency,ms,p5,14.60
20,1789646658411513856,1789646668411513856,Inter Token Latency,ms,p10,14.60
20,1789646658411513856,1789646668411513856,Inter Token Latency,ms,p25,14.60
20,1789646658411513856,1789646668411513856,Inter Token Latency,ms,p50,14.60
20,1789646658411513856,1789646668411513856,Inter Token Latency,ms,p75,14.83
20,1789646658411513856,1789646668411513856,Inter Token Latency,ms,p90,14.83
20,1789646658411513856,1789646668411513856,Inter Token Latency,ms,p95,14.92
20,1789646658411513856,1789646668411513856,Inter Token Latency,ms,p99,15.04
20,1789646658411513856,1789646668411513856,Inter Token Latency,ms,std,0.14
20,1789646658411513856,1789646668411513856,OSL Mismatch Count,requests,avg,0.00
20,1789646658411513856,1789646668411513856,OSL Mismatch Diff %,%,avg,0.00
20,1789646658411513856,1789646668411513856,OSL Mismatch Diff %,%,min,0.00
20,1789646658411513856,1789646668411513856,OSL Mismatch Diff %,%,max,0.00
20,1789646658411513856,1789646668411513856,OSL Mismatch Diff %,%,sum,0.00
20,1789646658411513856,1789646668411513856,OSL Mismatch Diff %,%,p1,0.00
20,1789646658411513856,1789646668411513856,OSL Mismatch Diff %,%,p5,0.00
20,1789646658411513856,1789646668411513856,OSL Mismatch Diff %,%,p10,0.00
20,1789646658411513856,1789646668411513856,OSL Mismatch Diff %,%,p25,0.00
20,1789646658411513856,1789646668411513856,OSL Mismatch Diff %,%,p50,0.00
20,1789646658411513856,1789646668411513856,OSL Mismatch Diff %,%,p75,0.00
20,1789646658411513856,1789646668411513856,OSL Mismatch Diff %,%,p90,0.00
20,1789646658411513856,1789646668411513856,OSL Mismatch Diff %,%,p95,0.00
20,1789646658411513856,1789646668411513856,OSL Mismatch Diff %,%,p99,0.00
20,1789646658411513856,1789646668411513856,OSL Mismatch Diff %,%,std,0.00
20,1789646658411513856,1789646668411513856,Output Sequence Length,tokens,avg,512.00
20,1789646658411513856,1789646668411513856,Output Sequence Length,tokens,min,512.00
20,1789646658411513856,1789646668411513856,Output Sequence Length,tokens,max,512.00
20,1789646658411513856,1789646668411513856,Output Sequence Length,tokens,sum,16384.00
20,1789646658411513856,1789646668411513856,Output Sequence Length,tokens,p1,512.00
20,1789646658411513856,1789646668411513856,Output Sequence Length,tokens,p5,512.00
20,1789646658411513856,1789646668411513856,Output Sequence Length,tokens,p10,512.00
20,1789646658411513856,1789646668411513856,Output Sequence Length,tokens,p25,512.00
20,1789646658411513856,1789646668411513856,Output Sequence Length,tokens,p50,512.00
20,1789646658411513856,1789646668411513856,Output Sequence Length,tokens,p75,512.00
20,1789646658411513856,1789646668411513856,Output Sequence Length,tokens,p90,512.00
20,1789646658411513856,1789646668411513856,Output Sequence Length,tokens,p95,512.00
20,1789646658411513856,1789646668411513856,Output Sequence Length,tokens,p99,512.00
20,1789646658411513856,1789646668411513856,Output Sequence Length,tokens,std,0.00
20,1789646658411513856,1789646668411513856,Output Token Throughput,tokens/sec,avg,1638.40
20,1789646658411513856,1789646668411513856,Output Token Throughput Per User,tokens/sec/user,avg,68.07
20,1789646658411513856,1789646668411513856,Output Token Throughput Per User,tokens/sec/user,min,66.23
20,1789646658411513856,1789646668411513856,Output Token Throughput Per User,tokens/sec/user,max,68.84
20,1789646658411513856,1789646668411513856,Output Token Throughput Per User,tokens/sec/user,sum,2178.20
20,1789646658411513856,1789646668411513856,Output Token Throughput Per User,tokens/sec/user,p1,66.47
20,1789646658411513856,1789646668411513856,Output Token Throughput Per User,tokens/sec/user,p5,67.00
20,1789646658411513856,1789646668411513856,Output Token Throughput Per User,tokens/sec/user,p10,67.43
20,1789646658411513856,1789646668411513856,Output Token Throughput Per User,tokens/sec/user,p25,67.43
20,1789646658411513856,1789646668411513856,Output Token Throughput Per User,tokens/sec/user,p50,68.48
20,1789646658411513856,1789646668411513856,Output Token Throughput Per User,tokens/sec/user,p75,68.48
20,1789646658411513856,1789646668411513856,Output Token Throughput Per User,tokens/sec/user,p90,68.48
20,1789646658411513856,1789646668411513856,Output Token Throughput Per User,tokens/sec/user,p95,68.50
20,1789646658411513856,1789646668411513856,Output Token Throughput Per User,tokens/sec/user,p99,68.74
20,1789646658411513856,1789646668411513856,Output Token Throughput Per User,tokens/sec/user,std,0.64
20,1789646658411513856,1789646668411513856,Overall Usage Prompt Cache Read %,%,avg,92.50
20,1789646658411513856,1789646668411513856,Prefill Throughput Per User,tokens/sec/user,avg,2726.34
20,1789646658411513856,1789646668411513856,Prefill Throughput Per User,tokens/sec/user,min,2335.06
20,1789646658411513856,1789646668411513856,Prefill Throughput Per User,tokens/sec/user,max,5020.85
20,1789646658411513856,1789646668411513856,Prefill Throughput Per User,tokens/sec/user,sum,87242.77
20,1789646658411513856,1789646668411513856,Prefill Throughput Per User,tokens/sec/user,p1,2335.11
20,1789646658411513856,1789646668411513856,Prefill Throughput Per User,tokens/sec/user,p5,2335.22
20,1789646658411513856,1789646668411513856,Prefill Throughput Per User,tokens/sec/user,p10,2335.30
20,1789646658411513856,1789646668411513856,Prefill Throughput Per User,tokens/sec/user,p25,2335.46
20,1789646658411513856,1789646668411513856,Prefill Throughput Per User,tokens/sec/user,p50,2336.01
20,1789646658411513856,1789646668411513856,Prefill Throughput Per User,tokens/sec/user,p75,3094.00
20,1789646658411513856,1789646668411513856,Prefill Throughput Per User,tokens/sec/user,p90,3534.89
20,1789646658411513856,1789646668411513856,Prefill Throughput Per User,tokens/sec/user,p95,3585.99
20,1789646658411513856,1789646668411513856,Prefill Throughput Per User,tokens/sec/user,p99,4576.31
20,1789646658411513856,1789646668411513856,Prefill Throughput Per User,tokens/sec/user,std,602.44
20,1789646658411513856,1789646668411513856,Reasoning Token Count,tokens,avg,512.00
20,1789646658411513856,1789646668411513856,Reasoning Token Count,tokens,min,512.00
20,1789646658411513856,1789646668411513856,Reasoning Token Count,tokens,max,512.00
20,1789646658411513856,1789646668411513856,Reasoning Token Count,tokens,sum,16384.00
20,1789646658411513856,1789646668411513856,Reasoning Token Count,tokens,p1,512.00
20,1789646658411513856,1789646668411513856,Reasoning Token Count,tokens,p5,512.00
20,1789646658411513856,1789646668411513856,Reasoning Token Count,tokens,p10,512.00
20,1789646658411513856,1789646668411513856,Reasoning Token Count,tokens,p25,512.00
20,1789646658411513856,1789646668411513856,Reasoning Token Count,tokens,p50,512.00
20,1789646658411513856,1789646668411513856,Reasoning Token Count,tokens,p75,512.00
20,1789646658411513856,1789646668411513856,Reasoning Token Count,tokens,p90,512.00
20,1789646658411513856,1789646668411513856,Reasoning Token Count,tokens,p95,512.00
20,1789646658411513856,1789646668411513856,Reasoning Token Count,tokens,p99,512.00
20,1789646658411513856,1789646668411513856,Reasoning Token Count,tokens,std,0.00
20,1789646658411513856,1789646668411513856,Request Count,requests,avg,32.00
20,1789646658411513856,1789646668411513856,Request Latency,ms,avg,7929.28
20,1789646658411513856,1789646668411513856,Request Latency,ms,min,7767.47
20,1789646658411513856,1789646668411513856,Request Latency,ms,max,7936.02
20,1789646658411513856,1789646668411513856,Request Latency,ms,sum,253737.02
20,1789646658411513856,1789646668411513856,Request Latency,ms,p1,7807.65
20,1789646658411513856,1789646668411513856,Request Latency,ms,p5,7917.94
20,1789646658411513856,1789646668411513856,Request Latency,ms,p10,7935.19
20,1789646658411513856,1789646668411513856,Request Latency,ms,p25,7935.71
20,1789646658411513856,1789646668411513856,Request Latency,ms,p50,7935.77
20,1789646658411513856,1789646668411513856,Request Latency,ms,p75,7935.83
20,1789646658411513856,1789646668411513856,Request Latency,ms,p90,7935.92
20,1789646658411513856,1789646668411513856,Request Latency,ms,p95,7935.97
20,1789646658411513856,1789646668411513856,Request Latency,ms,p99,7936.02
20,1789646658411513856,1789646668411513856,Request Latency,ms,std,29.83
20,1789646658411513856,1789646668411513856,Request Throughput,requests/sec,avg,3.20
20,1789646658411513856,1789646668411513856,Time to First Token,ms,avg,421.50
20,1789646658411513856,1789646668411513856,Time to First Token,ms,min,220.48
20,1789646658411513856,1789646668411513856,Time to First Token,ms,max,474.08
20,1789646658411513856,1789646668411513856,Time to First Token,ms,sum,13488.16
20,1789646658411513856,1789646668411513856,Time to First Token,ms,p1,247.81
20,1789646658411513856,1789646668411513856,Time to First Token,ms,p5,308.70
20,1789646658411513856,1789646668411513856,Time to First Token,ms,p10,313.77
20,1789646658411513856,1789646668411513856,Time to First Token,ms,p25,357.79
20,1789646658411513856,1789646668411513856,Time to First Token,ms,p50,473.88
20,1789646658411513856,1789646668411513856,Time to First Token,ms,p75,474.00
20,1789646658411513856,1789646668411513856,Time to First Token,ms,p90,474.03
20,1789646658411513856,1789646668411513856,Time to First Token,ms,p95,474.04
20,1789646658411513856,1789646668411513856,Time to First Token,ms,p99,474.07
20,1789646658411513856,1789646668411513856,Time to First Token,ms,std,72.04
20,1789646658411513856,1789646668411513856,Time to Second Token,ms,avg,45.51
20,1789646658411513856,1789646668411513856,Time to Second Token,ms,min,1.12
20,1789646658411513856,1789646668411513856,Time to Second Token,ms,max,154.95
20,1789646658411513856,1789646668411513856,Time to Second Token,ms,sum,1456.38
20,1789646658411513856,1789646668411513856,Time to Second Token,ms,p1,1.13
20,1789646658411513856,1789646668411513856,Time to Second Token,ms,p5,1.20
20,1789646658411513856,1789646668411513856,Time to Second Token,ms,p10,2.96
20,1789646658411513856,1789646668411513856,Time to Second Token,ms,p25,2.97
20,1789646658411513856,1789646668411513856,Time to Second Token,ms,p50,3.00
20,1789646658411513856,1789646668411513856,Time to Second Token,ms,p75,154.20
20,1789646658411513856,1789646668411513856,Time to Second Token,ms,p90,154.90
20,1789646658411513856,1789646668411513856,Time to Second Token,ms,p95,154.91
20,1789646658411513856,1789646668411513856,Time to Second Token,ms,p99,154.94
20,1789646658411513856,1789646668411513856,Time to Second Token,ms,std,68.35
20,1789646658411513856,1789646668411513856,Tokens In Flight,tokens,avg,44240.66
20,1789646658411513856,1789646668411513856,Tokens In Flight,tokens,min,14816.75
20,1789646658411513856,1789646668411513856,Tokens In Flight,tokens,max,51746.16
20,1789646658411513856,1789646668411513856,Tokens In Flight,tokens,p50,45564.85
20,1789646658411513856,1789646668411513856,Tokens In Flight,tokens,p90,49827.16
20,1789646658411513856,1789646668411513856,Tokens In Flight,tokens,p95,50693.42
20,1789646658411513856,1789646668411513856,Tokens In Flight,tokens,p99,51519.75
20,1789646658411513856,1789646668411513856,Tokens In Flight,tokens,std,4769.96
20,1789646658411513856,1789646668411513856,Total Input Sequence Length,tokens,avg,35424.00
20,1789646658411513856,1789646668411513856,Total Output Sequence Length,tokens,avg,16384.00
20,1789646658411513856,1789646668411513856,Total Reasoning Tokens,tokens,avg,16384.00
20,1789646658411513856,1789646668411513856,Total Token Throughput,tokens/sec,avg,5180.80
20,1789646658411513856,1789646668411513856,Total Usage Completion Tokens,tokens,avg,16384.00
20,1789646658411513856,1789646668411513856,Total Usage Prompt Cache Read Tokens,tokens,avg,32768.00
20,1789646658411513856,1789646668411513856,Total Usage Prompt Tokens,tokens,avg,35424.00
20,1789646658411513856,1789646668411513856,Total Usage Reasoning Tokens,tokens,avg,16384.00
20,1789646658411513856,1789646668411513856,Total Usage Total Tokens,tokens,avg,51808.00
20,1789646658411513856,1789646668411513856,Usage Completion Tokens,tokens,avg,512.00
20,1789646658411513856,1789646668411513856,Usage Completion Tokens,tokens,min,512.00
20,1789646658411513856,1789646668411513856,Usage Completion Tokens,tokens,max,512.00
20,1789646658411513856,1789646668411513856,Usage Completion Tokens,tokens,sum,16384.00
20,1789646658411513856,1789646668411513856,Usage Completion Tokens,tokens,p1,512.00
20,1789646658411513856,1789646668411513856,Usage Completion Tokens,tokens,p5,512.00
20,1789646658411513856,1789646668411513856,Usage Completion Tokens,tokens,p10,512.00
20,1789646658411513856,1789646668411513856,Usage Completion Tokens,tokens,p25,512.00
20,1789646658411513856,1789646668411513856,Usage Completion Tokens,tokens,p50,512.00
20,1789646658411513856,1789646668411513856,Usage Completion Tokens,tokens,p75,512.00
20,1789646658411513856,1789646668411513856,Usage Completion Tokens,tokens,p90,512.00
20,1789646658411513856,1789646668411513856,Usage Completion Tokens,tokens,p95,512.00
20,1789646658411513856,1789646668411513856,Usage Completion Tokens,tokens,p99,512.00
20,1789646658411513856,1789646668411513856,Usage Completion Tokens,tokens,std,0.00
20,1789646658411513856,1789646668411513856,Usage Prompt Cache Read Tokens,tokens,avg,1024.00
20,1789646658411513856,1789646668411513856,Usage Prompt Cache Read Tokens,tokens,min,1024.00
20,1789646658411513856,1789646668411513856,Usage Prompt Cache Read Tokens,tokens,max,1024.00
20,1789646658411513856,1789646668411513856,Usage Prompt Cache Read Tokens,tokens,sum,32768.00
20,1789646658411513856,1789646668411513856,Usage Prompt Cache Read Tokens,tokens,p1,1024.00
20,1789646658411513856,1789646668411513856,Usage Prompt Cache Read Tokens,tokens,p5,1024.00
20,1789646658411513856,1789646668411513856,Usage Prompt Cache Read Tokens,tokens,p10,1024.00
20,1789646658411513856,1789646668411513856,Usage Prompt Cache Read Tokens,tokens,p25,1024.00
20,1789646658411513856,1789646668411513856,Usage Prompt Cache Read Tokens,tokens,p50,1024.00
20,1789646658411513856,1789646668411513856,Usage Prompt Cache Read Tokens,tokens,p75,1024.00
20,1789646658411513856,1789646668411513856,Usage Prompt Cache Read Tokens,tokens,p90,1024.00
20,1789646658411513856,1789646668411513856,Usage Prompt Cache Read Tokens,tokens,p95,1024.00
20,1789646658411513856,1789646668411513856,Usage Prompt Cache Read Tokens,tokens,p99,1024.00
20,1789646658411513856,1789646668411513856,Usage Prompt Cache Read Tokens,tokens,std,0.00
20,1789646658411513856,1789646668411513856,Usage Prompt Tokens,tokens,avg,1107.00
20,1789646658411513856,1789646668411513856,Usage Prompt Tokens,tokens,min,1107.00
20,1789646658411513856,1789646668411513856,Usage Prompt Tokens,tokens,max,1107.00
20,1789646658411513856,1789646668411513856,Usage Prompt Tokens,tokens,sum,35424.00
20,1789646658411513856,1789646668411513856,Usage Prompt Tokens,tokens,p1,1107.00
20,1789646658411513856,1789646668411513856,Usage Prompt Tokens,tokens,p5,1107.00
20,1789646658411513856,1789646668411513856,Usage Prompt Tokens,tokens,p10,1107.00
20,1789646658411513856,1789646668411513856,Usage Prompt Tokens,tokens,p25,1107.00
20,1789646658411513856,1789646668411513856,Usage Prompt Tokens,tokens,p50,1107.00
20,1789646658411513856,1789646668411513856,Usage Prompt Tokens,tokens,p75,1107.00
20,1789646658411513856,1789646668411513856,Usage Prompt Tokens,tokens,p90,1107.00
20,1789646658411513856,1789646668411513856,Usage Prompt Tokens,tokens,p95,1107.00
20,1789646658411513856,1789646668411513856,Usage Prompt Tokens,tokens,p99,1107.00
20,1789646658411513856,1789646668411513856,Usage Prompt Tokens,tokens,std,0.00
20,1789646658411513856,1789646668411513856,Usage Reasoning Tokens,tokens,avg,512.00
20,1789646658411513856,1789646668411513856,Usage Reasoning Tokens,tokens,min,512.00
20,1789646658411513856,1789646668411513856,Usage Reasoning Tokens,tokens,max,512.00
20,1789646658411513856,1789646668411513856,Usage Reasoning Tokens,tokens,sum,16384.00
20,1789646658411513856,1789646668411513856,Usage Reasoning Tokens,tokens,p1,512.00
20,1789646658411513856,1789646668411513856,Usage Reasoning Tokens,tokens,p5,512.00
20,1789646658411513856,1789646668411513856,Usage Reasoning Tokens,tokens,p10,512.00
20,1789646658411513856,1789646668411513856,Usage Reasoning Tokens,tokens,p25,512.00
20,1789646658411513856,1789646668411513856,Usage Reasoning Tokens,tokens,p50,512.00
20,1789646658411513856,1789646668411513856,Usage Reasoning Tokens,tokens,p75,512.00
20,1789646658411513856,1789646668411513856,Usage Reasoning Tokens,tokens,p90,512.00
20,1789646658411513856,1789646668411513856,Usage Reasoning Tokens,tokens,p95,512.00
20,1789646658411513856,1789646668411513856,Usage Reasoning Tokens,tokens,p99,512.00
20,1789646658411513856,1789646668411513856,Usage Reasoning Tokens,tokens,std,0.00
20,1789646658411513856,1789646668411513856,Usage Total Tokens,tokens,avg,1619.00
20,1789646658411513856,1789646668411513856,Usage Total Tokens,tokens,min,1619.00
20,1789646658411513856,1789646668411513856,Usage Total Tokens,tokens,max,1619.00
20,1789646658411513856,1789646668411513856,Usage Total Tokens,tokens,sum,51808.00
20,1789646658411513856,1789646668411513856,Usage Total Tokens,tokens,p1,1619.00
20,1789646658411513856,1789646668411513856,Usage Total Tokens,tokens,p5,1619.00
20,1789646658411513856,1789646668411513856,Usage Total Tokens,tokens,p10,1619.00
20,1789646658411513856,1789646668411513856,Usage Total Tokens,tokens,p25,1619.00
20,1789646658411513856,1789646668411513856,Usage Total Tokens,tokens,p50,1619.00
20,1789646658411513856,1789646668411513856,Usage Total Tokens,tokens,p75,1619.00
20,1789646658411513856,1789646668411513856,Usage Total Tokens,tokens,p90,1619.00
20,1789646658411513856,1789646668411513856,Usage Total Tokens,tokens,p95,1619.00
20,1789646658411513856,1789646668411513856,Usage Total Tokens,tokens,p99,1619.00
20,1789646658411513856,1789646668411513856,Usage Total Tokens,tokens,std,0.00
21,1789646668411513856,1789646678411513856,Active Decode Throughput,tokens/sec,avg,1991.60
21,1789646668411513856,1789646678411513856,Active Decode Throughput,tokens/sec,min,6.98
21,1789646668411513856,1789646678411513856,Active Decode Throughput,tokens/sec,max,10100.59
21,1789646668411513856,1789646678411513856,Active Decode Throughput,tokens/sec,p50,2154.91
21,1789646668411513856,1789646678411513856,Active Decode Throughput,tokens/sec,p90,2301.02
21,1789646668411513856,1789646678411513856,Active Decode Throughput,tokens/sec,p95,2425.12
21,1789646668411513856,1789646678411513856,Active Decode Throughput,tokens/sec,p99,3708.11
21,1789646668411513856,1789646678411513856,Active Decode Throughput,tokens/sec,std,718.80
21,1789646668411513856,1789646678411513856,Active Decode Throughput Per User,tokens/sec/user,avg,62.85
21,1789646668411513856,1789646678411513856,Active Decode Throughput Per User,tokens/sec/user,min,2.40
21,1789646668411513856,1789646678411513856,Active Decode Throughput Per User,tokens/sec/user,max,315.64
21,1789646668411513856,1789646678411513856,Active Decode Throughput Per User,tokens/sec/user,p50,67.34
21,1789646668411513856,1789646678411513856,Active Decode Throughput Per User,tokens/sec/user,p90,71.91
21,1789646668411513856,1789646678411513856,Active Decode Throughput Per User,tokens/sec/user,p95,75.78
21,1789646668411513856,1789646678411513856,Active Decode Throughput Per User,tokens/sec/user,p99,115.88
21,1789646668411513856,1789646678411513856,Active Decode Throughput Per User,tokens/sec/user,std,21.11
21,1789646668411513856,1789646678411513856,Active Prefill Throughput,tokens/sec,avg,66448.49
21,1789646668411513856,1789646678411513856,Active Prefill Throughput,tokens/sec,min,3568.69
21,1789646668411513856,1789646678411513856,Active Prefill Throughput,tokens/sec,max,82141.36
21,1789646668411513856,1789646678411513856,Active Prefill Throughput,tokens/sec,p50,76353.80
21,1789646668411513856,1789646678411513856,Active Prefill Throughput,tokens/sec,p90,82141.36
21,1789646668411513856,1789646678411513856,Active Prefill Throughput,tokens/sec,p95,82141.36
21,1789646668411513856,1789646678411513856,Active Prefill Throughput,tokens/sec,p99,82141.36
21,1789646668411513856,1789646678411513856,Active Prefill Throughput,tokens/sec,std,19000.69
21,1789646668411513856,1789646678411513856,Active Prefill Throughput Per User,tokens/sec/user,avg,2728.11
21,1789646668411513856,1789646678411513856,Active Prefill Throughput Per User,tokens/sec/user,min,2496.19
21,1789646668411513856,1789646678411513856,Active Prefill Throughput Per User,tokens/sec/user,max,5035.81
21,1789646668411513856,1789646678411513856,Active Prefill Throughput Per User,tokens/sec/user,p50,2636.83
21,1789646668411513856,1789646678411513856,Active Prefill Throughput Per User,tokens/sec/user,p90,3296.14
21,1789646668411513856,1789646678411513856,Active Prefill Throughput Per User,tokens/sec/user,p95,3307.21
21,1789646668411513856,1789646678411513856,Active Prefill Throughput Per User,tokens/sec/user,p99,5035.81
21,1789646668411513856,1789646678411513856,Active Prefill Throughput Per User,tokens/sec/user,std,462.08
21,1789646668411513856,1789646678411513856,Active Total Throughput,tokens/sec,avg,9073.64
21,1789646668411513856,1789646678411513856,Active Total Throughput,tokens/sec,min,2108.93
21,1789646668411513856,1789646678411513856,Active Total Throughput,tokens/sec,max,82207.55
21,1789646668411513856,1789646678411513856,Active Total Throughput,tokens/sec,p50,2175.12
21,1789646668411513856,1789646678411513856,Active Total Throughput,tokens/sec,p90,31235.02
21,1789646668411513856,1789646678411513856,Active Total Throughput,tokens/sec,p95,76554.68
21,1789646668411513856,1789646678411513856,Active Total Throughput,tokens/sec,p99,82207.55
21,1789646668411513856,1789646678411513856,Active Total Throughput,tokens/sec,std,20867.68
21,1789646668411513856,1789646678411513856,Benchmark Duration,sec,avg,16.16
21,1789646668411513856,1789646678411513856,Decode Duration,ms,avg,7544.46
21,1789646668411513856,1789646678411513856,Decode Duration,ms,min,7427.28
21,1789646668411513856,1789646678411513856,Decode Duration,ms,max,7775.65
21,1789646668411513856,1789646678411513856,Decode Duration,ms,sum,482845.19
21,1789646668411513856,1789646678411513856,Decode Duration,ms,p1,7427.33
21,1789646668411513856,1789646678411513856,Decode Duration,ms,p5,7466.00
21,1789646668411513856,1789646678411513856,Decode Duration,ms,p10,7466.01
21,1789646668411513856,1789646678411513856,Decode Duration,ms,p25,7466.07
21,1789646668411513856,1789646678411513856,Decode Duration,ms,p50,7522.30
21,1789646668411513856,1789646678411513856,Decode Duration,ms,p75,7594.29
21,1789646668411513856,1789646678411513856,Decode Duration,ms,p90,7637.77
21,1789646668411513856,1789646678411513856,Decode Duration,ms,p95,7688.09
21,1789646668411513856,1789646678411513856,Decode Duration,ms,p99,7740.73
21,1789646668411513856,1789646678411513856,Decode Duration,ms,std,79.05
21,1789646668411513856,1789646678411513856,E2E Output Token Throughput,tokens/sec/user,avg,64.27
21,1789646668411513856,1789646678411513856,E2E Output Token Throughput,tokens/sec/user,min,64.02
21,1789646668411513856,1789646678411513856,E2E Output Token Throughput,tokens/sec/user,max,64.80
21,1789646668411513856,1789646678411513856,E2E Output Token Throughput,tokens/sec/user,sum,4113.38
21,1789646668411513856,1789646678411513856,E2E Output Token Throughput,tokens/sec/user,p1,64.02
21,1789646668411513856,1789646678411513856,E2E Output Token Throughput,tokens/sec/user,p5,64.03
21,1789646668411513856,1789646678411513856,E2E Output Token Throughput,tokens/sec/user,p10,64.03
21,1789646668411513856,1789646678411513856,E2E Output Token Throughput,tokens/sec/user,p25,64.03
21,1789646668411513856,1789646678411513856,E2E Output Token Throughput,tokens/sec/user,p50,64.40
21,1789646668411513856,1789646678411513856,E2E Output Token Throughput,tokens/sec/user,p75,64.48
21,1789646668411513856,1789646678411513856,E2E Output Token Throughput,tokens/sec/user,p90,64.48
21,1789646668411513856,1789646678411513856,E2E Output Token Throughput,tokens/sec/user,p95,64.48
21,1789646668411513856,1789646678411513856,E2E Output Token Throughput,tokens/sec/user,p99,64.80
21,1789646668411513856,1789646678411513856,E2E Output Token Throughput,tokens/sec/user,std,0.24
21,1789646668411513856,1789646678411513856,Effective Concurrency,requests,avg,31.98
21,1789646668411513856,1789646678411513856,Effective Concurrency,requests,min,12.00
21,1789646668411513856,1789646678411513856,Effective Concurrency,requests,max,32.00
21,1789646668411513856,1789646678411513856,Effective Concurrency,requests,p50,32.00
21,1789646668411513856,1789646678411513856,Effective Concurrency,requests,p90,32.00
21,1789646668411513856,1789646678411513856,Effective Concurrency,requests,p95,32.00
21,1789646668411513856,1789646678411513856,Effective Concurrency,requests,p99,32.00
21,1789646668411513856,1789646678411513856,Effective Concurrency,requests,std,0.55
21,1789646668411513856,1789646678411513856,Effective Decode Concurrency,requests,avg,29.28
21,1789646668411513856,1789646678411513856,Effective Decode Concurrency,requests,min,1.00
21,1789646668411513856,1789646678411513856,Effective Decode Concurrency,requests,max,32.00
21,1789646668411513856,1789646678411513856,Effective Decode Concurrency,requests,p50,32.00
21,1789646668411513856,1789646678411513856,Effective Decode Concurrency,requests,p90,32.00
21,1789646668411513856,1789646678411513856,Effective Decode Concurrency,requests,p95,32.00
21,1789646668411513856,1789646678411513856,Effective Decode Concurrency,requests,p99,32.00
21,1789646668411513856,1789646678411513856,Effective Decode Concurrency,requests,std,8.22
21,1789646668411513856,1789646678411513856,Effective Decode Throughput,tokens/sec,avg,1991.60
21,1789646668411513856,1789646678411513856,Effective Decode Throughput,tokens/sec,min,6.98
21,1789646668411513856,1789646678411513856,Effective Decode Throughput,tokens/sec,max,10100.59
21,1789646668411513856,1789646678411513856,Effective Decode Throughput,tokens/sec,p50,2154.91
21,1789646668411513856,1789646678411513856,Effective Decode Throughput,tokens/sec,p90,2301.02
21,1789646668411513856,1789646678411513856,Effective Decode Throughput,tokens/sec,p95,2425.12
21,1789646668411513856,1789646678411513856,Effective Decode Throughput,tokens/sec,p99,3708.11
21,1789646668411513856,1789646678411513856,Effective Decode Throughput,tokens/sec,std,718.80
21,1789646668411513856,1789646678411513856,Effective Decode Throughput Per User,tokens/sec/user,avg,62.85
21,1789646668411513856,1789646678411513856,Effective Decode Throughput Per User,tokens/sec/user,min,2.40
21,1789646668411513856,1789646678411513856,Effective Decode Throughput Per User,tokens/sec/user,max,315.64
21,1789646668411513856,1789646678411513856,Effective Decode Throughput Per User,tokens/sec/user,p50,67.34
21,1789646668411513856,1789646678411513856,Effective Decode Throughput Per User,tokens/sec/user,p90,71.91
21,1789646668411513856,1789646678411513856,Effective Decode Throughput Per User,tokens/sec/user,p95,75.78
21,1789646668411513856,1789646678411513856,Effective Decode Throughput Per User,tokens/sec/user,p99,115.88
21,1789646668411513856,1789646678411513856,Effective Decode Throughput Per User,tokens/sec/user,std,21.11
21,1789646668411513856,1789646678411513856,Effective Prefill Concurrency,requests,avg,2.70
21,1789646668411513856,1789646678411513856,Effective Prefill Concurrency,requests,min,0.00
21,1789646668411513856,1789646678411513856,Effective Prefill Concurrency,requests,max,31.00
21,1789646668411513856,1789646678411513856,Effective Prefill Concurrency,requests,p50,0.00
21,1789646668411513856,1789646678411513856,Effective Prefill Concurrency,requests,p90,9.00
21,1789646668411513856,1789646678411513856,Effective Prefill Concurrency,requests,p95,29.00
21,1789646668411513856,1789646678411513856,Effective Prefill Concurrency,requests,p99,31.00
21,1789646668411513856,1789646678411513856,Effective Prefill Concurrency,requests,std,8.19
21,1789646668411513856,1789646678411513856,Effective Prefill Throughput,tokens/sec,avg,7084.80
21,1789646668411513856,1789646678411513856,Effective Prefill Throughput,tokens/sec,min,0.00
21,1789646668411513856,1789646678411513856,Effective Prefill Throughput,tokens/sec,max,82141.36
21,1789646668411513856,1789646678411513856,Effective Prefill Throughput,tokens/sec,p50,0.00
21,1789646668411513856,1789646678411513856,Effective Prefill Throughput,tokens/sec,p90,29665.27
21,1789646668411513856,1789646678411513856,Effective Prefill Throughput,tokens/sec,p95,76353.80
21,1789646668411513856,1789646678411513856,Effective Prefill Throughput,tokens/sec,p99,82141.36
21,1789646668411513856,1789646678411513856,Effective Prefill Throughput,tokens/sec,std,21425.99
21,1789646668411513856,1789646678411513856,Effective Prefill Throughput Per User,tokens/sec/user,avg,290.87
21,1789646668411513856,1789646678411513856,Effective Prefill Throughput Per User,tokens/sec/user,min,0.00
21,1789646668411513856,1789646678411513856,Effective Prefill Throughput Per User,tokens/sec/user,max,5035.81
21,1789646668411513856,1789646678411513856,Effective Prefill Throughput Per User,tokens/sec/user,p50,0.00
21,1789646668411513856,1789646678411513856,Effective Prefill Throughput Per User,tokens/sec/user,p90,2496.19
21,1789646668411513856,1789646678411513856,Effective Prefill Throughput Per User,tokens/sec/user,p95,2636.83
21,1789646668411513856,1789646678411513856,Effective Prefill Throughput Per User,tokens/sec/user,p99,3296.14
21,1789646668411513856,1789646678411513856,Effective Prefill Throughput Per User,tokens/sec/user,std,855.39
21,1789646668411513856,1789646678411513856,Effective Total Throughput,tokens/sec,avg,9073.64
21,1789646668411513856,1789646678411513856,Effective Total Throughput,tokens/sec,min,2108.93
21,1789646668411513856,1789646678411513856,Effective Total Throughput,tokens/sec,max,82207.55
21,1789646668411513856,1789646678411513856,Effective Total Throughput,tokens/sec,p50,2175.12
21,1789646668411513856,1789646678411513856,Effective Total Throughput,tokens/sec,p90,31235.02
21,1789646668411513856,1789646678411513856,Effective Total Throughput,tokens/sec,p95,76554.68
21,1789646668411513856,1789646678411513856,Effective Total Throughput,tokens/sec,p99,82207.55
21,1789646668411513856,1789646678411513856,Effective Total Throughput,tokens/sec,std,20867.68
21,1789646668411513856,1789646678411513856,HTTP Blocked,ms,avg,0.00
21,1789646668411513856,1789646678411513856,HTTP Blocked,ms,min,0.00
21,1789646668411513856,1789646678411513856,HTTP Blocked,ms,max,0.00
21,1789646668411513856,1789646678411513856,HTTP Blocked,ms,sum,0.00
21,1789646668411513856,1789646678411513856,HTTP Blocked,ms,p1,0.00
21,1789646668411513856,1789646678411513856,HTTP Blocked,ms,p5,0.00
21,1789646668411513856,1789646678411513856,HTTP Blocked,ms,p10,0.00
21,1789646668411513856,1789646678411513856,HTTP Blocked,ms,p25,0.00
21,1789646668411513856,1789646678411513856,HTTP Blocked,ms,p50,0.00
21,1789646668411513856,1789646678411513856,HTTP Blocked,ms,p75,0.00
21,1789646668411513856,1789646678411513856,HTTP Blocked,ms,p90,0.00
21,1789646668411513856,1789646678411513856,HTTP Blocked,ms,p95,0.00
21,1789646668411513856,1789646678411513856,HTTP Blocked,ms,p99,0.00
21,1789646668411513856,1789646678411513856,HTTP Blocked,ms,std,0.00
21,1789646668411513856,1789646678411513856,HTTP Chunks Received,count,avg,470.33
21,1789646668411513856,1789646678411513856,HTTP Chunks Received,count,min,443.00
21,1789646668411513856,1789646678411513856,HTTP Chunks Received,count,max,503.00
21,1789646668411513856,1789646678411513856,HTTP Chunks Received,count,sum,30101.00
21,1789646668411513856,1789646678411513856,HTTP Chunks Received,count,p1,445.52
21,1789646668411513856,1789646678411513856,HTTP Chunks Received,count,p5,451.00
21,1789646668411513856,1789646678411513856,HTTP Chunks Received,count,p10,456.00
21,1789646668411513856,1789646678411513856,HTTP Chunks Received,count,p25,459.75
21,1789646668411513856,1789646678411513856,HTTP Chunks Received,count,p50,468.00
21,1789646668411513856,1789646678411513856,HTTP Chunks Received,count,p75,477.25
21,1789646668411513856,1789646678411513856,HTTP Chunks Received,count,p90,493.50
21,1789646668411513856,1789646678411513856,HTTP Chunks Received,count,p95,498.00
21,1789646668411513856,1789646678411513856,HTTP Chunks Received,count,p99,503.00
21,1789646668411513856,1789646678411513856,HTTP Chunks Received,count,std,14.32
21,1789646668411513856,1789646678411513856,HTTP Chunks Sent,count,avg,1.00
21,1789646668411513856,1789646678411513856,HTTP Chunks Sent,count,min,1.00
21,1789646668411513856,1789646678411513856,HTTP Chunks Sent,count,max,1.00
21,1789646668411513856,1789646678411513856,HTTP Chunks Sent,count,sum,64.00
21,1789646668411513856,1789646678411513856,HTTP Chunks Sent,count,p1,1.00
21,1789646668411513856,1789646678411513856,HTTP Chunks Sent,count,p5,1.00
21,1789646668411513856,1789646678411513856,HTTP Chunks Sent,count,p10,1.00
21,1789646668411513856,1789646678411513856,HTTP Chunks Sent,count,p25,1.00
21,1789646668411513856,1789646678411513856,HTTP Chunks Sent,count,p50,1.00
21,1789646668411513856,1789646678411513856,HTTP Chunks Sent,count,p75,1.00
21,1789646668411513856,1789646678411513856,HTTP Chunks Sent,count,p90,1.00
21,1789646668411513856,1789646678411513856,HTTP Chunks Sent,count,p95,1.00
21,1789646668411513856,1789646678411513856,HTTP Chunks Sent,count,p99,1.00
21,1789646668411513856,1789646678411513856,HTTP Chunks Sent,count,std,0.00
21,1789646668411513856,1789646678411513856,HTTP Connecting,ms,avg,0.00
21,1789646668411513856,1789646678411513856,HTTP Connecting,ms,min,0.00
21,1789646668411513856,1789646678411513856,HTTP Connecting,ms,max,0.00
21,1789646668411513856,1789646678411513856,HTTP Connecting,ms,sum,0.00
21,1789646668411513856,1789646678411513856,HTTP Connecting,ms,p1,0.00
21,1789646668411513856,1789646678411513856,HTTP Connecting,ms,p5,0.00
21,1789646668411513856,1789646678411513856,HTTP Connecting,ms,p10,0.00
21,1789646668411513856,1789646678411513856,HTTP Connecting,ms,p25,0.00
21,1789646668411513856,1789646678411513856,HTTP Connecting,ms,p50,0.00
21,1789646668411513856,1789646678411513856,HTTP Connecting,ms,p75,0.00
21,1789646668411513856,1789646678411513856,HTTP Connecting,ms,p90,0.00
21,1789646668411513856,1789646678411513856,HTTP Connecting,ms,p95,0.00
21,1789646668411513856,1789646678411513856,HTTP Connecting,ms,p99,0.00
21,1789646668411513856,1789646678411513856,HTTP Connecting,ms,std,0.00
21,1789646668411513856,1789646678411513856,HTTP Connection Overhead,ms,avg,0.00
21,1789646668411513856,1789646678411513856,HTTP Connection Overhead,ms,min,0.00
21,1789646668411513856,1789646678411513856,HTTP Connection Overhead,ms,max,0.00
21,1789646668411513856,1789646678411513856,HTTP Connection Overhead,ms,sum,0.00
21,1789646668411513856,1789646678411513856,HTTP Connection Overhead,ms,p1,0.00
21,1789646668411513856,1789646678411513856,HTTP Connection Overhead,ms,p5,0.00
21,1789646668411513856,1789646678411513856,HTTP Connection Overhead,ms,p10,0.00
21,1789646668411513856,1789646678411513856,HTTP Connection Overhead,ms,p25,0.00
21,1789646668411513856,1789646678411513856,HTTP Connection Overhead,ms,p50,0.00
21,1789646668411513856,1789646678411513856,HTTP Connection Overhead,ms,p75,0.00
21,1789646668411513856,1789646678411513856,HTTP Connection Overhead,ms,p90,0.00
21,1789646668411513856,1789646678411513856,HTTP Connection Overhead,ms,p95,0.00
21,1789646668411513856,1789646678411513856,HTTP Connection Overhead,ms,p99,0.00
21,1789646668411513856,1789646678411513856,HTTP Connection Overhead,ms,std,0.00
21,1789646668411513856,1789646678411513856,HTTP Connection Reused,ratio,avg,1.00
21,1789646668411513856,1789646678411513856,HTTP Connection Reused,ratio,min,1.00
21,1789646668411513856,1789646678411513856,HTTP Connection Reused,ratio,max,1.00
21,1789646668411513856,1789646678411513856,HTTP Connection Reused,ratio,sum,64.00
21,1789646668411513856,1789646678411513856,HTTP Connection Reused,ratio,p1,1.00
21,1789646668411513856,1789646678411513856,HTTP Connection Reused,ratio,p5,1.00
21,1789646668411513856,1789646678411513856,HTTP Connection Reused,ratio,p10,1.00
21,1789646668411513856,1789646678411513856,HTTP Connection Reused,ratio,p25,1.00
21,1789646668411513856,1789646678411513856,HTTP Connection Reused,ratio,p50,1.00
21,1789646668411513856,1789646678411513856,HTTP Connection Reused,ratio,p75,1.00
21,1789646668411513856,1789646678411513856,HTTP Connection Reused,ratio,p90,1.00
21,1789646668411513856,1789646678411513856,HTTP Connection Reused,ratio,p95,1.00
21,1789646668411513856,1789646678411513856,HTTP Connection Reused,ratio,p99,1.00
21,1789646668411513856,1789646678411513856,HTTP Connection Reused,ratio,std,0.00
21,1789646668411513856,1789646678411513856,HTTP Data Received,KB,avg,125.42
21,1789646668411513856,1789646678411513856,HTTP Data Received,KB,min,118.24
21,1789646668411513856,1789646678411513856,HTTP Data Received,KB,max,133.96
21,1789646668411513856,1789646678411513856,HTTP Data Received,KB,sum,8026.65
21,1789646668411513856,1789646678411513856,HTTP Data Received,KB,p1,119.01
21,1789646668411513856,1789646678411513856,HTTP Data Received,KB,p5,120.32
21,1789646668411513856,1789646678411513856,HTTP Data Received,KB,p10,121.48
21,1789646668411513856,1789646678411513856,HTTP Data Received,KB,p25,122.63
21,1789646668411513856,1789646678411513856,HTTP Data Received,KB,p50,124.76
21,1789646668411513856,1789646678411513856,HTTP Data Received,KB,p75,127.29
21,1789646668411513856,1789646678411513856,HTTP Data Received,KB,p90,131.36
21,1789646668411513856,1789646678411513856,HTTP Data Received,KB,p95,132.84
21,1789646668411513856,1789646678411513856,HTTP Data Received,KB,p99,133.89
21,1789646668411513856,1789646678411513856,HTTP Data Received,KB,std,3.76
21,1789646668411513856,1789646678411513856,HTTP Data Sent,KB,avg,4.59
21,1789646668411513856,1789646678411513856,HTTP Data Sent,KB,min,4.08
21,1789646668411513856,1789646678411513856,HTTP Data Sent,KB,max,4.96
21,1789646668411513856,1789646678411513856,HTTP Data Sent,KB,sum,293.65
21,1789646668411513856,1789646678411513856,HTTP Data Sent,KB,p1,4.13
21,1789646668411513856,1789646678411513856,HTTP Data Sent,KB,p5,4.38
21,1789646668411513856,1789646678411513856,HTTP Data Sent,KB,p10,4.39
21,1789646668411513856,1789646678411513856,HTTP Data Sent,KB,p25,4.47
21,1789646668411513856,1789646678411513856,HTTP Data Sent,KB,p50,4.55
21,1789646668411513856,1789646678411513856,HTTP Data Sent,KB,p75,4.71
21,1789646668411513856,1789646678411513856,HTTP Data Sent,KB,p90,4.85
21,1789646668411513856,1789646678411513856,HTTP Data Sent,KB,p95,4.87
21,1789646668411513856,1789646678411513856,HTTP Data Sent,KB,p99,4.96
21,1789646668411513856,1789646678411513856,HTTP Data Sent,KB,std,0.18
21,1789646668411513856,1789646678411513856,HTTP DNS Lookup,ms,avg,0.00
21,1789646668411513856,1789646678411513856,HTTP DNS Lookup,ms,min,0.00
21,1789646668411513856,1789646678411513856,HTTP DNS Lookup,ms,max,0.00
21,1789646668411513856,1789646678411513856,HTTP DNS Lookup,ms,sum,0.00
21,1789646668411513856,1789646678411513856,HTTP DNS Lookup,ms,p1,0.00
21,1789646668411513856,1789646678411513856,HTTP DNS Lookup,ms,p5,0.00
21,1789646668411513856,1789646678411513856,HTTP DNS Lookup,ms,p10,0.00
21,1789646668411513856,1789646678411513856,HTTP DNS Lookup,ms,p25,0.00
21,1789646668411513856,1789646678411513856,HTTP DNS Lookup,ms,p50,0.00
21,1789646668411513856,1789646678411513856,HTTP DNS Lookup,ms,p75,0.00
21,1789646668411513856,1789646678411513856,HTTP DNS Lookup,ms,p90,0.00
21,1789646668411513856,1789646678411513856,HTTP DNS Lookup,ms,p95,0.00
21,1789646668411513856,1789646678411513856,HTTP DNS Lookup,ms,p99,0.00
21,1789646668411513856,1789646678411513856,HTTP DNS Lookup,ms,std,0.00
21,1789646668411513856,1789646678411513856,HTTP Duration (excl. conn),ms,avg,7968.33
21,1789646668411513856,1789646678411513856,HTTP Duration (excl. conn),ms,min,7939.86
21,1789646668411513856,1789646678411513856,HTTP Duration (excl. conn),ms,max,7997.08
21,1789646668411513856,1789646678411513856,HTTP Duration (excl. conn),ms,sum,509973.03
21,1789646668411513856,1789646678411513856,HTTP Duration (excl. conn),ms,p1,7939.86
21,1789646668411513856,1789646678411513856,HTTP Duration (excl. conn),ms,p5,7939.92
21,1789646668411513856,1789646678411513856,HTTP Duration (excl. conn),ms,p10,7939.95
21,1789646668411513856,1789646678411513856,HTTP Duration (excl. conn),ms,p25,7940.01
21,1789646668411513856,1789646678411513856,HTTP Duration (excl. conn),ms,p50,7968.85
21,1789646668411513856,1789646678411513856,HTTP Duration (excl. conn),ms,p75,7996.47
21,1789646668411513856,1789646678411513856,HTTP Duration (excl. conn),ms,p90,7996.65
21,1789646668411513856,1789646678411513856,HTTP Duration (excl. conn),ms,p95,7996.76
21,1789646668411513856,1789646678411513856,HTTP Duration (excl. conn),ms,p99,7996.91
21,1789646668411513856,1789646678411513856,HTTP Duration (excl. conn),ms,std,28.19
21,1789646668411513856,1789646678411513856,HTTP Receiving,ms,avg,7546.54
21,1789646668411513856,1789646678411513856,HTTP Receiving,ms,min,7465.97
21,1789646668411513856,1789646678411513856,HTTP Receiving,ms,max,7775.65
21,1789646668411513856,1789646678411513856,HTTP Receiving,ms,sum,482978.41
21,1789646668411513856,1789646678411513856,HTTP Receiving,ms,p1,7465.99
21,1789646668411513856,1789646678411513856,HTTP Receiving,ms,p5,7466.01
21,1789646668411513856,1789646678411513856,HTTP Receiving,ms,p10,7466.02
21,1789646668411513856,1789646678411513856,HTTP Receiving,ms,p25,7466.08
21,1789646668411513856,1789646678411513856,HTTP Receiving,ms,p50,7522.30
21,1789646668411513856,1789646678411513856,HTTP Receiving,ms,p75,7594.29
21,1789646668411513856,1789646678411513856,HTTP Receiving,ms,p90,7637.78
21,1789646668411513856,1789646678411513856,HTTP Receiving,ms,p95,7688.09
21,1789646668411513856,1789646678411513856,HTTP Receiving,ms,p99,7740.73
21,1789646668411513856,1789646678411513856,HTTP Receiving,ms,std,77.29
21,1789646668411513856,1789646678411513856,HTTP Sending,ms,avg,0.13
21,1789646668411513856,1789646678411513856,HTTP Sending,ms,min,0.12
21,1789646668411513856,1789646678411513856,HTTP Sending,ms,max,0.15
21,1789646668411513856,1789646678411513856,HTTP Sending,ms,sum,8.64
21,1789646668411513856,1789646678411513856,HTTP Sending,ms,p1,0.12
21,1789646668411513856,1789646678411513856,HTTP Sending,ms,p5,0.13
21,1789646668411513856,1789646678411513856,HTTP Sending,ms,p10,0.13
21,1789646668411513856,1789646678411513856,HTTP Sending,ms,p25,0.13
21,1789646668411513856,1789646678411513856,HTTP Sending,ms,p50,0.13
21,1789646668411513856,1789646678411513856,HTTP Sending,ms,p75,0.14
21,1789646668411513856,1789646678411513856,HTTP Sending,ms,p90,0.14
21,1789646668411513856,1789646678411513856,HTTP Sending,ms,p95,0.15
21,1789646668411513856,1789646678411513856,HTTP Sending,ms,p99,0.15
21,1789646668411513856,1789646678411513856,HTTP Sending,ms,std,0.01
21,1789646668411513856,1789646678411513856,HTTP Total Time,ms,avg,7968.33
21,1789646668411513856,1789646678411513856,HTTP Total Time,ms,min,7939.86
21,1789646668411513856,1789646678411513856,HTTP Total Time,ms,max,7997.08
21,1789646668411513856,1789646678411513856,HTTP Total Time,ms,sum,509973.03
21,1789646668411513856,1789646678411513856,HTTP Total Time,ms,p1,7939.86
21,1789646668411513856,1789646678411513856,HTTP Total Time,ms,p5,7939.92
21,1789646668411513856,1789646678411513856,HTTP Total Time,ms,p10,7939.95
21,1789646668411513856,1789646678411513856,HTTP Total Time,ms,p25,7940.01
21,1789646668411513856,1789646678411513856,HTTP Total Time,ms,p50,7968.85
21,1789646668411513856,1789646678411513856,HTTP Total Time,ms,p75,7996.47
21,1789646668411513856,1789646678411513856,HTTP Total Time,ms,p90,7996.65
21,1789646668411513856,1789646678411513856,HTTP Total Time,ms,p95,7996.76
21,1789646668411513856,1789646678411513856,HTTP Total Time,ms,p99,7996.91
21,1789646668411513856,1789646678411513856,HTTP Total Time,ms,std,28.19
21,1789646668411513856,1789646678411513856,HTTP Waiting (TTFB),ms,avg,421.66
21,1789646668411513856,1789646678411513856,HTTP Waiting (TTFB),ms,min,219.65
21,1789646668411513856,1789646678411513856,HTTP Waiting (TTFB),ms,max,474.10
21,1789646668411513856,1789646678411513856,HTTP Waiting (TTFB),ms,sum,26985.98
21,1789646668411513856,1789646678411513856,HTTP Waiting (TTFB),ms,p1,220.69
21,1789646668411513856,1789646678411513856,HTTP Waiting (TTFB),ms,p5,308.08
21,1789646668411513856,1789646678411513856,HTTP Waiting (TTFB),ms,p10,310.01
21,1789646668411513856,1789646678411513856,HTTP Waiting (TTFB),ms,p25,358.52
21,1789646668411513856,1789646678411513856,HTTP Waiting (TTFB),ms,p50,473.83
21,1789646668411513856,1789646678411513856,HTTP Waiting (TTFB),ms,p75,473.97
21,1789646668411513856,1789646678411513856,HTTP Waiting (TTFB),ms,p90,474.03
21,1789646668411513856,1789646678411513856,HTTP Waiting (TTFB),ms,p95,474.05
21,1789646668411513856,1789646678411513856,HTTP Waiting (TTFB),ms,p99,474.10
21,1789646668411513856,1789646678411513856,HTTP Waiting (TTFB),ms,std,71.86
21,1789646668411513856,1789646678411513856,Input Sequence Length,tokens,avg,1107.00
21,1789646668411513856,1789646678411513856,Input Sequence Length,tokens,min,1107.00
21,1789646668411513856,1789646678411513856,Input Sequence Length,tokens,max,1107.00
21,1789646668411513856,1789646678411513856,Input Sequence Length,tokens,sum,70848.00
21,1789646668411513856,1789646678411513856,Input Sequence Length,tokens,p1,1107.00
21,1789646668411513856,1789646678411513856,Input Sequence Length,tokens,p5,1107.00
21,1789646668411513856,1789646678411513856,Input Sequence Length,tokens,p10,1107.00
21,1789646668411513856,1789646678411513856,Input Sequence Length,tokens,p25,1107.00
21,1789646668411513856,1789646678411513856,Input Sequence Length,tokens,p50,1107.00
21,1789646668411513856,1789646678411513856,Input Sequence Length,tokens,p75,1107.00
21,1789646668411513856,1789646678411513856,Input Sequence Length,tokens,p90,1107.00
21,1789646668411513856,1789646678411513856,Input Sequence Length,tokens,p95,1107.00
21,1789646668411513856,1789646678411513856,Input Sequence Length,tokens,p99,1107.00
21,1789646668411513856,1789646678411513856,Input Sequence Length,tokens,std,0.00
21,1789646668411513856,1789646678411513856,Input Token Throughput,tokens/sec,avg,7084.80
21,1789646668411513856,1789646678411513856,Inter Chunk Latency,ms,avg,16.08
21,1789646668411513856,1789646678411513856,Inter Chunk Latency,ms,min,0.93
21,1789646668411513856,1789646678411513856,Inter Chunk Latency,ms,max,169.09
21,1789646668411513856,1789646678411513856,Inter Chunk Latency,ms,sum,482845.19
21,1789646668411513856,1789646678411513856,Inter Chunk Latency,ms,p1,8.99
21,1789646668411513856,1789646678411513856,Inter Chunk Latency,ms,p5,13.29
21,1789646668411513856,1789646678411513856,Inter Chunk Latency,ms,p10,14.13
21,1789646668411513856,1789646678411513856,Inter Chunk Latency,ms,p25,14.60
21,1789646668411513856,1789646678411513856,Inter Chunk Latency,ms,p50,15.02
21,1789646668411513856,1789646678411513856,Inter Chunk Latency,ms,p75,15.32
21,1789646668411513856,1789646678411513856,Inter Chunk Latency,ms,p90,15.69
21,1789646668411513856,1789646678411513856,Inter Chunk Latency,ms,p95,29.43
21,1789646668411513856,1789646678411513856,Inter Chunk Latency,ms,p99,31.07
21,1789646668411513856,1789646678411513856,Inter Chunk Latency,ms,std,6.24
21,1789646668411513856,1789646678411513856,Inter Token Latency,ms,avg,14.76
21,1789646668411513856,1789646678411513856,Inter Token Latency,ms,min,14.53
21,1789646668411513856,1789646678411513856,Inter Token Latency,ms,max,15.22
21,1789646668411513856,1789646678411513856,Inter Token Latency,ms,sum,944.90
21,1789646668411513856,1789646678411513856,Inter Token Latency,ms,p1,14.53
21,1789646668411513856,1789646678411513856,Inter Token Latency,ms,p5,14.61
21,1789646668411513856,1789646678411513856,Inter Token Latency,ms,p10,14.61
21,1789646668411513856,1789646678411513856,Inter Token Latency,ms,p25,14.61
21,1789646668411513856,1789646678411513856,Inter Token Latency,ms,p50,14.72
21,1789646668411513856,1789646678411513856,Inter Token Latency,ms,p75,14.86
21,1789646668411513856,1789646678411513856,Inter Token Latency,ms,p90,14.95
21,1789646668411513856,1789646678411513856,Inter Token Latency,ms,p95,15.05
21,1789646668411513856,1789646678411513856,Inter Token Latency,ms,p99,15.15
21,1789646668411513856,1789646678411513856,Inter Token Latency,ms,std,0.15
21,1789646668411513856,1789646678411513856,OSL Mismatch Count,requests,avg,0.00
21,1789646668411513856,1789646678411513856,OSL Mismatch Diff %,%,avg,0.00
21,1789646668411513856,1789646678411513856,OSL Mismatch Diff %,%,min,0.00
21,1789646668411513856,1789646678411513856,OSL Mismatch Diff %,%,max,0.00
21,1789646668411513856,1789646678411513856,OSL Mismatch Diff %,%,sum,0.00
21,1789646668411513856,1789646678411513856,OSL Mismatch Diff %,%,p1,0.00
21,1789646668411513856,1789646678411513856,OSL Mismatch Diff %,%,p5,0.00
21,1789646668411513856,1789646678411513856,OSL Mismatch Diff %,%,p10,0.00
21,1789646668411513856,1789646678411513856,OSL Mismatch Diff %,%,p25,0.00
21,1789646668411513856,1789646678411513856,OSL Mismatch Diff %,%,p50,0.00
21,1789646668411513856,1789646678411513856,OSL Mismatch Diff %,%,p75,0.00
21,1789646668411513856,1789646678411513856,OSL Mismatch Diff %,%,p90,0.00
21,1789646668411513856,1789646678411513856,OSL Mismatch Diff %,%,p95,0.00
21,1789646668411513856,1789646678411513856,OSL Mismatch Diff %,%,p99,0.00
21,1789646668411513856,1789646678411513856,OSL Mismatch Diff %,%,std,0.00
21,1789646668411513856,1789646678411513856,Output Sequence Length,tokens,avg,512.00
21,1789646668411513856,1789646678411513856,Output Sequence Length,tokens,min,512.00
21,1789646668411513856,1789646678411513856,Output Sequence Length,tokens,max,512.00
21,1789646668411513856,1789646678411513856,Output Sequence Length,tokens,sum,32768.00
21,1789646668411513856,1789646678411513856,Output Sequence Length,tokens,p1,512.00
21,1789646668411513856,1789646678411513856,Output Sequence Length,tokens,p5,512.00
21,1789646668411513856,1789646678411513856,Output Sequence Length,tokens,p10,512.00
21,1789646668411513856,1789646678411513856,Output Sequence Length,tokens,p25,512.00
21,1789646668411513856,1789646678411513856,Output Sequence Length,tokens,p50,512.00
21,1789646668411513856,1789646678411513856,Output Sequence Length,tokens,p75,512.00
21,1789646668411513856,1789646678411513856,Output Sequence Length,tokens,p90,512.00
21,1789646668411513856,1789646678411513856,Output Sequence Length,tokens,p95,512.00
21,1789646668411513856,1789646678411513856,Output Sequence Length,tokens,p99,512.00
21,1789646668411513856,1789646678411513856,Output Sequence Length,tokens,std,0.00
21,1789646668411513856,1789646678411513856,Output Token Count,tokens,avg,44.00
21,1789646668411513856,1789646678411513856,Output Token Count,tokens,min,44.00
21,1789646668411513856,1789646678411513856,Output Token Count,tokens,max,44.00
21,1789646668411513856,1789646678411513856,Output Token Count,tokens,sum,44.00
21,1789646668411513856,1789646678411513856,Output Token Count,tokens,p1,44.00
21,1789646668411513856,1789646678411513856,Output Token Count,tokens,p5,44.00
21,1789646668411513856,1789646678411513856,Output Token Count,tokens,p10,44.00
21,1789646668411513856,1789646678411513856,Output Token Count,tokens,p25,44.00
21,1789646668411513856,1789646678411513856,Output Token Count,tokens,p50,44.00
21,1789646668411513856,1789646678411513856,Output Token Count,tokens,p75,44.00
21,1789646668411513856,1789646678411513856,Output Token Count,tokens,p90,44.00
21,1789646668411513856,1789646678411513856,Output Token Count,tokens,p95,44.00
21,1789646668411513856,1789646678411513856,Output Token Count,tokens,p99,44.00
21,1789646668411513856,1789646678411513856,Output Token Count,tokens,std,0.00
21,1789646668411513856,1789646678411513856,Output Token Throughput,tokens/sec,avg,3276.80
21,1789646668411513856,1789646678411513856,Output Token Throughput Per User,tokens/sec/user,avg,67.74
21,1789646668411513856,1789646678411513856,Output Token Throughput Per User,tokens/sec/user,min,65.72
21,1789646668411513856,1789646678411513856,Output Token Throughput Per User,tokens/sec/user,max,68.80
21,1789646668411513856,1789646678411513856,Output Token Throughput Per User,tokens/sec/user,sum,4335.31
21,1789646668411513856,1789646678411513856,Output Token Throughput Per User,tokens/sec/user,p1,66.02
21,1789646668411513856,1789646678411513856,Output Token Throughput Per User,tokens/sec/user,p5,66.47
21,1789646668411513856,1789646678411513856,Output Token Throughput Per User,tokens/sec/user,p10,66.90
21,1789646668411513856,1789646678411513856,Output Token Throughput Per User,tokens/sec/user,p25,67.29
21,1789646668411513856,1789646678411513856,Output Token Throughput Per User,tokens/sec/user,p50,67.93
21,1789646668411513856,1789646678411513856,Output Token Throughput Per User,tokens/sec/user,p75,68.44
21,1789646668411513856,1789646678411513856,Output Token Throughput Per User,tokens/sec/user,p90,68.44
21,1789646668411513856,1789646678411513856,Output Token Throughput Per User,tokens/sec/user,p95,68.44
21,1789646668411513856,1789646678411513856,Output Token Throughput Per User,tokens/sec/user,p99,68.80
21,1789646668411513856,1789646678411513856,Output Token Throughput Per User,tokens/sec/user,std,0.70
21,1789646668411513856,1789646678411513856,Overall Usage Prompt Cache Read %,%,avg,92.50
21,1789646668411513856,1789646678411513856,Prefill Throughput Per User,tokens/sec/user,avg,2723.53
21,1789646668411513856,1789646678411513856,Prefill Throughput Per User,tokens/sec/user,min,2333.93
21,1789646668411513856,1789646678411513856,Prefill Throughput Per User,tokens/sec/user,max,5035.81
21,1789646668411513856,1789646678411513856,Prefill Throughput Per User,tokens/sec/user,sum,174306.14
21,1789646668411513856,1789646678411513856,Prefill Throughput Per User,tokens/sec/user,p1,2333.95
21,1789646668411513856,1789646678411513856,Prefill Throughput Per User,tokens/sec/user,p5,2334.15
21,1789646668411513856,1789646678411513856,Prefill Throughput Per User,tokens/sec/user,p10,2334.32
21,1789646668411513856,1789646678411513856,Prefill Throughput Per User,tokens/sec/user,p25,2334.62
21,1789646668411513856,1789646678411513856,Prefill Throughput Per User,tokens/sec/user,p50,2335.32
21,1789646668411513856,1789646678411513856,Prefill Throughput Per User,tokens/sec/user,p75,3086.01
21,1789646668411513856,1789646678411513856,Prefill Throughput Per User,tokens/sec/user,p90,3568.65
21,1789646668411513856,1789646678411513856,Prefill Throughput Per User,tokens/sec/user,p95,3590.91
21,1789646668411513856,1789646678411513856,Prefill Throughput Per User,tokens/sec/user,p99,5012.03
21,1789646668411513856,1789646678411513856,Prefill Throughput Per User,tokens/sec/user,std,600.66
21,1789646668411513856,1789646678411513856,Reasoning Token Count,tokens,avg,511.31
21,1789646668411513856,1789646678411513856,Reasoning Token Count,tokens,min,468.00
21,1789646668411513856,1789646678411513856,Reasoning Token Count,tokens,max,512.00
21,1789646668411513856,1789646678411513856,Reasoning Token Count,tokens,sum,32724.00
21,1789646668411513856,1789646678411513856,Reasoning Token Count,tokens,p1,495.72
21,1789646668411513856,1789646678411513856,Reasoning Token Count,tokens,p5,512.00
21,1789646668411513856,1789646678411513856,Reasoning Token Count,tokens,p10,512.00
21,1789646668411513856,1789646678411513856,Reasoning Token Count,tokens,p25,512.00
21,1789646668411513856,1789646678411513856,Reasoning Token Count,tokens,p50,512.00
21,1789646668411513856,1789646678411513856,Reasoning Token Count,tokens,p75,512.00
21,1789646668411513856,1789646678411513856,Reasoning Token Count,tokens,p90,512.00
21,1789646668411513856,1789646678411513856,Reasoning Token Count,tokens,p95,512.00
21,1789646668411513856,1789646678411513856,Reasoning Token Count,tokens,p99,512.00
21,1789646668411513856,1789646678411513856,Reasoning Token Count,tokens,std,5.46
21,1789646668411513856,1789646678411513856,Request Count,requests,avg,64.00
21,1789646668411513856,1789646678411513856,Request Latency,ms,avg,7966.31
21,1789646668411513856,1789646678411513856,Request Latency,ms,min,7901.27
21,1789646668411513856,1789646678411513856,Request Latency,ms,max,7997.14
21,1789646668411513856,1789646678411513856,Request Latency,ms,sum,509843.84
21,1789646668411513856,1789646678411513856,Request Latency,ms,p1,7901.31
21,1789646668411513856,1789646678411513856,Request Latency,ms,p5,7939.92
21,1789646668411513856,1789646678411513856,Request Latency,ms,p10,7940.00
21,1789646668411513856,1789646678411513856,Request Latency,ms,p25,7940.07
21,1789646668411513856,1789646678411513856,Request Latency,ms,p50,7949.71
21,1789646668411513856,1789646678411513856,Request Latency,ms,p75,7996.53
21,1789646668411513856,1789646678411513856,Request Latency,ms,p90,7996.70
21,1789646668411513856,1789646678411513856,Request Latency,ms,p95,7996.82
21,1789646668411513856,1789646678411513856,Request Latency,ms,p99,7996.97
21,1789646668411513856,1789646678411513856,Request Latency,ms,std,30.25
21,1789646668411513856,1789646678411513856,Request Throughput,requests/sec,avg,6.40
21,1789646668411513856,1789646678411513856,Time to First Output Token,ms,avg,7172.04
21,1789646668411513856,1789646678411513856,Time to First Output Token,ms,min,7172.04
21,1789646668411513856,1789646678411513856,Time to First Output Token,ms,max,7172.04
21,1789646668411513856,1789646678411513856,Time to First Output Token,ms,sum,7172.04
21,1789646668411513856,1789646678411513856,Time to First Output Token,ms,p1,7172.04
21,1789646668411513856,1789646678411513856,Time to First Output Token,ms,p5,7172.04
21,1789646668411513856,1789646678411513856,Time to First Output Token,ms,p10,7172.04
21,1789646668411513856,1789646678411513856,Time to First Output Token,ms,p25,7172.04
21,1789646668411513856,1789646678411513856,Time to First Output Token,ms,p50,7172.04
21,1789646668411513856,1789646678411513856,Time to First Output Token,ms,p75,7172.04
21,1789646668411513856,1789646678411513856,Time to First Output Token,ms,p90,7172.04
21,1789646668411513856,1789646678411513856,Time to First Output Token,ms,p95,7172.04
21,1789646668411513856,1789646678411513856,Time to First Output Token,ms,p99,7172.04
21,1789646668411513856,1789646678411513856,Time to First Output Token,ms,std,0.00
21,1789646668411513856,1789646678411513856,Time to First Token,ms,avg,421.85
21,1789646668411513856,1789646678411513856,Time to First Token,ms,min,219.83
21,1789646668411513856,1789646678411513856,Time to First Token,ms,max,474.31
21,1789646668411513856,1789646678411513856,Time to First Token,ms,sum,26998.66
21,1789646668411513856,1789646678411513856,Time to First Token,ms,p1,220.87
21,1789646668411513856,1789646678411513856,Time to First Token,ms,p5,308.28
21,1789646668411513856,1789646678411513856,Time to First Token,ms,p10,310.20
21,1789646668411513856,1789646678411513856,Time to First Token,ms,p25,358.72
21,1789646668411513856,1789646678411513856,Time to First Token,ms,p50,474.02
21,1789646668411513856,1789646678411513856,Time to First Token,ms,p75,474.17
21,1789646668411513856,1789646678411513856,Time to First Token,ms,p90,474.23
21,1789646668411513856,1789646678411513856,Time to First Token,ms,p95,474.26
21,1789646668411513856,1789646678411513856,Time to First Token,ms,p99,474.30
21,1789646668411513856,1789646678411513856,Time to First Token,ms,std,71.87
21,1789646668411513856,1789646678411513856,Time to Second Token,ms,avg,45.61
21,1789646668411513856,1789646678411513856,Time to Second Token,ms,min,0.93
21,1789646668411513856,1789646678411513856,Time to Second Token,ms,max,155.19
21,1789646668411513856,1789646678411513856,Time to Second Token,ms,sum,2918.87
21,1789646668411513856,1789646678411513856,Time to Second Token,ms,p1,1.00
21,1789646668411513856,1789646678411513856,Time to Second Token,ms,p5,2.88
21,1789646668411513856,1789646678411513856,Time to Second Token,ms,p10,2.89
21,1789646668411513856,1789646678411513856,Time to Second Token,ms,p25,2.92
21,1789646668411513856,1789646678411513856,Time to Second Token,ms,p50,3.51
21,1789646668411513856,1789646678411513856,Time to Second Token,ms,p75,153.92
21,1789646668411513856,1789646678411513856,Time to Second Token,ms,p90,154.43
21,1789646668411513856,1789646678411513856,Time to Second Token,ms,p95,154.52
21,1789646668411513856,1789646678411513856,Time to Second Token,ms,p99,154.80
21,1789646668411513856,1789646678411513856,Time to Second Token,ms,std,67.99
21,1789646668411513856,1789646678411513856,Tokens In Flight,tokens,avg,43132.97
21,1789646668411513856,1789646678411513856,Tokens In Flight,tokens,min,14816.79
21,1789646668411513856,1789646678411513856,Tokens In Flight,tokens,max,51751.40
21,1789646668411513856,1789646678411513856,Tokens In Flight,tokens,p50,43032.55
21,1789646668411513856,1789646678411513856,Tokens In Flight,tokens,p90,50710.29
21,1789646668411513856,1789646678411513856,Tokens In Flight,tokens,p95,51237.34
21,1789646668411513856,1789646678411513856,Tokens In Flight,tokens,p99,51623.40
21,1789646668411513856,1789646678411513856,Tokens In Flight,tokens,std,5492.50
21,1789646668411513856,1789646678411513856,Total Input Sequence Length,tokens,avg,70848.00
21,1789646668411513856,1789646678411513856,Total Output Sequence Length,tokens,avg,32768.00
21,1789646668411513856,1789646678411513856,Total Output Tokens,tokens,avg,44.00
21,1789646668411513856,1789646678411513856,Total Reasoning Tokens,tokens,avg,32724.00
21,1789646668411513856,1789646678411513856,Total Token Throughput,tokens/sec,avg,10361.60
21,1789646668411513856,1789646678411513856,Total Usage Completion Tokens,tokens,avg,32768.00
21,1789646668411513856,1789646678411513856,Total Usage Prompt Cache Read Tokens,tokens,avg,65536.00
21,1789646668411513856,1789646678411513856,Total Usage Prompt Tokens,tokens,avg,70848.00
21,1789646668411513856,1789646678411513856,Total Usage Reasoning Tokens,tokens,avg,32724.00
21,1789646668411513856,1789646678411513856,Total Usage Total Tokens,tokens,avg,103616.00
21,1789646668411513856,1789646678411513856,Usage Completion Tokens,tokens,avg,512.00
21,1789646668411513856,1789646678411513856,Usage Completion Tokens,tokens,min,512.00
21,1789646668411513856,1789646678411513856,Usage Completion Tokens,tokens,max,512.00
21,1789646668411513856,1789646678411513856,Usage Completion Tokens,tokens,sum,32768.00
21,1789646668411513856,1789646678411513856,Usage Completion Tokens,tokens,p1,512.00
21,1789646668411513856,1789646678411513856,Usage Completion Tokens,tokens,p5,512.00
21,1789646668411513856,1789646678411513856,Usage Completion Tokens,tokens,p10,512.00
21,1789646668411513856,1789646678411513856,Usage Completion Tokens,tokens,p25,512.00
21,1789646668411513856,1789646678411513856,Usage Completion Tokens,tokens,p50,512.00
21,1789646668411513856,1789646678411513856,Usage Completion Tokens,tokens,p75,512.00
21,1789646668411513856,1789646678411513856,Usage Completion Tokens,tokens,p90,512.00
21,1789646668411513856,1789646678411513856,Usage Completion Tokens,tokens,p95,512.00
21,1789646668411513856,1789646678411513856,Usage Completion Tokens,tokens,p99,512.00
21,1789646668411513856,1789646678411513856,Usage Completion Tokens,tokens,std,0.00
21,1789646668411513856,1789646678411513856,Usage Prompt Cache Read Tokens,tokens,avg,1024.00
21,1789646668411513856,1789646678411513856,Usage Prompt Cache Read Tokens,tokens,min,1024.00
21,1789646668411513856,1789646678411513856,Usage Prompt Cache Read Tokens,tokens,max,1024.00
21,1789646668411513856,1789646678411513856,Usage Prompt Cache Read Tokens,tokens,sum,65536.00
21,1789646668411513856,1789646678411513856,Usage Prompt Cache Read Tokens,tokens,p1,1024.00
21,1789646668411513856,1789646678411513856,Usage Prompt Cache Read Tokens,tokens,p5,1024.00
21,1789646668411513856,1789646678411513856,Usage Prompt Cache Read Tokens,tokens,p10,1024.00
21,1789646668411513856,1789646678411513856,Usage Prompt Cache Read Tokens,tokens,p25,1024.00
21,1789646668411513856,1789646678411513856,Usage Prompt Cache Read Tokens,tokens,p50,1024.00
21,1789646668411513856,1789646678411513856,Usage Prompt Cache Read Tokens,tokens,p75,1024.00
21,1789646668411513856,1789646678411513856,Usage Prompt Cache Read Tokens,tokens,p90,1024.00
21,1789646668411513856,1789646678411513856,Usage Prompt Cache Read Tokens,tokens,p95,1024.00
21,1789646668411513856,1789646678411513856,Usage Prompt Cache Read Tokens,tokens,p99,1024.00
21,1789646668411513856,1789646678411513856,Usage Prompt Cache Read Tokens,tokens,std,0.00
21,1789646668411513856,1789646678411513856,Usage Prompt Tokens,tokens,avg,1107.00
21,1789646668411513856,1789646678411513856,Usage Prompt Tokens,tokens,min,1107.00
21,1789646668411513856,1789646678411513856,Usage Prompt Tokens,tokens,max,1107.00
21,1789646668411513856,1789646678411513856,Usage Prompt Tokens,tokens,sum,70848.00
21,1789646668411513856,1789646678411513856,Usage Prompt Tokens,tokens,p1,1107.00
21,1789646668411513856,1789646678411513856,Usage Prompt Tokens,tokens,p5,1107.00
21,1789646668411513856,1789646678411513856,Usage Prompt Tokens,tokens,p10,1107.00
21,1789646668411513856,1789646678411513856,Usage Prompt Tokens,tokens,p25,1107.00
21,1789646668411513856,1789646678411513856,Usage Prompt Tokens,tokens,p50,1107.00
21,1789646668411513856,1789646678411513856,Usage Prompt Tokens,tokens,p75,1107.00
21,1789646668411513856,1789646678411513856,Usage Prompt Tokens,tokens,p90,1107.00
21,1789646668411513856,1789646678411513856,Usage Prompt Tokens,tokens,p95,1107.00
21,1789646668411513856,1789646678411513856,Usage Prompt Tokens,tokens,p99,1107.00
21,1789646668411513856,1789646678411513856,Usage Prompt Tokens,tokens,std,0.00
21,1789646668411513856,1789646678411513856,Usage Reasoning Tokens,tokens,avg,511.31
21,1789646668411513856,1789646678411513856,Usage Reasoning Tokens,tokens,min,468.00
21,1789646668411513856,1789646678411513856,Usage Reasoning Tokens,tokens,max,512.00
21,1789646668411513856,1789646678411513856,Usage Reasoning Tokens,tokens,sum,32724.00
21,1789646668411513856,1789646678411513856,Usage Reasoning Tokens,tokens,p1,495.72
21,1789646668411513856,1789646678411513856,Usage Reasoning Tokens,tokens,p5,512.00
21,1789646668411513856,1789646678411513856,Usage Reasoning Tokens,tokens,p10,512.00
21,1789646668411513856,1789646678411513856,Usage Reasoning Tokens,tokens,p25,512.00
21,1789646668411513856,1789646678411513856,Usage Reasoning Tokens,tokens,p50,512.00
21,1789646668411513856,1789646678411513856,Usage Reasoning Tokens,tokens,p75,512.00
21,1789646668411513856,1789646678411513856,Usage Reasoning Tokens,tokens,p90,512.00
21,1789646668411513856,1789646678411513856,Usage Reasoning Tokens,tokens,p95,512.00
21,1789646668411513856,1789646678411513856,Usage Reasoning Tokens,tokens,p99,512.00
21,1789646668411513856,1789646678411513856,Usage Reasoning Tokens,tokens,std,5.46
21,1789646668411513856,1789646678411513856,Usage Total Tokens,tokens,avg,1619.00
21,1789646668411513856,1789646678411513856,Usage Total Tokens,tokens,min,1619.00
21,1789646668411513856,1789646678411513856,Usage Total Tokens,tokens,max,1619.00
21,1789646668411513856,1789646678411513856,Usage Total Tokens,tokens,sum,103616.00
21,1789646668411513856,1789646678411513856,Usage Total Tokens,tokens,p1,1619.00
21,1789646668411513856,1789646678411513856,Usage Total Tokens,tokens,p5,1619.00
21,1789646668411513856,1789646678411513856,Usage Total Tokens,tokens,p10,1619.00
21,1789646668411513856,1789646678411513856,Usage Total Tokens,tokens,p25,1619.00
21,1789646668411513856,1789646678411513856,Usage Total Tokens,tokens,p50,1619.00
21,1789646668411513856,1789646678411513856,Usage Total Tokens,tokens,p75,1619.00
21,1789646668411513856,1789646678411513856,Usage Total Tokens,tokens,p90,1619.00
21,1789646668411513856,1789646678411513856,Usage Total Tokens,tokens,p95,1619.00
21,1789646668411513856,1789646678411513856,Usage Total Tokens,tokens,p99,1619.00
21,1789646668411513856,1789646678411513856,Usage Total Tokens,tokens,std,0.00
22,1789646678411513856,1789646688411513856,Active Decode Throughput,tokens/sec,avg,2080.08
22,1789646678411513856,1789646688411513856,Active Decode Throughput,tokens/sec,min,7.49
22,1789646678411513856,1789646688411513856,Active Decode Throughput,tokens/sec,max,10193.70
22,1789646678411513856,1789646688411513856,Active Decode Throughput,tokens/sec,p50,2158.70
22,1789646678411513856,1789646688411513856,Active Decode Throughput,tokens/sec,p90,2290.16
22,1789646678411513856,1789646688411513856,Active Decode Throughput,tokens/sec,p95,2356.55
22,1789646678411513856,1789646688411513856,Active Decode Throughput,tokens/sec,p99,3074.16
22,1789646678411513856,1789646688411513856,Active Decode Throughput,tokens/sec,std,521.54
22,1789646678411513856,1789646688411513856,Active Decode Throughput Per User,tokens/sec/user,avg,65.33
22,1789646678411513856,1789646688411513856,Active Decode Throughput Per User,tokens/sec/user,min,6.35
22,1789646678411513856,1789646688411513856,Active Decode Throughput Per User,tokens/sec/user,max,340.11
22,1789646678411513856,1789646688411513856,Active Decode Throughput Per User,tokens/sec/user,p50,67.46
22,1789646678411513856,1789646688411513856,Active Decode Throughput Per User,tokens/sec/user,p90,71.57
22,1789646678411513856,1789646688411513856,Active Decode Throughput Per User,tokens/sec/user,p95,73.64
22,1789646678411513856,1789646688411513856,Active Decode Throughput Per User,tokens/sec/user,p99,96.07
22,1789646678411513856,1789646688411513856,Active Decode Throughput Per User,tokens/sec/user,std,15.26
22,1789646678411513856,1789646688411513856,Active Prefill Throughput,tokens/sec,avg,66549.35
22,1789646678411513856,1789646688411513856,Active Prefill Throughput,tokens/sec,min,3589.54
22,1789646678411513856,1789646688411513856,Active Prefill Throughput,tokens/sec,max,82158.48
22,1789646678411513856,1789646688411513856,Active Prefill Throughput,tokens/sec,p50,76400.91
22,1789646678411513856,1789646688411513856,Active Prefill Throughput,tokens/sec,p90,82158.48
22,1789646678411513856,1789646688411513856,Active Prefill Throughput,tokens/sec,p95,82158.48
22,1789646678411513856,1789646688411513856,Active Prefill Throughput,tokens/sec,p99,82158.48
22,1789646678411513856,1789646688411513856,Active Prefill Throughput,tokens/sec,std,18877.01
22,1789646678411513856,1789646688411513856,Active Prefill Throughput Per User,tokens/sec/user,avg,2726.12
22,1789646678411513856,1789646688411513856,Active Prefill Throughput Per User,tokens/sec/user,min,2498.52
22,1789646678411513856,1789646688411513856,Active Prefill Throughput Per User,tokens/sec/user,max,5015.47
22,1789646678411513856,1789646688411513856,Active Prefill Throughput Per User,tokens/sec/user,p50,2634.51
22,1789646678411513856,1789646688411513856,Active Prefill Throughput Per User,tokens/sec/user,p90,3300.88
22,1789646678411513856,1789646688411513856,Active Prefill Throughput Per User,tokens/sec/user,p95,3300.88
22,1789646678411513856,1789646688411513856,Active Prefill Throughput Per User,tokens/sec/user,p99,5015.47
22,1789646678411513856,1789646688411513856,Active Prefill Throughput Per User,tokens/sec/user,std,457.04
22,1789646678411513856,1789646688411513856,Active Total Throughput,tokens/sec,avg,5615.13
22,1789646678411513856,1789646688411513856,Active Total Throughput,tokens/sec,min,2093.26
22,1789646678411513856,1789646688411513856,Active Total Throughput,tokens/sec,max,82224.54
22,1789646678411513856,1789646688411513856,Active Total Throughput,tokens/sec,p50,2158.98
22,1789646678411513856,1789646688411513856,Active Total Throughput,tokens/sec,p90,2179.82
22,1789646678411513856,1789646688411513856,Active Total Throughput,tokens/sec,p95,31265.95
22,1789646678411513856,1789646688411513856,Active Total Throughput,tokens/sec,p99,82224.54
22,1789646678411513856,1789646688411513856,Active Total Throughput,tokens/sec,std,15157.94
22,1789646678411513856,1789646688411513856,Benchmark Duration,sec,avg,7.99
22,1789646678411513856,1789646688411513856,Decode Duration,ms,avg,7502.24
22,1789646678411513856,1789646688411513856,Decode Duration,ms,min,7458.59
22,1789646678411513856,1789646688411513856,Decode Duration,ms,max,7734.95
22,1789646678411513856,1789646688411513856,Decode Duration,ms,sum,240071.65
22,1789646678411513856,1789646688411513856,Decode Duration,ms,p1,7458.61
22,1789646678411513856,1789646688411513856,Decode Duration,ms,p5,7458.70
22,1789646678411513856,1789646688411513856,Decode Duration,ms,p10,7459.01
22,1789646678411513856,1789646688411513856,Decode Duration,ms,p25,7459.05
22,1789646678411513856,1789646688411513856,Decode Duration,ms,p50,7459.09
22,1789646678411513856,1789646688411513856,Decode Duration,ms,p75,7597.33
22,1789646678411513856,1789646688411513856,Decode Duration,ms,p90,7597.42
22,1789646678411513856,1789646688411513856,Decode Duration,ms,p95,7597.44
22,1789646678411513856,1789646688411513856,Decode Duration,ms,p99,7692.33
22,1789646678411513856,1789646688411513856,Decode Duration,ms,std,72.79
22,1789646678411513856,1789646688411513856,E2E Output Token Throughput,tokens/sec/user,avg,64.62
22,1789646678411513856,1789646688411513856,E2E Output Token Throughput,tokens/sec/user,min,64.35
22,1789646678411513856,1789646688411513856,E2E Output Token Throughput,tokens/sec/user,max,65.92
22,1789646678411513856,1789646688411513856,E2E Output Token Throughput,tokens/sec/user,sum,2067.72
22,1789646678411513856,1789646688411513856,E2E Output Token Throughput,tokens/sec/user,p1,64.35
22,1789646678411513856,1789646688411513856,E2E Output Token Throughput,tokens/sec/user,p5,64.35
22,1789646678411513856,1789646688411513856,E2E Output Token Throughput,tokens/sec/user,p10,64.35
22,1789646678411513856,1789646688411513856,E2E Output Token Throughput,tokens/sec/user,p25,64.36
22,1789646678411513856,1789646688411513856,E2E Output Token Throughput,tokens/sec/user,p50,64.54
22,1789646678411513856,1789646688411513856,E2E Output Token Throughput,tokens/sec/user,p75,64.54
22,1789646678411513856,1789646688411513856,E2E Output Token Throughput,tokens/sec/user,p90,64.54
22,1789646678411513856,1789646688411513856,E2E Output Token Throughput,tokens/sec/user,p95,65.92
22,1789646678411513856,1789646688411513856,E2E Output Token Throughput,tokens/sec/user,p99,65.92
22,1789646678411513856,1789646688411513856,E2E Output Token Throughput,tokens/sec/user,std,0.43
22,1789646678411513856,1789646688411513856,Effective Concurrency,requests,avg,31.99
22,1789646678411513856,1789646688411513856,Effective Concurrency,requests,min,12.00
22,1789646678411513856,1789646688411513856,Effective Concurrency,requests,max,32.00
22,1789646678411513856,1789646688411513856,Effective Concurrency,requests,p50,32.00
22,1789646678411513856,1789646688411513856,Effective Concurrency,requests,p90,32.00
22,1789646678411513856,1789646688411513856,Effective Concurrency,requests,p95,32.00
22,1789646678411513856,1789646688411513856,Effective Concurrency,requests,p99,32.00
22,1789646678411513856,1789646688411513856,Effective Concurrency,requests,std,0.38
22,1789646678411513856,1789646688411513856,Effective Decode Concurrency,requests,avg,30.64
22,1789646678411513856,1789646688411513856,Effective Decode Concurrency,requests,min,1.00
22,1789646678411513856,1789646688411513856,Effective Decode Concurrency,requests,max,32.00
22,1789646678411513856,1789646688411513856,Effective Decode Concurrency,requests,p50,32.00
22,1789646678411513856,1789646688411513856,Effective Decode Concurrency,requests,p90,32.00
22,1789646678411513856,1789646688411513856,Effective Decode Concurrency,requests,p95,32.00
22,1789646678411513856,1789646688411513856,Effective Decode Concurrency,requests,p99,32.00
22,1789646678411513856,1789646688411513856,Effective Decode Concurrency,requests,std,5.97
22,1789646678411513856,1789646688411513856,Effective Decode Throughput,tokens/sec,avg,2080.08
22,1789646678411513856,1789646688411513856,Effective Decode Throughput,tokens/sec,min,7.49
22,1789646678411513856,1789646688411513856,Effective Decode Throughput,tokens/sec,max,10193.70
22,1789646678411513856,1789646688411513856,Effective Decode Throughput,tokens/sec,p50,2158.70
22,1789646678411513856,1789646688411513856,Effective Decode Throughput,tokens/sec,p90,2290.16
22,1789646678411513856,1789646688411513856,Effective Decode Throughput,tokens/sec,p95,2356.55
22,1789646678411513856,1789646688411513856,Effective Decode Throughput,tokens/sec,p99,3074.16
22,1789646678411513856,1789646688411513856,Effective Decode Throughput,tokens/sec,std,521.54
22,1789646678411513856,1789646688411513856,Effective Decode Throughput Per User,tokens/sec/user,avg,65.33
22,1789646678411513856,1789646688411513856,Effective Decode Throughput Per User,tokens/sec/user,min,6.35
22,1789646678411513856,1789646688411513856,Effective Decode Throughput Per User,tokens/sec/user,max,340.11
22,1789646678411513856,1789646688411513856,Effective Decode Throughput Per User,tokens/sec/user,p50,67.46
22,1789646678411513856,1789646688411513856,Effective Decode Throughput Per User,tokens/sec/user,p90,71.57
22,1789646678411513856,1789646688411513856,Effective Decode Throughput Per User,tokens/sec/user,p95,73.64
22,1789646678411513856,1789646688411513856,Effective Decode Throughput Per User,tokens/sec/user,p99,96.07
22,1789646678411513856,1789646688411513856,Effective Decode Throughput Per User,tokens/sec/user,std,15.26
22,1789646678411513856,1789646688411513856,Effective Prefill Concurrency,requests,avg,1.35
22,1789646678411513856,1789646688411513856,Effective Prefill Concurrency,requests,min,0.00
22,1789646678411513856,1789646688411513856,Effective Prefill Concurrency,requests,max,31.00
22,1789646678411513856,1789646688411513856,Effective Prefill Concurrency,requests,p50,0.00
22,1789646678411513856,1789646688411513856,Effective Prefill Concurrency,requests,p90,0.00
22,1789646678411513856,1789646688411513856,Effective Prefill Concurrency,requests,p95,9.00
22,1789646678411513856,1789646688411513856,Effective Prefill Concurrency,requests,p99,31.00
22,1789646678411513856,1789646688411513856,Effective Prefill Concurrency,requests,std,5.95
22,1789646678411513856,1789646688411513856,Effective Prefill Throughput,tokens/sec,avg,3542.40
22,1789646678411513856,1789646688411513856,Effective Prefill Throughput,tokens/sec,min,0.00
22,1789646678411513856,1789646688411513856,Effective Prefill Throughput,tokens/sec,max,82158.48
22,1789646678411513856,1789646688411513856,Effective Prefill Throughput,tokens/sec,p50,0.00
22,1789646678411513856,1789646688411513856,Effective Prefill Throughput,tokens/sec,p90,0.00
22,1789646678411513856,1789646688411513856,Effective Prefill Throughput,tokens/sec,p95,29707.93
22,1789646678411513856,1789646688411513856,Effective Prefill Throughput,tokens/sec,p99,82158.48
22,1789646678411513856,1789646688411513856,Effective Prefill Throughput,tokens/sec,std,15561.61
22,1789646678411513856,1789646688411513856,Effective Prefill Throughput Per User,tokens/sec/user,avg,145.11
22,1789646678411513856,1789646688411513856,Effective Prefill Throughput Per User,tokens/sec/user,min,0.00
22,1789646678411513856,1789646688411513856,Effective Prefill Throughput Per User,tokens/sec/user,max,5015.47
22,1789646678411513856,1789646688411513856,Effective Prefill Throughput Per User,tokens/sec/user,p50,0.00
22,1789646678411513856,1789646688411513856,Effective Prefill Throughput Per User,tokens/sec/user,p90,0.00
22,1789646678411513856,1789646688411513856,Effective Prefill Throughput Per User,tokens/sec/user,p95,2498.52
22,1789646678411513856,1789646688411513856,Effective Prefill Throughput Per User,tokens/sec/user,p99,2650.27
22,1789646678411513856,1789646688411513856,Effective Prefill Throughput Per User,tokens/sec/user,std,621.01
22,1789646678411513856,1789646688411513856,Effective Total Throughput,tokens/sec,avg,5615.13
22,1789646678411513856,1789646688411513856,Effective Total Throughput,tokens/sec,min,2093.26
22,1789646678411513856,1789646688411513856,Effective Total Throughput,tokens/sec,max,82224.54
22,1789646678411513856,1789646688411513856,Effective Total Throughput,tokens/sec,p50,2158.98
22,1789646678411513856,1789646688411513856,Effective Total Throughput,tokens/sec,p90,2179.82
22,1789646678411513856,1789646688411513856,Effective Total Throughput,tokens/sec,p95,31265.95
22,1789646678411513856,1789646688411513856,Effective Total Throughput,tokens/sec,p99,82224.54
22,1789646678411513856,1789646688411513856,Effective Total Throughput,tokens/sec,std,15157.94
22,1789646678411513856,1789646688411513856,HTTP Blocked,ms,avg,0.00
22,1789646678411513856,1789646688411513856,HTTP Blocked,ms,min,0.00
22,1789646678411513856,1789646688411513856,HTTP Blocked,ms,max,0.00
22,1789646678411513856,1789646688411513856,HTTP Blocked,ms,sum,0.00
22,1789646678411513856,1789646688411513856,HTTP Blocked,ms,p1,0.00
22,1789646678411513856,1789646688411513856,HTTP Blocked,ms,p5,0.00
22,1789646678411513856,1789646688411513856,HTTP Blocked,ms,p10,0.00
22,1789646678411513856,1789646688411513856,HTTP Blocked,ms,p25,0.00
22,1789646678411513856,1789646688411513856,HTTP Blocked,ms,p50,0.00
22,1789646678411513856,1789646688411513856,HTTP Blocked,ms,p75,0.00
22,1789646678411513856,1789646688411513856,HTTP Blocked,ms,p90,0.00
22,1789646678411513856,1789646688411513856,HTTP Blocked,ms,p95,0.00
22,1789646678411513856,1789646688411513856,HTTP Blocked,ms,p99,0.00
22,1789646678411513856,1789646688411513856,HTTP Blocked,ms,std,0.00
22,1789646678411513856,1789646688411513856,HTTP Chunks Received,count,avg,469.47
22,1789646678411513856,1789646688411513856,HTTP Chunks Received,count,min,440.00
22,1789646678411513856,1789646688411513856,HTTP Chunks Received,count,max,499.00
22,1789646678411513856,1789646688411513856,HTTP Chunks Received,count,sum,15023.00
22,1789646678411513856,1789646688411513856,HTTP Chunks Received,count,p1,440.31
22,1789646678411513856,1789646688411513856,HTTP Chunks Received,count,p5,442.10
22,1789646678411513856,1789646688411513856,HTTP Chunks Received,count,p10,447.00
22,1789646678411513856,1789646688411513856,HTTP Chunks Received,count,p25,460.25
22,1789646678411513856,1789646688411513856,HTTP Chunks Received,count,p50,471.00
22,1789646678411513856,1789646688411513856,HTTP Chunks Received,count,p75,477.00
22,1789646678411513856,1789646688411513856,HTTP Chunks Received,count,p90,492.80
22,1789646678411513856,1789646688411513856,HTTP Chunks Received,count,p95,495.80
22,1789646678411513856,1789646688411513856,HTTP Chunks Received,count,p99,498.69
22,1789646678411513856,1789646688411513856,HTTP Chunks Received,count,std,15.83
22,1789646678411513856,1789646688411513856,HTTP Chunks Sent,count,avg,1.00
22,1789646678411513856,1789646688411513856,HTTP Chunks Sent,count,min,1.00
22,1789646678411513856,1789646688411513856,HTTP Chunks Sent,count,max,1.00
22,1789646678411513856,1789646688411513856,HTTP Chunks Sent,count,sum,32.00
22,1789646678411513856,1789646688411513856,HTTP Chunks Sent,count,p1,1.00
22,1789646678411513856,1789646688411513856,HTTP Chunks Sent,count,p5,1.00
22,1789646678411513856,1789646688411513856,HTTP Chunks Sent,count,p10,1.00
22,1789646678411513856,1789646688411513856,HTTP Chunks Sent,count,p25,1.00
22,1789646678411513856,1789646688411513856,HTTP Chunks Sent,count,p50,1.00
22,1789646678411513856,1789646688411513856,HTTP Chunks Sent,count,p75,1.00
22,1789646678411513856,1789646688411513856,HTTP Chunks Sent,count,p90,1.00
22,1789646678411513856,1789646688411513856,HTTP Chunks Sent,count,p95,1.00
22,1789646678411513856,1789646688411513856,HTTP Chunks Sent,count,p99,1.00
22,1789646678411513856,1789646688411513856,HTTP Chunks Sent,count,std,0.00
22,1789646678411513856,1789646688411513856,HTTP Connecting,ms,avg,0.00
22,1789646678411513856,1789646688411513856,HTTP Connecting,ms,min,0.00
22,1789646678411513856,1789646688411513856,HTTP Connecting,ms,max,0.00
22,1789646678411513856,1789646688411513856,HTTP Connecting,ms,sum,0.00
22,1789646678411513856,1789646688411513856,HTTP Connecting,ms,p1,0.00
22,1789646678411513856,1789646688411513856,HTTP Connecting,ms,p5,0.00
22,1789646678411513856,1789646688411513856,HTTP Connecting,ms,p10,0.00
22,1789646678411513856,1789646688411513856,HTTP Connecting,ms,p25,0.00
22,1789646678411513856,1789646688411513856,HTTP Connecting,ms,p50,0.00
22,1789646678411513856,1789646688411513856,HTTP Connecting,ms,p75,0.00
22,1789646678411513856,1789646688411513856,HTTP Connecting,ms,p90,0.00
22,1789646678411513856,1789646688411513856,HTTP Connecting,ms,p95,0.00
22,1789646678411513856,1789646688411513856,HTTP Connecting,ms,p99,0.00
22,1789646678411513856,1789646688411513856,HTTP Connecting,ms,std,0.00
22,1789646678411513856,1789646688411513856,HTTP Connection Overhead,ms,avg,0.00
22,1789646678411513856,1789646688411513856,HTTP Connection Overhead,ms,min,0.00
22,1789646678411513856,1789646688411513856,HTTP Connection Overhead,ms,max,0.00
22,1789646678411513856,1789646688411513856,HTTP Connection Overhead,ms,sum,0.00
22,1789646678411513856,1789646688411513856,HTTP Connection Overhead,ms,p1,0.00
22,1789646678411513856,1789646688411513856,HTTP Connection Overhead,ms,p5,0.00
22,1789646678411513856,1789646688411513856,HTTP Connection Overhead,ms,p10,0.00
22,1789646678411513856,1789646688411513856,HTTP Connection Overhead,ms,p25,0.00
22,1789646678411513856,1789646688411513856,HTTP Connection Overhead,ms,p50,0.00
22,1789646678411513856,1789646688411513856,HTTP Connection Overhead,ms,p75,0.00
22,1789646678411513856,1789646688411513856,HTTP Connection Overhead,ms,p90,0.00
22,1789646678411513856,1789646688411513856,HTTP Connection Overhead,ms,p95,0.00
22,1789646678411513856,1789646688411513856,HTTP Connection Overhead,ms,p99,0.00
22,1789646678411513856,1789646688411513856,HTTP Connection Overhead,ms,std,0.00
22,1789646678411513856,1789646688411513856,HTTP Connection Reused,ratio,avg,1.00
22,1789646678411513856,1789646688411513856,HTTP Connection Reused,ratio,min,1.00
22,1789646678411513856,1789646688411513856,HTTP Connection Reused,ratio,max,1.00
22,1789646678411513856,1789646688411513856,HTTP Connection Reused,ratio,sum,32.00
22,1789646678411513856,1789646688411513856,HTTP Connection Reused,ratio,p1,1.00
22,1789646678411513856,1789646688411513856,HTTP Connection Reused,ratio,p5,1.00
22,1789646678411513856,1789646688411513856,HTTP Connection Reused,ratio,p10,1.00
22,1789646678411513856,1789646688411513856,HTTP Connection Reused,ratio,p25,1.00
22,1789646678411513856,1789646688411513856,HTTP Connection Reused,ratio,p50,1.00
22,1789646678411513856,1789646688411513856,HTTP Connection Reused,ratio,p75,1.00
22,1789646678411513856,1789646688411513856,HTTP Connection Reused,ratio,p90,1.00
22,1789646678411513856,1789646688411513856,HTTP Connection Reused,ratio,p95,1.00
22,1789646678411513856,1789646688411513856,HTTP Connection Reused,ratio,p99,1.00
22,1789646678411513856,1789646688411513856,HTTP Connection Reused,ratio,std,0.00
22,1789646678411513856,1789646688411513856,HTTP Data Received,KB,avg,125.19
22,1789646678411513856,1789646688411513856,HTTP Data Received,KB,min,117.36
22,1789646678411513856,1789646688411513856,HTTP Data Received,KB,max,132.93
22,1789646678411513856,1789646688411513856,HTTP Data Received,KB,sum,4006.12
22,1789646678411513856,1789646688411513856,HTTP Data Received,KB,p1,117.43
22,1789646678411513856,1789646688411513856,HTTP Data Received,KB,p5,117.87
22,1789646678411513856,1789646688411513856,HTTP Data Received,KB,p10,119.30
22,1789646678411513856,1789646688411513856,HTTP Data Received,KB,p25,122.69
22,1789646678411513856,1789646688411513856,HTTP Data Received,KB,p50,125.71
22,1789646678411513856,1789646688411513856,HTTP Data Received,KB,p75,127.16
22,1789646678411513856,1789646688411513856,HTTP Data Received,KB,p90,131.25
22,1789646678411513856,1789646688411513856,HTTP Data Received,KB,p95,132.03
22,1789646678411513856,1789646688411513856,HTTP Data Received,KB,p99,132.85
22,1789646678411513856,1789646688411513856,HTTP Data Received,KB,std,4.17
22,1789646678411513856,1789646688411513856,HTTP Data Sent,KB,avg,4.52
22,1789646678411513856,1789646688411513856,HTTP Data Sent,KB,min,3.99
22,1789646678411513856,1789646688411513856,HTTP Data Sent,KB,max,4.85
22,1789646678411513856,1789646688411513856,HTTP Data Sent,KB,sum,144.72
22,1789646678411513856,1789646688411513856,HTTP Data Sent,KB,p1,4.05
22,1789646678411513856,1789646688411513856,HTTP Data Sent,KB,p5,4.20
22,1789646678411513856,1789646688411513856,HTTP Data Sent,KB,p10,4.25
22,1789646678411513856,1789646688411513856,HTTP Data Sent,KB,p25,4.43
22,1789646678411513856,1789646688411513856,HTTP Data Sent,KB,p50,4.56
22,1789646678411513856,1789646688411513856,HTTP Data Sent,KB,p75,4.65
22,1789646678411513856,1789646688411513856,HTTP Data Sent,KB,p90,4.72
22,1789646678411513856,1789646688411513856,HTTP Data Sent,KB,p95,4.82
22,1789646678411513856,1789646688411513856,HTTP Data Sent,KB,p99,4.84
22,1789646678411513856,1789646688411513856,HTTP Data Sent,KB,std,0.20
22,1789646678411513856,1789646688411513856,HTTP DNS Lookup,ms,avg,0.00
22,1789646678411513856,1789646688411513856,HTTP DNS Lookup,ms,min,0.00
22,1789646678411513856,1789646688411513856,HTTP DNS Lookup,ms,max,0.00
22,1789646678411513856,1789646688411513856,HTTP DNS Lookup,ms,sum,0.00
22,1789646678411513856,1789646688411513856,HTTP DNS Lookup,ms,p1,0.00
22,1789646678411513856,1789646688411513856,HTTP DNS Lookup,ms,p5,0.00
22,1789646678411513856,1789646688411513856,HTTP DNS Lookup,ms,p10,0.00
22,1789646678411513856,1789646688411513856,HTTP DNS Lookup,ms,p25,0.00
22,1789646678411513856,1789646688411513856,HTTP DNS Lookup,ms,p50,0.00
22,1789646678411513856,1789646688411513856,HTTP DNS Lookup,ms,p75,0.00
22,1789646678411513856,1789646688411513856,HTTP DNS Lookup,ms,p90,0.00
22,1789646678411513856,1789646688411513856,HTTP DNS Lookup,ms,p95,0.00
22,1789646678411513856,1789646688411513856,HTTP DNS Lookup,ms,p99,0.00
22,1789646678411513856,1789646688411513856,HTTP DNS Lookup,ms,std,0.00
22,1789646678411513856,1789646688411513856,HTTP Duration (excl. conn),ms,avg,7923.99
22,1789646678411513856,1789646688411513856,HTTP Duration (excl. conn),ms,min,7766.76
22,1789646678411513856,1789646688411513856,HTTP Duration (excl. conn),ms,max,7956.08
22,1789646678411513856,1789646688411513856,HTTP Duration (excl. conn),ms,sum,253567.74
22,1789646678411513856,1789646688411513856,HTTP Duration (excl. conn),ms,p1,7766.81
22,1789646678411513856,1789646688411513856,HTTP Duration (excl. conn),ms,p5,7766.93
22,1789646678411513856,1789646688411513856,HTTP Duration (excl. conn),ms,p10,7933.07
22,1789646678411513856,1789646688411513856,HTTP Duration (excl. conn),ms,p25,7933.13
22,1789646678411513856,1789646688411513856,HTTP Duration (excl. conn),ms,p50,7933.22
22,1789646678411513856,1789646688411513856,HTTP Duration (excl. conn),ms,p75,7955.67
22,1789646678411513856,1789646688411513856,HTTP Duration (excl. conn),ms,p90,7956.02
22,1789646678411513856,1789646688411513856,HTTP Duration (excl. conn),ms,p95,7956.05
22,1789646678411513856,1789646688411513856,HTTP Duration (excl. conn),ms,p99,7956.07
22,1789646678411513856,1789646688411513856,HTTP Duration (excl. conn),ms,std,51.52
22,1789646678411513856,1789646688411513856,HTTP Receiving,ms,avg,7502.24
22,1789646678411513856,1789646688411513856,HTTP Receiving,ms,min,7458.59
22,1789646678411513856,1789646688411513856,HTTP Receiving,ms,max,7734.96
22,1789646678411513856,1789646688411513856,HTTP Receiving,ms,sum,240071.75
22,1789646678411513856,1789646688411513856,HTTP Receiving,ms,p1,7458.61
22,1789646678411513856,1789646688411513856,HTTP Receiving,ms,p5,7458.70
22,1789646678411513856,1789646688411513856,HTTP Receiving,ms,p10,7459.02
22,1789646678411513856,1789646688411513856,HTTP Receiving,ms,p25,7459.05
22,1789646678411513856,1789646688411513856,HTTP Receiving,ms,p50,7459.10
22,1789646678411513856,1789646688411513856,HTTP Receiving,ms,p75,7597.34
22,1789646678411513856,1789646688411513856,HTTP Receiving,ms,p90,7597.42
22,1789646678411513856,1789646688411513856,HTTP Receiving,ms,p95,7597.45
22,1789646678411513856,1789646688411513856,HTTP Receiving,ms,p99,7692.33
22,1789646678411513856,1789646688411513856,HTTP Receiving,ms,std,72.79
22,1789646678411513856,1789646688411513856,HTTP Sending,ms,avg,0.13
22,1789646678411513856,1789646688411513856,HTTP Sending,ms,min,0.12
22,1789646678411513856,1789646688411513856,HTTP Sending,ms,max,0.15
22,1789646678411513856,1789646688411513856,HTTP Sending,ms,sum,4.29
22,1789646678411513856,1789646688411513856,HTTP Sending,ms,p1,0.12
22,1789646678411513856,1789646688411513856,HTTP Sending,ms,p5,0.12
22,1789646678411513856,1789646688411513856,HTTP Sending,ms,p10,0.13
22,1789646678411513856,1789646688411513856,HTTP Sending,ms,p25,0.13
22,1789646678411513856,1789646688411513856,HTTP Sending,ms,p50,0.13
22,1789646678411513856,1789646688411513856,HTTP Sending,ms,p75,0.14
22,1789646678411513856,1789646688411513856,HTTP Sending,ms,p90,0.14
22,1789646678411513856,1789646688411513856,HTTP Sending,ms,p95,0.14
22,1789646678411513856,1789646688411513856,HTTP Sending,ms,p99,0.15
22,1789646678411513856,1789646688411513856,HTTP Sending,ms,std,0.01
22,1789646678411513856,1789646688411513856,HTTP Total Time,ms,avg,7923.99
22,1789646678411513856,1789646688411513856,HTTP Total Time,ms,min,7766.76
22,1789646678411513856,1789646688411513856,HTTP Total Time,ms,max,7956.08
22,1789646678411513856,1789646688411513856,HTTP Total Time,ms,sum,253567.74
22,1789646678411513856,1789646688411513856,HTTP Total Time,ms,p1,7766.81
22,1789646678411513856,1789646688411513856,HTTP Total Time,ms,p5,7766.93
22,1789646678411513856,1789646688411513856,HTTP Total Time,ms,p10,7933.07
22,1789646678411513856,1789646688411513856,HTTP Total Time,ms,p25,7933.13
22,1789646678411513856,1789646688411513856,HTTP Total Time,ms,p50,7933.22
22,1789646678411513856,1789646688411513856,HTTP Total Time,ms,p75,7955.67
22,1789646678411513856,1789646688411513856,HTTP Total Time,ms,p90,7956.02
22,1789646678411513856,1789646688411513856,HTTP Total Time,ms,p95,7956.05
22,1789646678411513856,1789646688411513856,HTTP Total Time,ms,p99,7956.07
22,1789646678411513856,1789646688411513856,HTTP Total Time,ms,std,51.52
22,1789646678411513856,1789646688411513856,HTTP Waiting (TTFB),ms,avg,421.62
22,1789646678411513856,1789646688411513856,HTTP Waiting (TTFB),ms,min,220.54
22,1789646678411513856,1789646688411513856,HTTP Waiting (TTFB),ms,max,474.07
22,1789646678411513856,1789646688411513856,HTTP Waiting (TTFB),ms,sum,13491.70
22,1789646678411513856,1789646688411513856,HTTP Waiting (TTFB),ms,p1,247.61
22,1789646678411513856,1789646688411513856,HTTP Waiting (TTFB),ms,p5,308.04
22,1789646678411513856,1789646688411513856,HTTP Waiting (TTFB),ms,p10,313.22
22,1789646678411513856,1789646688411513856,HTTP Waiting (TTFB),ms,p25,358.47
22,1789646678411513856,1789646688411513856,HTTP Waiting (TTFB),ms,p50,473.88
22,1789646678411513856,1789646688411513856,HTTP Waiting (TTFB),ms,p75,474.00
22,1789646678411513856,1789646688411513856,HTTP Waiting (TTFB),ms,p90,474.04
22,1789646678411513856,1789646688411513856,HTTP Waiting (TTFB),ms,p95,474.06
22,1789646678411513856,1789646688411513856,HTTP Waiting (TTFB),ms,p99,474.07
22,1789646678411513856,1789646688411513856,HTTP Waiting (TTFB),ms,std,71.99
22,1789646678411513856,1789646688411513856,Input Sequence Length,tokens,avg,1107.00
22,1789646678411513856,1789646688411513856,Input Sequence Length,tokens,min,1107.00
22,1789646678411513856,1789646688411513856,Input Sequence Length,tokens,max,1107.00
22,1789646678411513856,1789646688411513856,Input Sequence Length,tokens,sum,35424.00
22,1789646678411513856,1789646688411513856,Input Sequence Length,tokens,p1,1107.00
22,1789646678411513856,1789646688411513856,Input Sequence Length,tokens,p5,1107.00
22,1789646678411513856,1789646688411513856,Input Sequence Length,tokens,p10,1107.00
22,1789646678411513856,1789646688411513856,Input Sequence Length,tokens,p25,1107.00
22,1789646678411513856,1789646688411513856,Input Sequence Length,tokens,p50,1107.00
22,1789646678411513856,1789646688411513856,Input Sequence Length,tokens,p75,1107.00
22,1789646678411513856,1789646688411513856,Input Sequence Length,tokens,p90,1107.00
22,1789646678411513856,1789646688411513856,Input Sequence Length,tokens,p95,1107.00
22,1789646678411513856,1789646688411513856,Input Sequence Length,tokens,p99,1107.00
22,1789646678411513856,1789646688411513856,Input Sequence Length,tokens,std,0.00
22,1789646678411513856,1789646688411513856,Input Token Throughput,tokens/sec,avg,3542.40
22,1789646678411513856,1789646688411513856,Inter Chunk Latency,ms,avg,16.01
22,1789646678411513856,1789646688411513856,Inter Chunk Latency,ms,min,1.39
22,1789646678411513856,1789646688411513856,Inter Chunk Latency,ms,max,157.15
22,1789646678411513856,1789646688411513856,Inter Chunk Latency,ms,sum,240071.65
22,1789646678411513856,1789646688411513856,Inter Chunk Latency,ms,p1,9.03
22,1789646678411513856,1789646688411513856,Inter Chunk Latency,ms,p5,13.03
22,1789646678411513856,1789646688411513856,Inter Chunk Latency,ms,p10,14.04
22,1789646678411513856,1789646688411513856,Inter Chunk Latency,ms,p25,14.55
22,1789646678411513856,1789646688411513856,Inter Chunk Latency,ms,p50,15.00
22,1789646678411513856,1789646688411513856,Inter Chunk Latency,ms,p75,15.32
22,1789646678411513856,1789646688411513856,Inter Chunk Latency,ms,p90,15.85
22,1789646678411513856,1789646688411513856,Inter Chunk Latency,ms,p95,29.57
22,1789646678411513856,1789646688411513856,Inter Chunk Latency,ms,p99,30.82
22,1789646678411513856,1789646688411513856,Inter Chunk Latency,ms,std,5.77
22,1789646678411513856,1789646688411513856,Inter Token Latency,ms,avg,14.68
22,1789646678411513856,1789646688411513856,Inter Token Latency,ms,min,14.60
22,1789646678411513856,1789646688411513856,Inter Token Latency,ms,max,15.14
22,1789646678411513856,1789646688411513856,Inter Token Latency,ms,sum,469.81
22,1789646678411513856,1789646688411513856,Inter Token Latency,ms,p1,14.60
22,1789646678411513856,1789646688411513856,Inter Token Latency,ms,p5,14.60
22,1789646678411513856,1789646688411513856,Inter Token Latency,ms,p10,14.60
22,1789646678411513856,1789646688411513856,Inter Token Latency,ms,p25,14.60
22,1789646678411513856,1789646688411513856,Inter Token Latency,ms,p50,14.60
22,1789646678411513856,1789646688411513856,Inter Token Latency,ms,p75,14.87
22,1789646678411513856,1789646688411513856,Inter Token Latency,ms,p90,14.87
22,1789646678411513856,1789646688411513856,Inter Token Latency,ms,p95,14.87
22,1789646678411513856,1789646688411513856,Inter Token Latency,ms,p99,15.05
22,1789646678411513856,1789646688411513856,Inter Token Latency,ms,std,0.14
22,1789646678411513856,1789646688411513856,OSL Mismatch Count,requests,avg,0.00
22,1789646678411513856,1789646688411513856,OSL Mismatch Diff %,%,avg,0.00
22,1789646678411513856,1789646688411513856,OSL Mismatch Diff %,%,min,0.00
22,1789646678411513856,1789646688411513856,OSL Mismatch Diff %,%,max,0.00
22,1789646678411513856,1789646688411513856,OSL Mismatch Diff %,%,sum,0.00
22,1789646678411513856,1789646688411513856,OSL Mismatch Diff %,%,p1,0.00
22,1789646678411513856,1789646688411513856,OSL Mismatch Diff %,%,p5,0.00
22,1789646678411513856,1789646688411513856,OSL Mismatch Diff %,%,p10,0.00
22,1789646678411513856,1789646688411513856,OSL Mismatch Diff %,%,p25,0.00
22,1789646678411513856,1789646688411513856,OSL Mismatch Diff %,%,p50,0.00
22,1789646678411513856,1789646688411513856,OSL Mismatch Diff %,%,p75,0.00
22,1789646678411513856,1789646688411513856,OSL Mismatch Diff %,%,p90,0.00
22,1789646678411513856,1789646688411513856,OSL Mismatch Diff %,%,p95,0.00
22,1789646678411513856,1789646688411513856,OSL Mismatch Diff %,%,p99,0.00
22,1789646678411513856,1789646688411513856,OSL Mismatch Diff %,%,std,0.00
22,1789646678411513856,1789646688411513856,Output Sequence Length,tokens,avg,512.00
22,1789646678411513856,1789646688411513856,Output Sequence Length,tokens,min,512.00
22,1789646678411513856,1789646688411513856,Output Sequence Length,tokens,max,512.00
22,1789646678411513856,1789646688411513856,Output Sequence Length,tokens,sum,16384.00
22,1789646678411513856,1789646688411513856,Output Sequence Length,tokens,p1,512.00
22,1789646678411513856,1789646688411513856,Output Sequence Length,tokens,p5,512.00
22,1789646678411513856,1789646688411513856,Output Sequence Length,tokens,p10,512.00
22,1789646678411513856,1789646688411513856,Output Sequence Length,tokens,p25,512.00
22,1789646678411513856,1789646688411513856,Output Sequence Length,tokens,p50,512.00
22,1789646678411513856,1789646688411513856,Output Sequence Length,tokens,p75,512.00
22,1789646678411513856,1789646688411513856,Output Sequence Length,tokens,p90,512.00
22,1789646678411513856,1789646688411513856,Output Sequence Length,tokens,p95,512.00
22,1789646678411513856,1789646688411513856,Output Sequence Length,tokens,p99,512.00
22,1789646678411513856,1789646688411513856,Output Sequence Length,tokens,std,0.00
22,1789646678411513856,1789646688411513856,Output Token Throughput,tokens/sec,avg,1638.40
22,1789646678411513856,1789646688411513856,Output Token Throughput Per User,tokens/sec/user,avg,68.12
22,1789646678411513856,1789646688411513856,Output Token Throughput Per User,tokens/sec/user,min,66.06
22,1789646678411513856,1789646688411513856,Output Token Throughput Per User,tokens/sec/user,max,68.51
22,1789646678411513856,1789646688411513856,Output Token Throughput Per User,tokens/sec/user,sum,2179.82
22,1789646678411513856,1789646688411513856,Output Token Throughput Per User,tokens/sec/user,p1,66.43
22,1789646678411513856,1789646688411513856,Output Token Throughput Per User,tokens/sec/user,p5,67.26
22,1789646678411513856,1789646688411513856,Output Token Throughput Per User,tokens/sec/user,p10,67.26
22,1789646678411513856,1789646688411513856,Output Token Throughput Per User,tokens/sec/user,p25,67.26
22,1789646678411513856,1789646688411513856,Output Token Throughput Per User,tokens/sec/user,p50,68.51
22,1789646678411513856,1789646688411513856,Output Token Throughput Per User,tokens/sec/user,p75,68.51
22,1789646678411513856,1789646688411513856,Output Token Throughput Per User,tokens/sec/user,p90,68.51
22,1789646678411513856,1789646688411513856,Output Token Throughput Per User,tokens/sec/user,p95,68.51
22,1789646678411513856,1789646688411513856,Output Token Throughput Per User,tokens/sec/user,p99,68.51
22,1789646678411513856,1789646688411513856,Output Token Throughput Per User,tokens/sec/user,std,0.65
22,1789646678411513856,1789646688411513856,Overall Usage Prompt Cache Read %,%,avg,92.50
22,1789646678411513856,1789646688411513856,Prefill Throughput Per User,tokens/sec/user,avg,2724.19
22,1789646678411513856,1789646688411513856,Prefill Throughput Per User,tokens/sec/user,min,2334.07
22,1789646678411513856,1789646688411513856,Prefill Throughput Per User,tokens/sec/user,max,5015.46
22,1789646678411513856,1789646688411513856,Prefill Throughput Per User,tokens/sec/user,sum,87173.95
22,1789646678411513856,1789646688411513856,Prefill Throughput Per User,tokens/sec/user,p1,2334.11
22,1789646678411513856,1789646688411513856,Prefill Throughput Per User,tokens/sec/user,p5,2334.24
22,1789646678411513856,1789646688411513856,Prefill Throughput Per User,tokens/sec/user,p10,2334.30
22,1789646678411513856,1789646688411513856,Prefill Throughput Per User,tokens/sec/user,p25,2334.50
22,1789646678411513856,1789646688411513856,Prefill Throughput Per User,tokens/sec/user,p50,2335.04
22,1789646678411513856,1789646688411513856,Prefill Throughput Per User,tokens/sec/user,p75,3086.24
22,1789646678411513856,1789646688411513856,Prefill Throughput Per User,tokens/sec/user,p90,3539.38
22,1789646678411513856,1789646688411513856,Prefill Throughput Per User,tokens/sec/user,p95,3591.58
22,1789646678411513856,1789646688411513856,Prefill Throughput Per User,tokens/sec/user,p99,4574.64
22,1789646678411513856,1789646688411513856,Prefill Throughput Per User,tokens/sec/user,std,601.81
22,1789646678411513856,1789646688411513856,Reasoning Token Count,tokens,avg,512.00
22,1789646678411513856,1789646688411513856,Reasoning Token Count,tokens,min,512.00
22,1789646678411513856,1789646688411513856,Reasoning Token Count,tokens,max,512.00
22,1789646678411513856,1789646688411513856,Reasoning Token Count,tokens,sum,16384.00
22,1789646678411513856,1789646688411513856,Reasoning Token Count,tokens,p1,512.00
22,1789646678411513856,1789646688411513856,Reasoning Token Count,tokens,p5,512.00
22,1789646678411513856,1789646688411513856,Reasoning Token Count,tokens,p10,512.00
22,1789646678411513856,1789646688411513856,Reasoning Token Count,tokens,p25,512.00
22,1789646678411513856,1789646688411513856,Reasoning Token Count,tokens,p50,512.00
22,1789646678411513856,1789646688411513856,Reasoning Token Count,tokens,p75,512.00
22,1789646678411513856,1789646688411513856,Reasoning Token Count,tokens,p90,512.00
22,1789646678411513856,1789646688411513856,Reasoning Token Count,tokens,p95,512.00
22,1789646678411513856,1789646688411513856,Reasoning Token Count,tokens,p99,512.00
22,1789646678411513856,1789646688411513856,Reasoning Token Count,tokens,std,0.00
22,1789646678411513856,1789646688411513856,Request Count,requests,avg,32.00
22,1789646678411513856,1789646688411513856,Request Latency,ms,avg,7924.05
22,1789646678411513856,1789646688411513856,Request Latency,ms,min,7766.81
22,1789646678411513856,1789646688411513856,Request Latency,ms,max,7956.14
22,1789646678411513856,1789646688411513856,Request Latency,ms,sum,253569.62
22,1789646678411513856,1789646688411513856,Request Latency,ms,p1,7766.87
22,1789646678411513856,1789646688411513856,Request Latency,ms,p5,7766.99
22,1789646678411513856,1789646688411513856,Request Latency,ms,p10,7933.13
22,1789646678411513856,1789646688411513856,Request Latency,ms,p25,7933.18
22,1789646678411513856,1789646688411513856,Request Latency,ms,p50,7933.28
22,1789646678411513856,1789646688411513856,Request Latency,ms,p75,7955.73
22,1789646678411513856,1789646688411513856,Request Latency,ms,p90,7956.08
22,1789646678411513856,1789646688411513856,Request Latency,ms,p95,7956.11
22,1789646678411513856,1789646688411513856,Request Latency,ms,p99,7956.13
22,1789646678411513856,1789646688411513856,Request Latency,ms,std,51.52
22,1789646678411513856,1789646688411513856,Request Throughput,requests/sec,avg,3.20
22,1789646678411513856,1789646688411513856,Time to First Token,ms,avg,421.81
22,1789646678411513856,1789646688411513856,Time to First Token,ms,min,220.72
22,1789646678411513856,1789646688411513856,Time to First Token,ms,max,474.28
22,1789646678411513856,1789646688411513856,Time to First Token,ms,sum,13497.97
22,1789646678411513856,1789646688411513856,Time to First Token,ms,p1,247.79
22,1789646678411513856,1789646688411513856,Time to First Token,ms,p5,308.22
22,1789646678411513856,1789646688411513856,Time to First Token,ms,p10,313.41
22,1789646678411513856,1789646688411513856,Time to First Token,ms,p25,358.69
22,1789646678411513856,1789646688411513856,Time to First Token,ms,p50,474.08
22,1789646678411513856,1789646688411513856,Time to First Token,ms,p75,474.19
22,1789646678411513856,1789646688411513856,Time to First Token,ms,p90,474.23
22,1789646678411513856,1789646688411513856,Time to First Token,ms,p95,474.24
22,1789646678411513856,1789646688411513856,Time to First Token,ms,p99,474.27
22,1789646678411513856,1789646688411513856,Time to First Token,ms,std,71.99
22,1789646678411513856,1789646688411513856,Time to Second Token,ms,avg,45.28
22,1789646678411513856,1789646688411513856,Time to Second Token,ms,min,1.39
22,1789646678411513856,1789646688411513856,Time to Second Token,ms,max,154.42
22,1789646678411513856,1789646688411513856,Time to Second Token,ms,sum,1449.03
22,1789646678411513856,1789646688411513856,Time to Second Token,ms,p1,1.41
22,1789646678411513856,1789646688411513856,Time to Second Token,ms,p5,1.50
22,1789646678411513856,1789646688411513856,Time to Second Token,ms,p10,2.85
22,1789646678411513856,1789646688411513856,Time to Second Token,ms,p25,2.86
22,1789646678411513856,1789646688411513856,Time to Second Token,ms,p50,2.88
22,1789646678411513856,1789646688411513856,Time to Second Token,ms,p75,154.03
22,1789646678411513856,1789646688411513856,Time to Second Token,ms,p90,154.12
22,1789646678411513856,1789646688411513856,Time to Second Token,ms,p95,154.16
22,1789646678411513856,1789646688411513856,Time to Second Token,ms,p99,154.35
22,1789646678411513856,1789646688411513856,Time to Second Token,ms,std,68.09
22,1789646678411513856,1789646688411513856,Tokens In Flight,tokens,avg,42546.23
22,1789646678411513856,1789646688411513856,Tokens In Flight,tokens,min,14816.78
22,1789646678411513856,1789646688411513856,Tokens In Flight,tokens,max,51747.38
22,1789646678411513856,1789646688411513856,Tokens In Flight,tokens,p50,41410.69
22,1789646678411513856,1789646688411513856,Tokens In Flight,tokens,p90,49656.84
22,1789646678411513856,1789646688411513856,Tokens In Flight,tokens,p95,50688.74
22,1789646678411513856,1789646688411513856,Tokens In Flight,tokens,p99,51513.29
22,1789646678411513856,1789646688411513856,Tokens In Flight,tokens,std,4681.12
22,1789646678411513856,1789646688411513856,Total Input Sequence Length,tokens,avg,35424.00
22,1789646678411513856,1789646688411513856,Total Output Sequence Length,tokens,avg,16384.00
22,1789646678411513856,1789646688411513856,Total Reasoning Tokens,tokens,avg,16384.00
22,1789646678411513856,1789646688411513856,Total Token Throughput,tokens/sec,avg,5180.80
22,1789646678411513856,1789646688411513856,Total Usage Completion Tokens,tokens,avg,16384.00
22,1789646678411513856,1789646688411513856,Total Usage Prompt Cache Read Tokens,tokens,avg,32768.00
22,1789646678411513856,1789646688411513856,Total Usage Prompt Tokens,tokens,avg,35424.00
22,1789646678411513856,1789646688411513856,Total Usage Reasoning Tokens,tokens,avg,16384.00
22,1789646678411513856,1789646688411513856,Total Usage Total Tokens,tokens,avg,51808.00
22,1789646678411513856,1789646688411513856,Usage Completion Tokens,tokens,avg,512.00
22,1789646678411513856,1789646688411513856,Usage Completion Tokens,tokens,min,512.00
22,1789646678411513856,1789646688411513856,Usage Completion Tokens,tokens,max,512.00
22,1789646678411513856,1789646688411513856,Usage Completion Tokens,tokens,sum,16384.00
22,1789646678411513856,1789646688411513856,Usage Completion Tokens,tokens,p1,512.00
22,1789646678411513856,1789646688411513856,Usage Completion Tokens,tokens,p5,512.00
22,1789646678411513856,1789646688411513856,Usage Completion Tokens,tokens,p10,512.00
22,1789646678411513856,1789646688411513856,Usage Completion Tokens,tokens,p25,512.00
22,1789646678411513856,1789646688411513856,Usage Completion Tokens,tokens,p50,512.00
22,1789646678411513856,1789646688411513856,Usage Completion Tokens,tokens,p75,512.00
22,1789646678411513856,1789646688411513856,Usage Completion Tokens,tokens,p90,512.00
22,1789646678411513856,1789646688411513856,Usage Completion Tokens,tokens,p95,512.00
22,1789646678411513856,1789646688411513856,Usage Completion Tokens,tokens,p99,512.00
22,1789646678411513856,1789646688411513856,Usage Completion Tokens,tokens,std,0.00
22,1789646678411513856,1789646688411513856,Usage Prompt Cache Read Tokens,tokens,avg,1024.00
22,1789646678411513856,1789646688411513856,Usage Prompt Cache Read Tokens,tokens,min,1024.00
22,1789646678411513856,1789646688411513856,Usage Prompt Cache Read Tokens,tokens,max,1024.00
22,1789646678411513856,1789646688411513856,Usage Prompt Cache Read Tokens,tokens,sum,32768.00
22,1789646678411513856,1789646688411513856,Usage Prompt Cache Read Tokens,tokens,p1,1024.00
22,1789646678411513856,1789646688411513856,Usage Prompt Cache Read Tokens,tokens,p5,1024.00
22,1789646678411513856,1789646688411513856,Usage Prompt Cache Read Tokens,tokens,p10,1024.00
22,1789646678411513856,1789646688411513856,Usage Prompt Cache Read Tokens,tokens,p25,1024.00
22,1789646678411513856,1789646688411513856,Usage Prompt Cache Read Tokens,tokens,p50,1024.00
22,1789646678411513856,1789646688411513856,Usage Prompt Cache Read Tokens,tokens,p75,1024.00
22,1789646678411513856,1789646688411513856,Usage Prompt Cache Read Tokens,tokens,p90,1024.00
22,1789646678411513856,1789646688411513856,Usage Prompt Cache Read Tokens,tokens,p95,1024.00
22,1789646678411513856,1789646688411513856,Usage Prompt Cache Read Tokens,tokens,p99,1024.00
22,1789646678411513856,1789646688411513856,Usage Prompt Cache Read Tokens,tokens,std,0.00
22,1789646678411513856,1789646688411513856,Usage Prompt Tokens,tokens,avg,1107.00
22,1789646678411513856,1789646688411513856,Usage Prompt Tokens,tokens,min,1107.00
22,1789646678411513856,1789646688411513856,Usage Prompt Tokens,tokens,max,1107.00
22,1789646678411513856,1789646688411513856,Usage Prompt Tokens,tokens,sum,35424.00
22,1789646678411513856,1789646688411513856,Usage Prompt Tokens,tokens,p1,1107.00
22,1789646678411513856,1789646688411513856,Usage Prompt Tokens,tokens,p5,1107.00
22,1789646678411513856,1789646688411513856,Usage Prompt Tokens,tokens,p10,1107.00
22,1789646678411513856,1789646688411513856,Usage Prompt Tokens,tokens,p25,1107.00
22,1789646678411513856,1789646688411513856,Usage Prompt Tokens,tokens,p50,1107.00
22,1789646678411513856,1789646688411513856,Usage Prompt Tokens,tokens,p75,1107.00
22,1789646678411513856,1789646688411513856,Usage Prompt Tokens,tokens,p90,1107.00
22,1789646678411513856,1789646688411513856,Usage Prompt Tokens,tokens,p95,1107.00
22,1789646678411513856,1789646688411513856,Usage Prompt Tokens,tokens,p99,1107.00
22,1789646678411513856,1789646688411513856,Usage Prompt Tokens,tokens,std,0.00
22,1789646678411513856,1789646688411513856,Usage Reasoning Tokens,tokens,avg,512.00
22,1789646678411513856,1789646688411513856,Usage Reasoning Tokens,tokens,min,512.00
22,1789646678411513856,1789646688411513856,Usage Reasoning Tokens,tokens,max,512.00
22,1789646678411513856,1789646688411513856,Usage Reasoning Tokens,tokens,sum,16384.00
22,1789646678411513856,1789646688411513856,Usage Reasoning Tokens,tokens,p1,512.00
22,1789646678411513856,1789646688411513856,Usage Reasoning Tokens,tokens,p5,512.00
22,1789646678411513856,1789646688411513856,Usage Reasoning Tokens,tokens,p10,512.00
22,1789646678411513856,1789646688411513856,Usage Reasoning Tokens,tokens,p25,512.00
22,1789646678411513856,1789646688411513856,Usage Reasoning Tokens,tokens,p50,512.00
22,1789646678411513856,1789646688411513856,Usage Reasoning Tokens,tokens,p75,512.00
22,1789646678411513856,1789646688411513856,Usage Reasoning Tokens,tokens,p90,512.00
22,1789646678411513856,1789646688411513856,Usage Reasoning Tokens,tokens,p95,512.00
22,1789646678411513856,1789646688411513856,Usage Reasoning Tokens,tokens,p99,512.00
22,1789646678411513856,1789646688411513856,Usage Reasoning Tokens,tokens,std,0.00
22,1789646678411513856,1789646688411513856,Usage Total Tokens,tokens,avg,1619.00
22,1789646678411513856,1789646688411513856,Usage Total Tokens,tokens,min,1619.00
22,1789646678411513856,1789646688411513856,Usage Total Tokens,tokens,max,1619.00
22,1789646678411513856,1789646688411513856,Usage Total Tokens,tokens,sum,51808.00
22,1789646678411513856,1789646688411513856,Usage Total Tokens,tokens,p1,1619.00
22,1789646678411513856,1789646688411513856,Usage Total Tokens,tokens,p5,1619.00
22,1789646678411513856,1789646688411513856,Usage Total Tokens,tokens,p10,1619.00
22,1789646678411513856,1789646688411513856,Usage Total Tokens,tokens,p25,1619.00
22,1789646678411513856,1789646688411513856,Usage Total Tokens,tokens,p50,1619.00
22,1789646678411513856,1789646688411513856,Usage Total Tokens,tokens,p75,1619.00
22,1789646678411513856,1789646688411513856,Usage Total Tokens,tokens,p90,1619.00
22,1789646678411513856,1789646688411513856,Usage Total Tokens,tokens,p95,1619.00
22,1789646678411513856,1789646688411513856,Usage Total Tokens,tokens,p99,1619.00
22,1789646678411513856,1789646688411513856,Usage Total Tokens,tokens,std,0.00
